bounding box: -71.0065 -36.4877 -39.4999 71.0065 36.4877 39.5
Material name: altar_rock.mat
Vertex Count: 68
65.5776 -36.4877 34.5 0 0 0 -1 0 -1 0 0 0 0 -1
-67.4224 -36.4877 34.5 1 0 0 -1 0 -1 0 0 0 0 -1
-67.4224 -36.4877 -35.5 1 1 0 -1 0 -1 0 0 0 0 -1
65.5776 -36.4877 -35.5 0 1 0 -1 0 -1 -0 -0 0 0 -1
-67.4987 1.788 -35.5 0 0.5992 -0 0 -1 1 0 0 0.00164709 -0.999999 -3.90614e-006
-67.5373 25.2261 -35.4999 0 0.3968 0 -0.5079 -0.8614 1 0 0 0.00164709 -0.999999 -3.90614e-006
65.4628 25.2261 -35.4999 1 0.3968 0 -0.5277 -0.8494 1 0 0 0.00164709 -0.999999 -3.90614e-006
-67.4987 1.788 -35.5 0 0.5992 -0 0 -1 1 0 0 0.00164058 -0.999999 -3.90614e-006
65.4628 25.2261 -35.4999 1 0.3968 0 -0.5277 -0.8494 1 0 0 0.00164058 -0.999999 -3.90614e-006
65.5013 1.788 -35.5 1 0.5992 0 0 -1 1 0 0 0.00164058 -0.999999 -3.90614e-006
-67.4224 -36.4877 -35.5 0 1 0 0 -1 1 0 0 0.00199327 -0.999998 0
-67.4987 1.788 -35.5 0 0.5992 -0 0 -1 1 0 0 0.00199327 -0.999998 0
65.5013 1.788 -35.5 1 0.5992 0 0 -1 1 0 0 0.00199327 -0.999998 0
65.5776 -36.4877 -35.5 1 1 0 0 -1 1 -0 -0 0.00199327 -0.999998 -0
65.4628 25.2261 -35.4999 0 0.3968 0.8155 -0.5787 0 0 0 1 0.00164058 -0.999999 -4.55717e-006
65.4628 25.2261 34.5001 1 0.3968 0.8076 -0.5897 0 0 0 1 0.00164058 -0.999999 -4.55717e-006
65.5013 1.788 34.5 1 0.5992 1 0.0016 0 0 0 1 0.00164058 -0.999999 -4.55717e-006
65.5013 1.788 -35.5 0 0.5992 1 0.0016 0 0 0 1 0.00164058 -0.999999 -3.90614e-006
65.4628 25.2261 -35.4999 0 0.3968 0.8155 -0.5787 0 0 0 1 0.00164058 -0.999999 -3.90614e-006
65.5013 1.788 34.5 1 0.5992 1 0.0016 0 0 0 1 0.00164058 -0.999999 -3.90614e-006
65.5776 -36.4877 -35.5 0 1 1 0.0017 0 0 0 1 0.00199327 -0.999998 0
65.5013 1.788 -35.5 0 0.5992 1 0.0016 0 0 0 1 0.00199327 -0.999998 0
65.5013 1.788 34.5 1 0.5992 1 0.0016 0 0 0 1 0.00199327 -0.999998 0
65.5776 -36.4877 34.5 1 1 1 0.0017 0 0 -0 1 0.00199327 -0.999998 0
65.5013 1.788 34.5 0 0.5992 0 -0 1 -1 0 0 0.00164058 -0.999999 -4.55717e-006
65.4628 25.2261 34.5001 0 0.3968 0 -0.5758 0.8176 -1 0 0 0.00164058 -0.999999 -4.55717e-006
-67.5373 25.2261 34.5001 1 0.3968 0 -0.554 0.8325 -1 0 0 0.00164058 -0.999999 -4.55717e-006
65.5013 1.788 34.5 0 0.5992 0 -0 1 -1 0 0 0.00164709 -0.999999 -4.55717e-006
-67.5373 25.2261 34.5001 1 0.3968 0 -0.554 0.8325 -1 0 0 0.00164709 -0.999999 -4.55717e-006
-67.4987 1.788 34.5 1 0.5992 0 -0 1 -1 0 0 0.00164709 -0.999999 -4.55717e-006
65.5776 -36.4877 34.5 0 1 0 0 1 -1 0 0 0.00199327 -0.999998 0
65.5013 1.788 34.5 0 0.5992 0 -0 1 -1 0 0 0.00199327 -0.999998 0
-67.4987 1.788 34.5 1 0.5992 0 -0 1 -1 0 0 0.00199327 -0.999998 0
-67.4224 -36.4877 34.5 1 1 0 0 1 -1 -0 -0 0.00199327 -0.999998 -0
-67.4987 1.788 34.5 0 0.5992 -1 -0.0016 0 0 0 -1 0.00164709 -0.999999 -4.55717e-006
-67.5373 25.2261 34.5001 0 0.3968 -0.8718 -0.4899 0 0 0 -1 0.00164709 -0.999999 -4.55717e-006
-67.5373 25.2261 -35.4999 1 0.3968 -0.8767 -0.4811 0 0 0 -1 0.00164709 -0.999999 -4.55717e-006
-67.4987 1.788 34.5 0 0.5992 -1 -0.0016 0 0 0 -1 0.00164709 -0.999999 -3.90614e-006
-67.5373 25.2261 -35.4999 1 0.3968 -0.8767 -0.4811 0 0 0 -1 0.00164709 -0.999999 -3.90614e-006
-67.4987 1.788 -35.5 1 0.5992 -1 -0.0016 0 0 0 -1 0.00164709 -0.999999 -3.90614e-006
-67.4224 -36.4877 34.5 0 1 -1 -0.0017 0 0 0 -1 0.00199327 -0.999998 -0
-67.4987 1.788 34.5 0 0.5992 -1 -0.0016 0 0 0 -1 0.00199327 -0.999998 -0
-67.4987 1.788 -35.5 1 0.5992 -1 -0.0016 0 0 0 -1 0.00199327 -0.999998 -0
-67.4224 -36.4877 -35.5 1 1 -1 -0.0017 0 0 -0 -1 0.00199327 -0.999998 -0
-67.5373 25.2261 -35.4999 0 0.3968 0 -0.5079 -0.8614 1 0 0 0.584752 -0.451103 0.674219
-71.0065 27.9024 -39.4999 0 0 0 -0.7888 -0.6147 1 0 0 0.584752 -0.451103 0.674219
71.0065 27.9024 -39.4999 1 0 0 -0.7888 -0.6147 1 0 0 0.584752 -0.451103 0.674219
71.0065 27.9024 -39.4999 1 0 0 -0.7888 -0.6147 1 0 0 -0.755135 -0.364552 0.54486
65.4628 25.2261 -35.4999 1 0.3968 0 -0.5277 -0.8494 1 0 0 -0.755135 -0.364552 0.54486
-67.5373 25.2261 -35.4999 0 0.3968 0 -0.5079 -0.8614 1 0 0 -0.755135 -0.364552 0.54486
65.4628 25.2261 -35.4999 0 0.3968 0.8155 -0.5787 0 0 0 1 -0.755135 -0.364552 0.54486
71.0065 27.9024 -39.4999 0 0 0.4901 -0.8717 0 0 0 1 -0.755135 -0.364552 0.54486
71.0065 27.9024 39.5 1 0 0.4901 -0.8717 0 0 0 1 -0.755135 -0.364552 0.54486
71.0065 27.9024 39.5 1 0 0.4901 -0.8717 0 0 0 1 -0.699028 -0.337466 -0.630457
65.4628 25.2261 34.5001 1 0.3968 0.8076 -0.5897 0 0 0 1 -0.699028 -0.337466 -0.630457
65.4628 25.2261 -35.4999 0 0.3968 0.8155 -0.5787 0 0 0 1 -0.699028 -0.337466 -0.630457
65.4628 25.2261 34.5001 0 0.3968 0 -0.5758 0.8176 -1 0 0 -0.699028 -0.337466 -0.630457
71.0065 27.9024 39.5 0 0 0 -0.8486 0.5291 -1 0 0 -0.699028 -0.337466 -0.630457
-71.0065 27.9024 39.5 1 0 0 -0.8486 0.5291 -1 0 0 -0.699028 -0.337466 -0.630457
-71.0065 27.9024 39.5 1 0 0 -0.8486 0.5291 -1 0 0 0.521836 -0.402568 -0.752081
-67.5373 25.2261 34.5001 1 0.3968 0 -0.554 0.8325 -1 0 0 0.521836 -0.402568 -0.752081
65.4628 25.2261 34.5001 0 0.3968 0 -0.5758 0.8176 -1 0 0 0.521836 -0.402568 -0.752081
-71.0065 27.9024 39.5 0 0 -0.6684 -0.7438 0 0 0 -1 0.584752 -0.451103 0.674219
-71.0065 27.9024 -39.4999 1 0 -0.6684 -0.7438 0 0 0 -1 0.584752 -0.451103 0.674219
-67.5373 25.2261 -35.4999 1 0.3968 -0.8767 -0.4811 0 0 0 -1 0.584752 -0.451103 0.674219
-67.5373 25.2261 -35.4999 1 0.3968 -0.8767 -0.4811 0 0 -0 -1 0.521836 -0.402568 -0.752081
-67.5373 25.2261 34.5001 0 0.3968 -0.8718 -0.4899 0 0 -0 -1 0.521836 -0.402568 -0.752081
-71.0065 27.9024 39.5 0 0 -0.6684 -0.7438 0 0 -0 -1 0.521836 -0.402568 -0.752081
Index count: 78
0
1
2
2
3
0
4
5
6
7
8
9
10
11
12
13
10
12
14
15
16
17
18
19
20
21
22
23
20
22
24
25
26
27
28
29
30
31
32
33
30
32
34
35
36
37
38
39
40
41
42
43
40
42
44
45
46
47
48
49
50
51
52
53
54
55
56
57
58
59
60
61
62
63
64
65
66
67
Material name: runes.mat
Vertex Count: 20
71.0065 36.4877 39.5 0.0485 0.256 0 1 0 -1 -0 -0 0 -0 -1
71.0065 36.4877 -39.4999 0.0485 0.744 0 1 0 -1 -0 -0 0 -0 -1
-71.0065 36.4877 -39.4999 0.9575 0.744 0 1 0 -1 -0 -0 0 -0 -1
-71.0065 36.4877 39.5 0.9575 0.256 0 1 0 -1 -0 -0 -0 -0 -1
71.0065 36.4877 -39.4999 0.9434 0.4419 0 0 -1 1 0 0 0 -1 0
71.0065 27.9024 -39.4999 0.9434 0.5581 0 0 -1 1 0 0 0 -1 0
-71.0065 27.9024 -39.4999 0.0529 0.5581 0 0 -1 1 0 0 0 -1 0
-71.0065 36.4877 -39.4999 0.0529 0.4419 0 0 -1 1 0 0 0 -1 0
71.0065 36.4877 39.5 0.9282 0.4419 1 0 0 0 0 1 0 -1 0
71.0065 27.9024 39.5 0.9282 0.5581 1 0 0 0 0 1 0 -1 0
71.0065 27.9024 -39.4999 0.0718 0.5581 1 0 0 0 0 1 0 -1 0
71.0065 36.4877 -39.4999 0.0718 0.4419 1 0 0 0 0 1 0 -1 0
-71.0065 36.4877 39.5 0.9471 0.4419 0 0 1 -1 0 0 0 -1 0
-71.0065 27.9024 39.5 0.9471 0.5581 0 0 1 -1 0 0 0 -1 0
71.0065 27.9024 39.5 0.0566 0.5581 0 0 1 -1 0 0 0 -1 0
71.0065 36.4877 39.5 0.0566 0.4419 0 0 1 -1 0 0 -0 -1 0
-71.0065 36.4877 -39.4999 0.9282 0.4419 -1 0 0 0 0 -1 0 -1 0
-71.0065 27.9024 -39.4999 0.9282 0.5581 -1 0 0 0 0 -1 0 -1 0
-71.0065 27.9024 39.5 0.0718 0.5581 -1 0 0 0 0 -1 0 -1 0
-71.0065 36.4877 39.5 0.0718 0.4419 -1 0 0 0 0 -1 0 -1 -0
Index count: 30
0
1
2
2
3
0
4
5
6
6
7
4
8
9
10
10
11
8
12
13
14
14
15
12
16
17
18
18
19
16
