bounding box: -300 -150 -5 300 150 5
Material name: batte1Relief.mat
Vertex Count: 4
-90.7205 84.8876 5 1 0 0 -0 -1 1 0 0 0 -1 0
-90.7205 -83.7633 5 1 1 0 -0 -1 1 0 0 0 -1 0
-236.404 -83.7633 5 -0 1 0 -0 -1 1 0 0 0 -1 0
-236.404 84.8876 5 0 0 0 -0 -1 1 0 0 0 -1 0
Index count: 6
0
1
2
2
3
0
Material name: battle2Relief.mat
Vertex Count: 4
79.9163 84.8876 5 1 0 0 -0 -1 1 0 0 0 -1 0
79.9163 -83.7633 5 1 1 0 -0 -1 1 0 0 0 -1 0
-90.7205 -83.7633 5 -0 1 0 -0 -1 1 0 0 0 -1 0
-90.7205 84.8876 5 0 0 0 -0 -1 1 0 0 0 -1 0
Index count: 6
0
1
2
2
3
0
Material name: battle3Relief.mat
Vertex Count: 4
235.16 84.8876 5 1 0 0 -0 -1 1 0 0 0 -1 0
235.16 -83.7633 5 1 1 0 -0 -1 1 0 0 0 -1 0
79.9163 -83.7633 5 0 1 0 -0 -1 1 0 0 0 -1 0
79.9163 84.8876 5 0 0 0 -0 -1 1 0 0 0 -1 0
Index count: 6
0
1
2
2
3
0
Material name: wallOldBrick.mat
Vertex Count: 48
-236.404 -83.7633 -5 1.3397 0.8693 -0 -0 -1 1 0 0 0 -1 0
-236.404 -150 -5 1.3397 1.2005 -0 -0 -1 1 0 0 0 -1 0
-300 -150 -5 1.0217 1.2005 -0 -0 -1 1 0 0 0 -1 0
-300 -83.7633 -5 1.0217 0.8693 0 -0 -1 1 0 0 0 -1 0
-90.7205 -83.7633 -5 2.0681 0.8693 0 -0 -1 1 0 0 0 -1 0
-90.7205 -150 -5 2.0681 1.2005 0 -0 -1 1 0 0 0 -1 0
79.9163 -83.7633 -5 2.9213 0.8693 0 -0 -1 1 0 0 0 -1 0
79.9163 -150 -5 2.9213 1.2005 0 -0 -1 1 0 0 0 -1 0
235.16 -83.7633 -5 3.6975 0.8693 -0 -0 -1 1 0 0 0 -1 0
235.16 -150 -5 3.6975 1.2005 0 -0 -1 1 0 0 0 -1 0
300 -83.7633 -5 4.0217 0.8693 0 -0 -1 1 0 0 0 -1 0
300 -150 -5 4.0217 1.2005 0 -0 -1 1 0 0 0 -1 0
-236.404 84.8876 -5 1.3397 0.0261 0 -0 -1 1 0 0 0 -1 0
-300 84.8876 -5 1.0217 0.0261 0 -0 -1 1 0 0 0 -1 0
300 84.8876 -5 4.0217 0.0261 -0 -0 -1 1 0 0 0 -1 0
235.16 84.8876 -5 3.6975 0.0261 -0 -0 -1 1 0 0 0 -1 0
-236.404 150 -5 1.3397 -0.2995 0 -0 -1 1 0 0 0 -1 0
-300 150 -5 1.0217 -0.2995 -0 -0 -1 1 0 0 0 -1 0
-90.7205 150 -5 2.0681 -0.2995 0 -0 -1 1 0 0 0 -1 0
-90.7205 84.8876 -5 2.0681 0.0261 0 -0 -1 1 0 0 0 -1 0
79.9163 150 -5 2.9213 -0.2995 0 -0 -1 1 0 0 0 -1 0
79.9163 84.8876 -5 2.9213 0.0261 0 -0 -1 1 0 0 0 -1 0
235.16 150 -5 3.6975 -0.2995 0 -0 -1 1 0 0 0 -1 0
300 150 -5 4.0217 -0.2995 -0 -0 -1 1 0 0 0 -1 0
-90.7205 -83.7633 5 -0.4363 0.52 0 1 -0 1 -0 -0 -0 -0 1
-90.7205 -83.7633 -5 -0.4363 0.48 0 1 -0 1 -0 -0 -0 -0 1
-236.404 -83.7633 -5 -1.1647 0.48 0 1 -0 1 -0 -0 -0 -0 1
-236.404 -83.7633 5 -1.1647 0.52 0 1 -0 1 -0 -0 -0 -0 1
79.9163 -83.7633 5 0.4169 0.52 0 1 -0 1 -0 -0 -0 -0 1
79.9163 -83.7633 -5 0.4169 0.48 0 1 -0 1 -0 -0 -0 -0 1
235.16 -83.7633 5 1.1931 0.52 0 1 -0 1 -0 -0 -0 -0 1
235.16 -83.7633 -5 1.1931 0.48 0 1 -0 1 -0 -0 -0 -0 1
235.16 84.8876 5 0.5129 0.029 -1 0 0 -0 -0 1 -0 -1 -0
235.16 84.8876 -5 0.4629 0.029 -1 0 0 -0 -0 1 -0 -1 -0
235.16 -83.7633 -5 0.4629 0.8723 -1 0 0 -0 -0 1 -0 -1 -0
235.16 -83.7633 5 0.5129 0.8723 -1 0 0 0 0 1 -0 -1 -0
79.9163 84.8876 5 0.4184 0.5188 0 -1 0 1 0 0 0 0 1
79.9163 84.8876 -5 0.4184 0.4812 0 -1 0 1 0 0 0 0 1
235.16 84.8876 -5 1.1861 0.4812 0 -1 0 1 0 0 0 0 1
235.16 84.8876 5 1.1861 0.5188 0 -1 0 1 0 0 0 0 1
-90.7205 84.8876 5 -0.4254 0.5188 0 -1 0 1 0 0 0 0 1
-90.7205 84.8876 -5 -0.4254 0.4812 0 -1 0 1 0 0 0 0 1
-236.404 84.8876 5 -1.1458 0.5188 0 -1 0 1 0 0 0 0 1
-236.404 84.8876 -5 -1.1458 0.4812 0 -1 0 1 0 0 0 0 1
-236.404 -83.7633 5 0.525 0.0347 1 0 0 -0 -0 1 0 -1 0
-236.404 -83.7633 -5 0.475 0.0347 1 0 0 -0 -0 1 0 -1 0
-236.404 84.8876 -5 0.475 -0.8086 1 0 0 -0 -0 1 0 -1 0
-236.404 84.8876 5 0.525 -0.8086 1 0 0 0 0 1 0 -1 0
Index count: 120
0
1
2
2
3
0
4
5
1
1
0
4
6
7
5
5
4
6
8
9
7
7
6
8
10
11
9
9
8
10
12
0
3
3
13
12
14
10
8
8
15
14
16
12
13
13
17
16
18
19
12
12
16
18
20
21
19
19
18
20
22
15
21
21
20
22
23
14
15
15
22
23
24
25
26
26
27
24
28
29
25
25
24
28
30
31
29
29
28
30
32
33
34
34
35
32
36
37
38
38
39
36
40
41
37
37
36
40
42
43
41
41
40
42
44
45
46
46
47
44
