bounding box: -400 -250 -33.5 400 250 33.5
Material name: FloarTile.mat
Vertex Count: 4
62.5862 -250 33.5 1.6259 0.33 0 1 -0 1 0 0 0 0 -1
62.5862 -250 -33.5 1.6259 1 0 1 -0 1 0 0 0 0 -1
-67.8005 -250 -33.5 0.322 1 0 1 -0 1 0 0 0 0 -1
-67.8005 -250 33.5 0.322 0.33 0 1 -0 1 0 0 0 0 -1
Index count: 6
0
1
2
2
3
0
Material name: wallOldBrick.mat
Vertex Count: 24
400 -250 -33.5 2.5235 1.703 -0 -0 -1 1 -0 -0 0 -1 0
62.5862 -250 -33.5 0.8365 1.703 0 -0 -1 1 -0 -0 0 -1 0
62.5862 -49 -33.5 0.8365 0.698 0 -0 -1 1 -0 -0 0 -1 0
400 -49 -33.5 2.5235 0.698 -0 -0 -1 1 -0 0 0 -1 0
400 250 -33.5 2.5235 -0.797 0 -0 -1 1 0 0 0 -1 0
62.5862 250 -33.5 0.8365 -0.797 0 -0 -1 1 0 0 0 -1 0
-67.8005 -49 -33.5 0.1845 0.698 -0 -0 -1 1 0 0 0 -1 0
-67.8005 -250 -33.5 0.1845 1.703 0 -0 -1 1 0 0 0 -1 0
-400 -250 -33.5 -1.4765 1.703 0 -0 -1 1 0 0 0 -1 0
-400 -49 -33.5 -1.4765 0.698 0 -0 -1 1 -0 0 0 -1 0
-400 250 -33.5 -1.4765 -0.797 -0 -0 -1 1 -0 -0 0 -1 0
-67.8005 250 -33.5 0.1845 -0.797 -0 -0 -1 1 0 0 0 -1 -0
62.5862 -49 33.5 0.845 1.025 -1 -0 0 0 -0 -1 -0 1 -0
62.5862 -49 -33.5 1.18 1.025 -1 -0 0 0 -0 -1 -0 1 -0
62.5862 -250 -33.5 1.18 0.02 -1 -0 0 0 -0 -1 -0 1 -0
62.5862 -250 33.5 0.845 0.02 -1 -0 0 -0 -0 -1 -0 1 -0
-67.8005 -49 33.5 0.834 0.365 0 -1 0 -1 0 0 0 0 -1
-67.8005 -49 -33.5 0.834 0.7 0 -1 0 -1 0 0 0 0 -1
62.5862 -49 -33.5 0.1821 0.7 0 -1 0 -1 0 0 0 0 -1
62.5862 -49 33.5 0.1821 0.365 0 -1 0 -1 0 0 -0 0 -1
-67.8005 -250 33.5 0.85 0.02 1 -0 0 0 0 -1 0 1 0
-67.8005 -250 -33.5 1.185 0.02 1 -0 0 0 0 -1 0 1 0
-67.8005 -49 -33.5 1.185 1.025 1 -0 0 0 0 -1 0 1 0
-67.8005 -49 33.5 0.85 1.025 1 -0 0 -0 0 -1 0 1 0
Index count: 48
0
1
2
3
0
2
4
3
2
5
4
2
6
7
8
6
8
9
6
9
10
6
10
11
6
11
5
6
5
2
12
13
14
14
15
12
16
17
18
18
19
16
20
21
22
22
23
20
