bounding box: -162.312 -140.263 -31.5074 162.312 140.263 31.5074
Material name: big_doorway_upper_balka.mat
Vertex Count: 148
110.261 70.4047 0.507401 -0.2243 0.4965 0 -1 -0 -0.964518 0 -0.264017 -0.113981 0 -0.993483
113.681 70.4047 7.4216 -0.2468 0.4512 0.0001 -1 -0 -0.964518 0 -0.264017 -0.113981 0 -0.993483
123.024 70.4047 26.4882 -0.3081 0.3261 0 -1 -0 -0.964518 0 -0.264017 -0.113981 0 -0.993483
61.2698 70.4047 -31.5074 0.097 0.7066 0 -1 0 -1 -0 -0 -0.000363938 0 -1
161.991 70.4047 -31.5074 -0.5637 0.7066 0 -1 0 -1 -0 -0 -0.000363938 0 -1
135.786 70.4047 -29.4926 -0.3918 0.6933 0 -1 0 -1 -0 -0 -0.000363938 0 -1
-59.2871 70.4047 -31.5074 0.8879 0.7066 0 -1 0 -1 -0 -0 -0.00436644 0 -0.99999
61.2698 70.4047 -31.5074 0.097 0.7066 0 -1 0 -1 -0 -0 -0.00436644 0 -0.99999
135.786 70.4047 -29.4926 -0.3918 0.6933 0 -1 0 -1 -0 -0 -0.00436644 0 -0.99999
-160.009 70.4047 -31.5074 1.5486 0.7066 0 -1 0 -1 -0 -0 0.00637308 0 -0.99998
-59.2871 70.4047 -31.5074 0.8879 0.7066 0 -1 0 -1 -0 -0 0.00637308 0 -0.99998
135.786 70.4047 -29.4926 -0.3918 0.6933 0 -1 0 -1 -0 -0 0.00637308 0 -0.99998
-160.009 70.4047 -31.5074 1.5486 0.7066 0 -1 0 -1 0 5.87993e-005 0.000842637 0 -1
135.786 70.4047 -29.4926 -0.3918 0.6933 0 -1 0 -1 0 5.87993e-005 0.000842637 0 -1
123.024 70.4047 -25.4733 -0.3081 0.667 -0 -1 0 -1 0 5.87993e-005 0.000842637 0 -1
-157.892 70.4047 -14.4926 1.5347 0.5949 0 -1 0 -0.999997 0 0.00255491 0 0 -1
-160.009 70.4047 -5.2076 1.5486 0.534 0 -1 0 -0.999997 0 0.00255491 0 0 -1
-160.009 70.4047 -31.5074 1.5486 0.7066 0 -1 0 -0.999997 0 0.00255491 0 0 -1
-148.549 70.4047 -25.4733 1.4734 0.667 0 -1 0 -1 0 -0.000186226 8.24049e-005 0 -1
-157.892 70.4047 -14.4926 1.5347 0.5949 0 -1 0 -1 0 -0.000186226 8.24049e-005 0 -1
-160.009 70.4047 -31.5074 1.5486 0.7066 0 -1 0 -1 0 -0.000186226 8.24049e-005 0 -1
-135.786 70.4047 -29.4926 1.3897 0.6933 0 -1 0 -1 0 0.000579336 0.000688996 0 -1
-148.549 70.4047 -25.4733 1.4734 0.667 0 -1 0 -1 0 0.000579336 0.000688996 0 -1
-160.009 70.4047 -31.5074 1.5486 0.7066 0 -1 0 -1 0 0.000579336 0.000688996 0 -1
-135.786 70.4047 -29.4926 1.3897 0.6933 0 -1 0 -1 -0 -0.000166627 -0.000133004 0 -1
-160.009 70.4047 -31.5074 1.5486 0.7066 0 -1 0 -1 -0 -0.000166627 -0.000133004 0 -1
123.024 70.4047 -25.4733 -0.3081 0.667 -0 -1 0 -1 -0 -0.000166627 -0.000133004 0 -1
-135.786 70.4047 -29.4926 1.3897 0.6933 0 -1 0 -1 0 -4.08297e-005 -7.50829e-005 0 -1
123.024 70.4047 -25.4733 -0.3081 0.667 -0 -1 0 -1 0 -4.08297e-005 -7.50829e-005 0 -1
113.681 70.4047 -6.4665 -0.2468 0.5423 0 -1 -0 -1 0 -4.08297e-005 -7.50829e-005 0 -1
-135.786 70.4047 -29.4926 1.3897 0.6933 0 -1 0 -1 0 -0.000128613 -0.00139915 0 -0.999999
113.681 70.4047 -6.4665 -0.2468 0.5423 0 -1 -0 -1 0 -0.000128613 -0.00139915 0 -0.999999
110.261 70.4047 0.507401 -0.2243 0.4965 0 -1 -0 -1 0 -0.000128613 -0.00139915 0 -0.999999
-135.786 70.4047 -29.4926 1.3897 0.6933 0 -1 0 -1 0 2.5938e-005 0.000500897 0 -1
110.261 70.4047 0.507401 -0.2243 0.4965 0 -1 -0 -1 0 2.5938e-005 0.000500897 0 -1
123.024 70.4047 26.4882 -0.3081 0.3261 0 -1 -0 -1 0 2.5938e-005 0.000500897 0 -1
-123.023 70.4047 26.4882 1.306 0.3261 -0 -1 -0 -0.998942 0 0.045981 0.0478264 0 -0.998856
-113.681 70.4047 7.341 1.2447 0.4517 -0 -1 -0 -0.998942 0 0.045981 0.0478264 0 -0.998856
-110.261 70.4047 0.507401 1.2222 0.4965 -0 -1 -0 -0.998942 0 0.045981 0.0478264 0 -0.998856
-160.009 70.4047 31.4678 1.5486 0.2934 0 -1 0 -0.999991 0 0.00414469 0 0 -1
-160.009 70.4047 6.2225 1.5486 0.4591 0 -1 0 -0.999991 0 0.00414469 0 0 -1
-157.892 70.4047 15.5074 1.5347 0.3981 0 -1 0 -0.999991 0 0.00414469 0 0 -1
-160.009 70.4047 31.4678 1.5486 0.2934 0 -1 0 -1 0 -0.000479311 -8.71009e-005 0 -1
-157.892 70.4047 15.5074 1.5347 0.3981 0 -1 0 -1 0 -0.000479311 -8.71009e-005 0 -1
-148.549 70.4047 26.4882 1.4734 0.3261 0 -1 0 -1 0 -0.000479311 -8.71009e-005 0 -1
-160.009 70.4047 31.4678 1.5486 0.2934 0 -1 0 -1 0 4.6527e-005 -0.000773578 0 -1
-148.549 70.4047 26.4882 1.4734 0.3261 0 -1 0 -1 0 4.6527e-005 -0.000773578 0 -1
-135.786 70.4047 30.5074 1.3897 0.2997 0 -1 0 -1 0 4.6527e-005 -0.000773578 0 -1
161.991 70.4047 31.4678 -0.5637 0.2934 0 -1 0 -1 0 0 -9.02597e-005 0 -1
-160.009 70.4047 31.4678 1.5486 0.2934 0 -1 0 -1 0 0 -9.02597e-005 0 -1
-135.786 70.4047 30.5074 1.3897 0.2997 0 -1 0 -1 0 0 -9.02597e-005 0 -1
161.991 70.4047 31.4678 -0.5637 0.2934 0 -1 0 -1 0 -4.21748e-006 0.000831092 0 -1
-135.786 70.4047 30.5074 1.3897 0.2997 0 -1 0 -1 0 -4.21748e-006 0.000831092 0 -1
-123.023 70.4047 26.4882 1.306 0.3261 -0 -1 -0 -1 0 -4.21748e-006 0.000831092 0 -1
148.549 70.4047 -25.4734 -0.4755 0.667 0 -1 0 -1 0 -0.000542626 -0.00065517 0 -1
135.786 70.4047 -29.4926 -0.3918 0.6933 0 -1 0 -1 0 -0.000542626 -0.00065517 0 -1
161.991 70.4047 -31.5074 -0.5637 0.7066 0 -1 0 -1 0 -0.000542626 -0.00065517 0 -1
157.892 70.4047 -14.4926 -0.5368 0.5949 0 -1 0 -1 0 0.000157829 -3.79657e-005 0 -1
148.549 70.4047 -25.4734 -0.4755 0.667 0 -1 0 -1 0 0.000157829 -3.79657e-005 0 -1
161.991 70.4047 -31.5074 -0.5637 0.7066 0 -1 0 -1 0 0.000157829 -3.79657e-005 0 -1
161.312 70.4047 0.507401 -0.5592 0.4965 0 -1 0 -0.999999 0 -0.00158352 -0.000215582 0 -1
157.892 70.4047 -14.4926 -0.5368 0.5949 0 -1 0 -0.999999 0 -0.00158352 -0.000215582 0 -1
161.991 70.4047 -31.5074 -0.5637 0.7066 0 -1 0 -0.999999 0 -0.00158352 -0.000215582 0 -1
161.312 70.4047 0.507401 -0.5592 0.4965 0 -1 0 -0.999958 -0 -0.00916453 0 0 -1
161.991 70.4047 -31.5074 -0.5637 0.7066 0 -1 0 -0.999958 -0 -0.00916453 0 0 -1
161.991 70.4047 31.4678 -0.5637 0.2934 0 -1 0 -0.999958 -0 -0.00916453 0 0 -1
157.892 70.4047 15.5074 -0.5368 0.3981 0 -1 0 -1 -0 -3.75761e-006 0.00022227 0 -1
161.312 70.4047 0.507401 -0.5592 0.4965 0 -1 0 -1 -0 -3.75761e-006 0.00022227 0 -1
161.991 70.4047 31.4678 -0.5637 0.2934 0 -1 0 -1 -0 -3.75761e-006 0.00022227 0 -1
148.549 70.4047 26.4882 -0.4755 0.3261 0 -1 0 -1 -0 0.000425567 3.99156e-005 0 -1
157.892 70.4047 15.5074 -0.5368 0.3981 0 -1 0 -1 -0 0.000425567 3.99156e-005 0 -1
161.991 70.4047 31.4678 -0.5637 0.2934 0 -1 0 -1 -0 0.000425567 3.99156e-005 0 -1
135.786 70.4047 30.5074 -0.3918 0.2997 -0 -1 -0 -1 -0 -4.33741e-005 0.000730137 0 -1
148.549 70.4047 26.4882 -0.4755 0.3261 0 -1 0 -1 -0 -4.33741e-005 0.000730137 0 -1
161.991 70.4047 31.4678 -0.5637 0.2934 0 -1 0 -1 -0 -4.33741e-005 0.000730137 0 -1
135.786 70.4047 30.5074 -0.3918 0.2997 -0 -1 -0 -1 0 3.56813e-005 -0.00122601 -0 -0.999999
161.991 70.4047 31.4678 -0.5637 0.2934 0 -1 0 -1 0 3.56813e-005 -0.00122601 -0 -0.999999
-123.023 70.4047 26.4882 1.306 0.3261 -0 -1 -0 -1 0 3.56813e-005 -0.00122601 -0 -0.999999
135.786 70.4047 30.5074 -0.3918 0.2997 -0 -1 -0 -1 0 2.30086e-005 -0.000443547 0 -1
-123.023 70.4047 26.4882 1.306 0.3261 -0 -1 -0 -1 0 2.30086e-005 -0.000443547 0 -1
-110.261 70.4047 0.507401 1.2222 0.4965 -0 -1 -0 -1 0 2.30086e-005 -0.000443547 0 -1
135.786 70.4047 30.5074 -0.3918 0.2997 -0 -1 -0 -1 0 -0.000144951 0.0015344 0 -0.999999
-110.261 70.4047 0.507401 1.2222 0.4965 -0 -1 -0 -1 0 -0.000144951 0.0015344 0 -0.999999
-113.681 70.4047 -6.4665 1.2447 0.5423 -0 -1 -0 -1 0 -0.000144951 0.0015344 0 -0.999999
135.786 70.4047 30.5074 -0.3918 0.2997 -0 -1 -0 -1 0 1.39867e-005 0.000100533 0 -1
-113.681 70.4047 -6.4665 1.2447 0.5423 -0 -1 -0 -1 0 1.39867e-005 0.000100533 0 -1
-123.023 70.4047 -25.4733 1.306 0.667 -0 -1 0 -1 0 1.39867e-005 0.000100533 0 -1
135.786 70.4047 30.5074 -0.3918 0.2997 -0 -1 -0 -0.999998 0 0.00188577 -0.00284 0 -0.999996
-123.023 70.4047 -25.4733 1.306 0.667 -0 -1 0 -0.999998 0 0.00188577 -0.00284 0 -0.999996
-135.786 70.4047 -29.4926 1.3897 0.6933 0 -1 0 -0.999998 0 0.00188577 -0.00284 0 -0.999996
135.786 70.4047 30.5074 -0.3918 0.2997 -0 -1 -0 -1 0 -0.00095284 -0.00286431 0 -0.999996
-135.786 70.4047 -29.4926 1.3897 0.6933 0 -1 0 -1 0 -0.00095284 -0.00286431 0 -0.999996
123.024 70.4047 26.4882 -0.3081 0.3261 0 -1 -0 -1 0 -0.00095284 -0.00286431 0 -0.999996
-160.009 70.4047 -31.5074 0.7066 0.7285 -1 0 0 -0 -0 -1 0 -1 0
-160.009 70.4047 -5.2076 0.534 0.7285 -1 0 0 -0 -0 -1 0 -1 0
-160.009 114.916 -5.2076 0.534 0.4365 -1 0 0 -0 -0 -1 0 -1 0
-160.009 140.263 -31.5074 0.7066 0.2702 -1 0 0 0 -9.2019e-005 -1 0 -1 0
-160.009 70.4047 -31.5074 0.7066 0.7285 -1 0 0 0 -9.2019e-005 -1 0 -1 0
-160.009 114.916 -5.2076 0.534 0.4365 -1 0 0 0 -9.2019e-005 -1 0 -1 0
-160.009 70.4047 6.2225 0.4591 0.7285 -1 0 0 -0 -0 -1 0 -1 0
-160.009 70.4047 31.4678 0.2934 0.7285 -1 0 0 -0 -0 -1 0 -1 0
-160.009 140.263 31.4678 0.2934 0.2702 -1 0 0 -0 -0 -1 0 -1 0
-160.009 114.916 6.2225 0.4591 0.4365 -1 0 0 -0 0.000150329 -1 0 -1 0
-160.009 70.4047 6.2225 0.4591 0.7285 -1 0 0 -0 0.000150329 -1 0 -1 0
-160.009 140.263 31.4678 0.2934 0.2702 -1 0 0 -0 0.000150329 -1 0 -1 0
-160.009 114.916 6.2225 0.4591 0.4365 -1 0 0 0 0 -1 -0 -1 0.000346934
-160.009 140.263 31.4678 0.2934 0.2702 -1 0 0 0 0 -1 -0 -1 0.000346934
-160.009 140.263 -31.5074 0.7066 0.2702 -1 0 0 0 0 -1 -0 -1 0.000346934
-160.009 114.916 6.2225 0.4591 0.4365 -1 0 0 0 0 -1 0 -0.999999 -0.00157045
-160.009 140.263 -31.5074 0.7066 0.2702 -1 0 0 0 0 -1 0 -0.999999 -0.00157045
-160.009 114.916 -5.2076 0.534 0.4365 -1 0 0 0 0 -1 0 -0.999999 -0.00157045
-160.009 70.4047 31.4678 1.5486 0.7285 0 0 1 -1 -0 -0 0 -1 0
161.991 70.4047 31.4678 -0.5637 0.7285 0 0 1 -1 -0 -0 0 -1 0
161.991 140.263 31.4678 -0.5637 0.2702 0 0 1 -1 -0 -0 0 -1 0
-160.009 140.263 31.4678 1.5486 0.2702 0 0 1 -1 0 0 0 -1 0
161.991 70.4047 31.4678 0.7066 0.7285 1 0 0 -0 -0 1 0 -1 0
161.991 70.4047 -31.5074 0.2934 0.7285 1 0 0 -0 -0 1 0 -1 0
161.991 140.263 -31.5074 0.2934 0.2702 1 0 0 -0 -0 1 0 -1 0
161.991 140.263 31.4678 0.7066 0.2702 1 0 0 0 0 1 0 -1 0
-160.009 140.263 31.4678 -0.5486 0.2934 0 1 0 1 0 0 0 0 -1
161.991 140.263 31.4678 1.5637 0.2934 0 1 0 1 0 0 0 0 -1
161.991 140.263 -31.5074 1.5637 0.7066 0 1 0 1 0 0 0 0 -1
-59.2871 140.263 -31.5074 0.1121 0.7066 0 1 0 1 -0 -0 0 0 -1
-160.009 140.263 -31.5074 -0.5486 0.7066 0 1 0 1 -0 -0 0 0 -1
61.2698 140.263 -31.5074 0.903 0.7066 0 1 0 1 -0 -0 0.000177381 0 -1
-59.2871 140.263 -31.5074 0.1121 0.7066 0 1 0 1 -0 -0 0.000177381 0 -1
-160.009 140.263 31.4678 -0.5486 0.2934 0 1 0 1 -0 -0 0.000177381 0 -1
61.2698 140.263 -31.5074 0.903 0.7066 0 1 0 1 0 0 -0.000204269 -0 -1
-160.009 140.263 31.4678 -0.5486 0.2934 0 1 0 1 0 0 -0.000204269 -0 -1
161.991 140.263 -31.5074 1.5637 0.7066 0 1 0 1 0 0 -0.000204269 -0 -1
-160.009 70.4047 -31.5074 -0.5486 0.7285 0 0 -1 1 0 0 0 -1 0
-160.009 140.263 -31.5074 -0.5486 0.2702 0 0 -1 1 0 0 0 -1 0
-59.2871 140.263 -31.5074 0.1121 0.2702 0 0 -1 1 0 0 0 -1 0
-160.009 70.4047 -31.5074 -0.5486 0.7285 0 0 -1 1 0 0 -0.000160181 -1 0
-59.2871 140.263 -31.5074 0.1121 0.2702 0 0 -1 1 0 0 -0.000160181 -1 0
61.2698 140.263 -31.5074 0.903 0.2702 0 0 -1 1 0 0 -0.000160181 -1 0
-160.009 70.4047 -31.5074 -0.5486 0.7285 0 0 -1 1 0 0 0.000184473 -1 0
61.2698 140.263 -31.5074 0.903 0.2702 0 0 -1 1 0 0 0.000184473 -1 0
161.991 140.263 -31.5074 1.5637 0.2702 0 0 -1 1 0 0 0.000184473 -1 0
-59.2871 70.4047 -31.5074 0.1121 0.7285 0 0 -1 1 -0 -0 0.000194722 -1 -0
-160.009 70.4047 -31.5074 -0.5486 0.7285 0 0 -1 1 -0 -0 0.000194722 -1 -0
161.991 140.263 -31.5074 1.5637 0.2702 0 0 -1 1 -0 -0 0.000194722 -1 -0
61.2698 70.4047 -31.5074 0.903 0.7285 0 0 -1 1 -0 -0 -0.00015659 -1 -0
-59.2871 70.4047 -31.5074 0.1121 0.7285 0 0 -1 1 -0 -0 -0.00015659 -1 -0
161.991 140.263 -31.5074 1.5637 0.2702 0 0 -1 1 -0 -0 -0.00015659 -1 -0
61.2698 70.4047 -31.5074 0.903 0.7285 0 0 -1 1 0 0 0 -1 0
161.991 140.263 -31.5074 1.5637 0.2702 0 0 -1 1 0 0 0 -1 0
161.991 70.4047 -31.5074 1.5637 0.7285 0 0 -1 1 0 0 0 -1 0
Index count: 153
0
1
2
3
4
5
6
7
8
9
10
11
12
13
14
15
16
17
18
19
20
21
22
23
24
25
26
27
28
29
30
31
32
33
34
35
36
37
38
39
40
41
42
43
44
45
46
47
48
49
50
51
52
53
54
55
56
57
58
59
60
61
62
63
64
65
66
67
68
69
70
71
72
73
74
75
76
77
78
79
80
81
82
83
84
85
86
87
88
89
90
91
92
93
94
95
96
97
98
99
100
101
102
103
104
105
106
107
108
109
110
111
112
113
113
114
111
115
116
117
117
118
115
119
120
121
122
123
119
124
125
126
127
128
129
130
131
132
133
134
135
136
137
138
139
140
141
142
143
144
145
146
147
Material name: doorway_column_brick.mat
Vertex Count: 525
-158.786 70.2056 -14.9406 0.3501 -0.3135 -0.8932 -0.0001 -0.4496 0.222505 0 -0.974932 0 -1 0
-158.786 -140.263 -14.9406 0.3501 1.7499 -0.8938 0 -0.4485 0.222505 0 -0.974932 0 -1 0
-162.312 -140.263 0.507401 0.25 1.7499 -1 -0 0 0.222505 0 -0.974932 0 -1 0
-160.984 70.2056 -5.4299 0.2895 -0.3135 -0.9754 -0.0001 -0.2206 0.225149 0 -0.974324 0.000497215 -0.999999 -0.00124445
-158.786 70.2056 -14.9406 0.3501 -0.3135 -0.8932 -0.0001 -0.4496 0.225149 0 -0.974324 0.000497215 -0.999999 -0.00124445
-162.312 -140.263 0.507401 0.25 1.7499 -1 -0 0 0.225149 0 -0.974324 0.000497215 -0.999999 -0.00124445
-160.984 114.717 -5.4299 0.2895 -0.7499 -0.9759 -0 -0.2183 0.218258 0.00119252 -0.97589 0 -1 0
-160.984 70.2056 -5.4299 0.2895 -0.3135 -0.9754 -0.0001 -0.2206 0.218258 0.00119252 -0.97589 0 -1 0
-162.312 -140.263 0.507401 0.25 1.7499 -1 -0 0 0.218258 0.00119252 -0.97589 0 -1 0
-162.312 114.717 0.507401 0.25 -0.7499 -1 -0 0 0.218259 0 -0.975891 0 -1 0
-160.984 114.717 -5.4299 0.2895 -0.7499 -0.9759 -0 -0.2183 0.218259 0 -0.975891 0 -1 0
-162.312 -140.263 0.507401 0.25 1.7499 -1 -0 0 0.218259 0 -0.975891 0 -1 0
-158.786 -140.263 -14.9406 0.3501 1.7499 -0.8938 0 -0.4485 0.648544 0 -0.761177 0 -1 -0
-158.786 70.2056 -14.9406 0.3501 -0.3135 -0.8932 -0.0001 -0.4496 0.648544 0 -0.761177 0 -1 -0
-149.102 70.2056 -26.3068 0.4352 -0.3135 -0.5521 0 -0.8338 0.648544 0 -0.761177 0 -1 -0
-149.102 -140.263 -26.3068 0.4352 1.7499 -0.5521 0 -0.8338 0.648544 0 -0.761177 0 -1 0
-149.102 -140.263 -26.3068 0.4352 1.7499 -0.5521 0 -0.8338 0.953974 0 -0.299889 0 -1 -0
-149.102 70.2056 -26.3068 0.4352 -0.3135 -0.5521 0 -0.8338 0.953974 0 -0.299889 0 -1 -0
-135.786 70.2056 -30.4926 0.509 -0.3135 0.0015 0 -1 0.953974 0 -0.299889 0 -1 -0
-135.786 -140.263 -30.4926 0.509 1.7499 0.0015 0 -1 0.953974 0 -0.299889 0 -1 0
-135.786 -140.263 -30.4926 0.509 1.7499 0.0015 0 -1 0.95308 0 0.302719 0 -1 0
-135.786 70.2056 -30.4926 0.509 -0.3135 0.0015 0 -1 0.95308 0 0.302719 0 -1 0
-122.372 70.2056 -26.232 0.5822 -0.3135 0.651 0 -0.7591 0.95308 0 0.302719 0 -1 0
-122.372 -140.263 -26.232 0.5822 1.7499 0.651 0 -0.7591 0.95308 0 0.302719 0 -1 0
-122.372 -140.263 -26.232 0.5822 1.7499 0.651 0 -0.7591 0.444494 0 0.895782 0 -1 0
-122.372 70.2056 -26.232 0.5822 -0.3135 0.651 0 -0.7591 0.444494 0 0.895782 0 -1 0
-112.783 70.2056 -6.9077 0.7037 -0.3135 0.8958 0 -0.4445 0.444494 0 0.895782 0 -1 0
-112.783 -140.263 -6.9077 0.7037 1.7499 0.8958 0 -0.4445 0.444494 0 0.895782 0 -1 0
-112.782 -140.263 7.7796 0.7955 1.7499 0.8971 0 0.4419 -0.441896 0 0.897067 -0 -1 0
-112.782 70.2056 7.7796 0.7955 -0.3135 0.8971 0 0.4419 -0.441896 0 0.897067 -0 -1 0
-122.371 70.2056 27.2459 0.9178 -0.3135 0.6521 0 0.7581 -0.441896 0 0.897067 -0 -1 0
-122.371 -140.263 27.2459 0.9178 1.7499 0.6521 0 0.7581 -0.441896 0 0.897067 0 -1 0
-122.371 -140.263 27.2459 0.9178 1.7499 0.6521 0 0.7581 -0.953068 0 0.302757 -0 -1 0
-122.371 70.2056 27.2459 0.9178 -0.3135 0.6521 0 0.7581 -0.953068 0 0.302757 -0 -1 0
-135.786 70.2056 31.5074 0.991 -0.3135 0.0015 0 1 -0.953068 0 0.302757 -0 -1 0
-135.786 -140.263 31.5074 0.991 1.7499 0.0015 0 1 -0.953068 0 0.302757 0 -1 0
-135.786 -140.263 31.5074 0.991 1.7499 0.0015 0 1 -0.953976 0 -0.299882 -0 -1 -0
-135.786 70.2056 31.5074 0.991 -0.3135 0.0015 0 1 -0.953976 0 -0.299882 -0 -1 -0
-149.102 70.2056 27.3217 1.0648 -0.3135 -0.5521 0 0.8338 -0.953976 0 -0.299882 -0 -1 -0
-149.102 -140.263 27.3217 1.0648 1.7499 -0.5521 0 0.8338 -0.953976 0 -0.299882 0 -1 0
-149.102 -140.263 27.3217 0.0648 1.7499 -0.5521 0 0.8338 -0.648544 0 -0.761177 -0 -1 -0
-149.102 70.2056 27.3217 0.0648 -0.3135 -0.5521 0 0.8338 -0.648544 0 -0.761177 -0 -1 -0
-158.786 70.2056 15.9555 0.1499 -0.3135 -0.8932 0 0.4497 -0.648544 0 -0.761177 -0 -1 -0
-158.786 -140.263 15.9555 0.1499 1.7499 -0.8938 -0 0.4485 -0.648544 0 -0.761177 0 -1 0
-160.984 70.2056 6.4447 0.2105 -0.3135 -0.9759 -0.0003 0.2182 -0.218259 0 -0.975891 -0 -1 -0
-160.984 114.717 6.4447 0.2105 -0.7499 -0.9759 0 0.2183 -0.218259 0 -0.975891 -0 -1 -0
-162.312 114.717 0.507401 0.25 -0.7499 -1 -0 0 -0.218259 0 -0.975891 -0 -1 -0
-158.786 -140.263 15.9555 0.1499 1.7499 -0.8938 -0 0.4485 -0.225147 0 -0.974325 -0 -1 -0
-158.786 70.2056 15.9555 0.1499 -0.3135 -0.8932 0 0.4497 -0.225147 0 -0.974325 -0 -1 -0
-160.984 70.2056 6.4447 0.2105 -0.3135 -0.9759 -0.0003 0.2182 -0.225147 0 -0.974325 -0 -1 -0
-158.786 -140.263 15.9555 0.1499 1.7499 -0.8938 -0 0.4485 -0.214717 -0.000382668 -0.976676 0.00112919 -0.999995 0.00282689
-160.984 70.2056 6.4447 0.2105 -0.3135 -0.9759 -0.0003 0.2182 -0.214717 -0.000382668 -0.976676 0.00112919 -0.999995 0.00282689
-162.312 114.717 0.507401 0.25 -0.7499 -1 -0 0 -0.214717 -0.000382668 -0.976676 0.00112919 -0.999995 0.00282689
-162.312 -140.263 0.507401 0.25 1.7499 -1 -0 0 -0.222503 -0 -0.974932 -0 -1 -0
-158.786 -140.263 15.9555 0.1499 1.7499 -0.8938 -0 0.4485 -0.222503 -0 -0.974932 -0 -1 -0
-162.312 114.717 0.507401 0.25 -0.7499 -1 -0 0 -0.222503 -0 -0.974932 -0 -1 -0
162.312 -140.263 0.507401 0.75 1.5317 1 0 -0 -0.222503 0 0.974932 -0 -1 0
162.312 70.2056 0.507401 0.75 -0.5317 1 0 -0 -0.222503 0 0.974932 -0 -1 0
158.786 70.2056 15.9555 0.8501 -0.5317 0.8938 0 0.4485 -0.222503 0 0.974932 -0 -1 0
158.786 -140.263 15.9555 0.8501 1.5317 0.8938 0 0.4485 -0.222503 0 0.974932 0 -1 0
158.786 -140.263 -14.9406 0.6499 1.5317 0.8938 0 -0.4485 0.222519 0 0.974928 0 -1 0
158.786 70.2056 -14.9406 0.6499 -0.5317 0.8938 0 -0.4485 0.222519 0 0.974928 0 -1 0
162.312 70.2056 0.507401 0.75 -0.5317 1 0 -0 0.222519 0 0.974928 0 -1 0
162.312 -140.263 0.507401 0.75 1.5317 1 0 -0 0.222519 0 0.974928 0 -1 0
158.786 -140.263 15.9555 0.8501 1.5317 0.8938 0 0.4485 -0.648557 0 0.761166 -0 -1 0
158.786 70.2056 15.9555 0.8501 -0.5317 0.8938 0 0.4485 -0.648557 0 0.761166 -0 -1 0
149.102 70.2056 27.3216 0.9352 -0.5317 0.5521 0 0.8338 -0.648557 0 0.761166 -0 -1 0
149.102 -140.263 27.3216 0.9352 1.5317 0.5521 0 0.8338 -0.648557 0 0.761166 0 -1 0
149.102 -140.263 -26.3068 0.5648 1.5317 0.5521 0 -0.8338 0.648544 0 0.761177 0 -1 0
149.102 70.2056 -26.3068 0.5648 -0.5317 0.5521 0 -0.8338 0.648544 0 0.761177 0 -1 0
158.786 70.2056 -14.9406 0.6499 -0.5317 0.8938 0 -0.4485 0.648544 0 0.761177 0 -1 0
158.786 -140.263 -14.9406 0.6499 1.5317 0.8938 0 -0.4485 0.648544 0 0.761177 0 -1 0
135.786 -140.263 -30.4926 0.491 1.5317 -0.0015 0 -1 0.953973 0 0.299894 0 -1 0
135.786 70.2056 -30.4926 0.491 -0.5317 -0.0015 0 -1 0.953973 0 0.299894 0 -1 0
149.102 70.2056 -26.3068 0.5648 -0.5317 0.5521 0 -0.8338 0.953973 0 0.299894 0 -1 0
149.102 -140.263 -26.3068 0.5648 1.5317 0.5521 0 -0.8338 0.953973 0 0.299894 0 -1 0
122.372 -140.263 -26.232 0.4178 1.5317 -0.651 0 -0.7591 0.95308 0 -0.302719 0 -1 -0
122.372 70.2056 -26.232 0.4178 -0.5317 -0.651 0 -0.7591 0.95308 0 -0.302719 0 -1 -0
135.786 70.2056 -30.4926 0.491 -0.5317 -0.0015 0 -1 0.95308 0 -0.302719 0 -1 -0
135.786 -140.263 -30.4926 0.491 1.5317 -0.0015 0 -1 0.95308 0 -0.302719 0 -1 0
112.783 -140.263 -6.9077 0.2963 1.5317 -0.8958 0 -0.4445 0.444503 0 -0.895777 0 -1 -0
112.783 70.2056 -6.9077 0.2963 -0.5317 -0.8958 0 -0.4445 0.444503 0 -0.895777 0 -1 -0
122.372 70.2056 -26.232 0.4178 -0.5317 -0.651 0 -0.7591 0.444503 0 -0.895777 0 -1 -0
122.372 -140.263 -26.232 0.4178 1.5317 -0.651 0 -0.7591 0.444503 0 -0.895777 0 -1 0
122.372 -140.263 27.2465 0.0822 1.5317 -0.6514 0 0.7587 -0.443387 0 -0.89633 -0 -1 -0
122.372 70.2056 27.2465 0.0822 -0.5317 -0.6514 0 0.7587 -0.443387 0 -0.89633 -0 -1 -0
112.783 70.2056 7.8616 0.2041 -0.5317 -0.8963 0 0.4434 -0.443387 0 -0.89633 -0 -1 -0
112.783 -140.263 7.8616 0.2041 1.5317 -0.8963 0 0.4434 -0.443387 0 -0.89633 0 -1 0
135.786 -140.263 31.5074 0.009 1.5317 -0.0015 0 1 -0.953077 0 -0.302728 -0 -1 -0
135.786 70.2056 31.5074 0.009 -0.5317 -0.0015 0 1 -0.953077 0 -0.302728 -0 -1 -0
122.372 70.2056 27.2465 0.0822 -0.5317 -0.6514 0 0.7587 -0.953077 0 -0.302728 -0 -1 -0
122.372 -140.263 27.2465 0.0822 1.5317 -0.6514 0 0.7587 -0.953077 0 -0.302728 0 -1 0
149.102 -140.263 27.3216 0.9352 1.5317 0.5521 0 0.8338 -0.953973 0 0.299894 -0 -1 0
149.102 70.2056 27.3216 0.9352 -0.5317 0.5521 0 0.8338 -0.953973 0 0.299894 -0 -1 0
135.786 70.2056 31.5074 1.009 -0.5317 -0.0015 0 1 -0.953973 0 0.299894 -0 -1 0
135.786 -140.263 31.5074 1.009 1.5317 -0.0015 0 1 -0.953973 0 0.299894 0 -1 0
-161.312 -140.263 0.507401 0.25 1.7499 1 -0 -0 0.222275 0 -0.974984 -0 -1 -0
-157.892 -140.263 -14.4926 0.3511 1.7499 0.894 0 0.448 0.222275 0 -0.974984 -0 -1 -0
-157.892 70.2056 -14.4926 0.3511 -0.3135 0.894 -0 0.448 0.222275 0 -0.974984 -0 -1 -0
-160.009 114.717 -5.2076 0.2897 -0.7499 0.975 0 0.2223 0.222249 -0 -0.97499 -0 -1 -0
-161.312 114.717 0.507401 0.25 -0.7499 1 -0 0 0.222249 -0 -0.97499 -0 -1 -0
-161.312 -140.263 0.507401 0.25 1.7499 1 -0 -0 0.222249 -0 -0.97499 -0 -1 -0
-160.009 70.2056 -5.2076 0.2897 -0.3135 0.975 -0 0.2223 0.222249 0.00123776 -0.974989 -0 -1 -0
-160.009 114.717 -5.2076 0.2897 -0.7499 0.975 0 0.2223 0.222249 0.00123776 -0.974989 -0 -1 -0
-161.312 -140.263 0.507401 0.25 1.7499 1 -0 -0 0.222249 0.00123776 -0.974989 -0 -1 -0
-160.009 70.2056 -5.2076 0.2897 -0.3135 0.975 -0 0.2223 0.222292 0 -0.97498 0.000313769 -0.999999 -0.00137072
-161.312 -140.263 0.507401 0.25 1.7499 1 -0 -0 0.222292 0 -0.97498 0.000313769 -0.999999 -0.00137072
-157.892 70.2056 -14.4926 0.3511 -0.3135 0.894 -0 0.448 0.222292 0 -0.97498 0.000313769 -0.999999 -0.00137072
-148.549 70.2056 -25.4733 0.4362 -0.3135 0.5526 0 0.8335 0.648028 -0 -0.761617 -0 -1 -0
-157.892 70.2056 -14.4926 0.3511 -0.3135 0.894 -0 0.448 0.648028 -0 -0.761617 -0 -1 -0
-157.892 -140.263 -14.4926 0.3511 1.7499 0.894 0 0.448 0.648028 -0 -0.761617 -0 -1 -0
-148.549 -140.263 -25.4733 0.4362 1.7499 0.5526 0 0.8335 0.648028 0 -0.761617 -0 -1 -0
-135.786 70.2056 -29.4926 0.5093 -0.3135 0 0 1 0.953819 -0 -0.300382 -0 -1 -0
-148.549 70.2056 -25.4733 0.4362 -0.3135 0.5526 0 0.8335 0.953819 -0 -0.300382 -0 -1 -0
-148.549 -140.263 -25.4733 0.4362 1.7499 0.5526 0 0.8335 0.953819 -0 -0.300382 -0 -1 -0
-135.786 -140.263 -29.4926 0.5093 1.7499 0 0 1 0.953819 0 -0.300382 -0 -1 -0
-123.023 70.2056 -25.4733 0.5811 -0.3135 -0.6515 0 0.7587 0.953819 -0 0.300382 -0 -1 -0
-135.786 70.2056 -29.4926 0.5093 -0.3135 0 0 1 0.953819 -0 0.300382 -0 -1 -0
-135.786 -140.263 -29.4926 0.5093 1.7499 0 0 1 0.953819 -0 0.300382 -0 -1 -0
-123.023 -140.263 -25.4733 0.5811 1.7499 -0.6515 0 0.7587 0.953819 0 0.300382 -0 -1 -0
-113.681 70.2056 -6.4665 0.7048 -0.3135 -0.8974 0 0.4411 0.441136 -0 0.89744 -0 -1 -0
-123.023 70.2056 -25.4733 0.5811 -0.3135 -0.6515 0 0.7587 0.441136 -0 0.89744 -0 -1 -0
-123.023 -140.263 -25.4733 0.5811 1.7499 -0.6515 0 0.7587 0.441136 -0 0.89744 -0 -1 -0
-113.681 -140.263 -6.4665 0.7048 1.7499 -0.8974 0 0.4411 0.441136 0 0.89744 -0 -1 -0
-123.023 70.2056 26.4882 0.9189 -0.3135 -0.6526 0 -0.7577 -0.438525 -0 0.898719 -0 -1 -0
-113.681 70.2056 7.341 0.7944 -0.3135 -0.8987 0 -0.4385 -0.438525 -0 0.898719 -0 -1 -0
-113.681 -140.263 7.341 0.7944 1.7499 -0.8987 0 -0.4385 -0.438525 -0 0.898719 -0 -1 -0
-123.023 -140.263 26.4882 0.9189 1.7499 -0.6526 0 -0.7577 -0.438525 0 0.898719 -0 -1 -0
-135.786 70.2056 30.5074 0.9907 -0.3135 0 0 -1 -0.953821 -0 0.300375 -0 -1 -0
-123.023 70.2056 26.4882 0.9189 -0.3135 -0.6526 0 -0.7577 -0.953821 -0 0.300375 -0 -1 -0
-123.023 -140.263 26.4882 0.9189 1.7499 -0.6526 0 -0.7577 -0.953821 -0 0.300375 -0 -1 -0
-135.786 -140.263 30.5074 0.9907 1.7499 0 0 -1 -0.953821 0 0.300375 -0 -1 -0
-148.549 70.2056 26.4882 0.0638 -0.3135 0.5526 0 -0.8335 -0.953821 -0 -0.300375 -0 -1 -0
-135.786 70.2056 30.5074 -0.0093 -0.3135 0 0 -1 -0.953821 -0 -0.300375 -0 -1 -0
-135.786 -140.263 30.5074 -0.0093 1.7499 0 0 -1 -0.953821 -0 -0.300375 -0 -1 -0
-148.549 -140.263 26.4882 0.0638 1.7499 0.5526 0 -0.8335 -0.953821 0 -0.300375 -0 -1 -0
-157.892 70.2056 15.5074 0.1489 -0.3135 0.894 0 -0.448 -0.648024 -0 -0.76162 -0 -1 -0
-148.549 70.2056 26.4882 0.0638 -0.3135 0.5526 0 -0.8335 -0.648024 -0 -0.76162 -0 -1 -0
-148.549 -140.263 26.4882 0.0638 1.7499 0.5526 0 -0.8335 -0.648024 -0 -0.76162 -0 -1 -0
-157.892 -140.263 15.5074 0.1489 1.7499 0.894 -0 -0.448 -0.648024 0 -0.76162 -0 -1 -0
-161.312 114.717 0.507401 0.25 -0.7499 1 -0 0 -0.222245 -0 -0.974991 -0 -1 -0
-160.009 114.717 6.2225 0.2103 -0.7499 0.975 0 -0.2223 -0.222245 -0 -0.974991 -0 -1 -0
-160.009 70.2056 6.2225 0.2103 -0.3135 0.975 -0 -0.2223 -0.222245 -0 -0.974991 -0 -1 -0
-157.892 -140.263 15.5074 0.1489 1.7499 0.894 -0 -0.448 -0.222275 0 -0.974984 -0 -1 -0
-161.312 -140.263 0.507401 0.25 1.7499 1 -0 -0 -0.222275 0 -0.974984 -0 -1 -0
-161.312 114.717 0.507401 0.25 -0.7499 1 -0 0 -0.222275 0 -0.974984 -0 -1 -0
-157.892 -140.263 15.5074 0.1489 1.7499 0.894 -0 -0.448 -0.22222 -0.000399771 -0.974997 0.000721154 -0.999995 0.00314861
-161.312 114.717 0.507401 0.25 -0.7499 1 -0 0 -0.22222 -0.000399771 -0.974997 0.000721154 -0.999995 0.00314861
-160.009 70.2056 6.2225 0.2103 -0.3135 0.975 -0 -0.2223 -0.22222 -0.000399771 -0.974997 0.000721154 -0.999995 0.00314861
-157.892 70.2056 15.5074 0.1489 -0.3135 0.894 0 -0.448 -0.222294 0 -0.97498 0 -1 0
-157.892 -140.263 15.5074 0.1489 1.7499 0.894 -0 -0.448 -0.222294 0 -0.97498 0 -1 0
-160.009 70.2056 6.2225 0.2103 -0.3135 0.975 -0 -0.2223 -0.222294 0 -0.97498 0 -1 0
157.892 70.2056 15.5074 0.8511 -0.5317 -0.894 0 -0.448 -0.222275 -0 0.974984 -0 -1 -0
161.312 70.2056 0.507401 0.75 -0.5317 -1 0 0 -0.222275 -0 0.974984 -0 -1 -0
161.312 -140.263 0.507401 0.75 1.5317 -1 0 0 -0.222275 -0 0.974984 -0 -1 -0
157.892 -140.263 15.5074 0.8511 1.5317 -0.894 0 -0.448 -0.222275 0 0.974984 -0 -1 -0
161.312 70.2056 0.507401 0.75 -0.5317 -1 0 0 0.222275 -0 0.974984 -0 -1 -0
157.892 70.2056 -14.4926 0.6489 -0.5317 -0.894 0 0.448 0.222275 -0 0.974984 -0 -1 -0
157.892 -140.263 -14.4926 0.6489 1.5317 -0.894 0 0.448 0.222275 -0 0.974984 -0 -1 -0
161.312 -140.263 0.507401 0.75 1.5317 -1 0 0 0.222275 0 0.974984 -0 -1 -0
148.549 70.2056 26.4882 0.9362 -0.5317 -0.5526 0 -0.8335 -0.648024 -0 0.76162 -0 -1 -0
157.892 70.2056 15.5074 0.8511 -0.5317 -0.894 0 -0.448 -0.648024 -0 0.76162 -0 -1 -0
157.892 -140.263 15.5074 0.8511 1.5317 -0.894 0 -0.448 -0.648024 -0 0.76162 -0 -1 -0
148.549 -140.263 26.4882 0.9362 1.5317 -0.5526 0 -0.8335 -0.648024 0 0.76162 -0 -1 -0
157.892 70.2056 -14.4926 0.6489 -0.5317 -0.894 0 0.448 0.648024 -0 0.76162 -0 -1 -0
148.549 70.2056 -25.4734 0.5638 -0.5317 -0.5526 0 0.8335 0.648024 -0 0.76162 -0 -1 -0
148.549 -140.263 -25.4734 0.5638 1.5317 -0.5526 0 0.8335 0.648024 -0 0.76162 -0 -1 -0
157.892 -140.263 -14.4926 0.6489 1.5317 -0.894 0 0.448 0.648024 0 0.76162 -0 -1 -0
148.549 70.2056 -25.4734 0.5638 -0.5317 -0.5526 0 0.8335 0.953821 -0 0.300375 -0 -1 -0
135.786 70.2056 -29.4926 0.4907 -0.5317 0 0 1 0.953821 -0 0.300375 -0 -1 -0
135.786 -140.263 -29.4926 0.4907 1.5317 0 0 1 0.953821 -0 0.300375 -0 -1 -0
148.549 -140.263 -25.4734 0.5638 1.5317 -0.5526 0 0.8335 0.953821 0 0.300375 -0 -1 -0
135.786 70.2056 -29.4926 0.4907 -0.5317 0 0 1 0.953819 -0 -0.300382 -0 -1 -0
123.024 70.2056 -25.4733 0.4189 -0.5317 0.6515 0 0.7587 0.953819 -0 -0.300382 -0 -1 -0
123.024 -140.263 -25.4733 0.4189 1.5317 0.6515 0 0.7587 0.953819 -0 -0.300382 -0 -1 -0
135.786 -140.263 -29.4926 0.4907 1.5317 0 0 1 0.953819 0 -0.300382 -0 -1 -0
123.024 70.2056 -25.4733 0.4189 -0.5317 0.6515 0 0.7587 0.441145 -0 -0.897436 -0 -1 -0
113.681 70.2056 -6.4665 0.2952 -0.5317 0.8974 0 0.4411 0.441145 -0 -0.897436 -0 -1 -0
113.681 -140.263 -6.4665 0.2952 1.5317 0.8974 0 0.4411 0.441145 -0 -0.897436 -0 -1 -0
123.024 -140.263 -25.4733 0.4189 1.5317 0.6515 0 0.7587 0.441145 0 -0.897436 -0 -1 -0
113.681 70.2056 7.4216 0.2051 -0.5317 0.898 0 -0.44 -0.44003 -0 -0.897983 -0 -1 -0
123.024 70.2056 26.4882 0.0811 -0.5317 0.6519 0 -0.7583 -0.44003 -0 -0.897983 -0 -1 -0
123.024 -140.263 26.4882 0.0811 1.5317 0.6519 0 -0.7583 -0.44003 -0 -0.897983 -0 -1 -0
113.681 -140.263 7.4216 0.2051 1.5317 0.898 0 -0.44 -0.44003 0 -0.897983 -0 -1 -0
123.024 70.2056 26.4882 0.0811 -0.5317 0.6519 0 -0.7583 -0.953821 -0 -0.300375 -0 -1 -0
135.786 70.2056 30.5074 0.0093 -0.5317 0 0 -1 -0.953821 -0 -0.300375 -0 -1 -0
135.786 -140.263 30.5074 0.0093 1.5317 0 0 -1 -0.953821 -0 -0.300375 -0 -1 -0
123.024 -140.263 26.4882 0.0811 1.5317 0.6519 0 -0.7583 -0.953821 0 -0.300375 -0 -1 -0
135.786 70.2056 30.5074 0.0093 -0.5317 0 0 -1 -0.953821 -0 0.300375 -0 -1 -0
148.549 70.2056 26.4882 -0.0638 -0.5317 -0.5526 0 -0.8335 -0.953821 -0 0.300375 -0 -1 -0
148.549 -140.263 26.4882 -0.0638 1.5317 -0.5526 0 -0.8335 -0.953821 -0 0.300375 -0 -1 -0
135.786 -140.263 30.5074 0.0093 1.5317 0 0 -1 -0.953821 0 0.300375 -0 -1 -0
-158.786 -140.263 -14.9406 0.3501 2.5 0 -1 0 0 0 0 0.821821 0 0.569746
-157.892 -140.263 -14.4926 0.3511 2.5 0 -1 0 0 0 0 0.821821 0 0.569746
-161.312 -140.263 0.507401 0.25 2.5 0 -1 0 0 0 0 0.821821 0 0.569746
-161.312 -140.263 0.507401 0.25 2.5 0 -1 0 -0 0 0 1 0 -0
-162.312 -140.263 0.507401 0.25 2.5 0 -1 0 -0 0 0 1 0 -0
-158.786 -140.263 -14.9406 0.3501 2.5 0 -1 0 -0 0 0 1 0 -0
-160.984 70.2056 -5.4299 0.2895 -0.8017 0 1 0 0 0 0 -0.967609 0 -0.252454
-160.009 70.2056 -5.2076 0.2897 -0.8017 0 1 0 0 0 0 -0.967609 0 -0.252454
-157.892 70.2056 -14.4926 0.3511 -0.8017 0 1 0 0 0 0 -0.967609 0 -0.252454
-157.892 70.2056 -14.4926 0.3511 -0.8017 0 1 0 0 0 -0 -0.817214 0 -0.576334
-158.786 70.2056 -14.9406 0.3501 -0.8017 0 1 0 0 0 -0 -0.817214 0 -0.576334
-160.984 70.2056 -5.4299 0.2895 -0.8017 0 1 0 0 0 -0 -0.817214 0 -0.576334
-160.984 114.717 -5.4299 -0.555 0.4378 0.2223 0 -0.975 0.974972 0 0.222327 0 -1 0
-160.009 114.717 -5.2076 -0.5486 0.4378 0.2223 0 -0.975 0.974972 0 0.222327 0 -1 0
-160.009 70.2056 -5.2076 -0.5486 0.7298 0.2223 0 -0.975 0.974972 0 0.222327 0 -1 0
-160.984 70.2056 -5.4299 -0.555 0.7298 0.2223 0 -0.975 0.974972 -0 0.222327 0 -1 0
-162.312 114.717 0.507401 -0.5637 0.4965 0 1 0 1 0 0 0.00260069 0 -0.999997
-161.312 114.717 0.507401 -0.5571 0.4965 0 1 0 1 0 0 0.00260069 0 -0.999997
-160.009 114.717 -5.2076 -0.5486 0.534 0 1 0 1 0 0 0.00260069 0 -0.999997
-160.009 114.717 -5.2076 -0.5486 0.534 0 1 0 0.999983 -0 -0.00589734 0.000430343 0 -1
-160.984 114.717 -5.4299 -0.555 0.5355 0 1 0 0.999983 -0 -0.00589734 0.000430343 0 -1
-162.312 114.717 0.507401 -0.5637 0.4965 0 1 0 0.999983 -0 -0.00589734 0.000430343 0 -1
-149.102 -140.263 -26.3068 0.4352 2.5 0 -1 0 0 0 0 0.418048 0 0.908425
-148.549 -140.263 -25.4733 0.4362 2.5 0 -1 0 0 0 0 0.418048 0 0.908425
-157.892 -140.263 -14.4926 0.3511 2.5 0 -1 0 0 0 0 0.418048 0 0.908425
-157.892 -140.263 -14.4926 0.3511 2.5 0 -1 0 -0 0 0 0.801783 -0 0.597615
-158.786 -140.263 -14.9406 0.3501 2.5 0 -1 0 -0 0 0 0.801783 -0 0.597615
-149.102 -140.263 -26.3068 0.4352 2.5 0 -1 0 -0 0 0 0.801783 -0 0.597615
-158.786 70.2056 -14.9406 0.3501 -0.8017 0 1 0 0 0 0 -0.805468 0 -0.592639
-157.892 70.2056 -14.4926 0.3511 -0.8017 0 1 0 0 0 0 -0.805468 0 -0.592639
-148.549 70.2056 -25.4733 0.4362 -0.8017 0 1 -0 0 0 0 -0.805468 0 -0.592639
-148.549 70.2056 -25.4733 0.4362 -0.8017 0 1 -0 0 0 -0 -0.413306 0 -0.910592
-149.102 70.2056 -26.3068 0.4352 -0.8017 0 1 -0 0 0 -0 -0.413306 0 -0.910592
-158.786 70.2056 -14.9406 0.3501 -0.8017 0 1 0 0 0 -0 -0.413306 0 -0.910592
-135.786 -140.263 -30.4926 0.509 2.5 0 -1 0 0 0 0 -0.0514678 0 0.998675
-135.786 -140.263 -29.4926 0.5093 2.5 0 -1 0 0 0 0 -0.0514678 0 0.998675
-148.549 -140.263 -25.4733 0.4362 2.5 0 -1 0 0 0 0 -0.0514678 0 0.998675
-148.549 -140.263 -25.4733 0.4362 2.5 0 -1 0 -0 0 0 0.38584 -0 0.922566
-149.102 -140.263 -26.3068 0.4352 2.5 0 -1 0 -0 0 0 0.38584 -0 0.922566
-135.786 -140.263 -30.4926 0.509 2.5 0 -1 0 -0 0 0 0.38584 -0 0.922566
-149.102 70.2056 -26.3068 0.4352 -0.8017 0 1 -0 0 0 0 -0.391614 0 -0.92013
-148.549 70.2056 -25.4733 0.4362 -0.8017 0 1 -0 0 0 0 -0.391614 0 -0.92013
-135.786 70.2056 -29.4926 0.5093 -0.8017 0 1 0 0 0 0 -0.391614 0 -0.92013
-135.786 70.2056 -29.4926 0.5093 -0.8017 0 1 0 0 0 -0 0.0531556 0 -0.998586
-135.786 70.2056 -30.4926 0.509 -0.8017 0 1 0 0 0 -0 0.0531556 0 -0.998586
-149.102 70.2056 -26.3068 0.4352 -0.8017 0 1 -0 0 0 -0 0.0531556 0 -0.998586
-122.372 -140.263 -26.232 0.5822 2.5 0 -1 0 0 0 0 -0.485747 0 0.8741
-123.023 -140.263 -25.4733 0.5811 2.5 0 -1 0 0 0 0 -0.485747 0 0.8741
-135.786 -140.263 -29.4926 0.5093 2.5 0 -1 0 0 0 0 -0.485747 0 0.8741
-135.786 -140.263 -29.4926 0.5093 2.5 0 -1 0 0 0 -0 -0.0558747 -0 0.998438
-135.786 -140.263 -30.4926 0.509 2.5 0 -1 0 0 0 -0 -0.0558747 -0 0.998438
-122.372 -140.263 -26.232 0.5822 2.5 0 -1 0 0 0 -0 -0.0558747 -0 0.998438
-135.786 70.2056 -30.4926 0.509 -0.8017 0 1 0 0 0 0 0.0541664 0 -0.998532
-135.786 70.2056 -29.4926 0.5093 -0.8017 0 1 0 0 0 0 0.0541664 0 -0.998532
-123.023 70.2056 -25.4733 0.5811 -0.8017 -0 1 -0 0 0 0 0.0541664 0 -0.998532
-123.023 70.2056 -25.4733 0.5811 -0.8017 -0 1 -0 0 0 0 0.479698 0 -0.877434
-122.372 70.2056 -26.232 0.5822 -0.8017 -0 1 -0 0 0 0 0.479698 0 -0.877434
-135.786 70.2056 -30.4926 0.509 -0.8017 0 1 0 0 0 0 0.479698 0 -0.877434
-112.783 -140.263 -6.9077 0.7037 2.5 0 -1 0 0 0 0 -0.963566 0 0.26747
-113.681 -140.263 -6.4665 0.7048 2.5 0 -1 0 0 0 0 -0.963566 0 0.26747
-123.023 -140.263 -25.4733 0.5811 2.5 0 -1 0 0 0 0 -0.963566 0 0.26747
-123.023 -140.263 -25.4733 0.5811 2.5 0 -1 0 0 0 -0 -0.517432 0 0.855724
-122.372 -140.263 -26.232 0.5822 2.5 0 -1 0 0 0 -0 -0.517432 0 0.855724
-112.783 -140.263 -6.9077 0.7037 2.5 0 -1 0 0 0 -0 -0.517432 0 0.855724
-112.783 70.2056 -6.9077 0.7037 -0.3135 0.4411 0 0.8974 -0.897419 0 0.441179 0 -1 0
-113.681 70.2056 -6.4665 0.7048 -0.3135 0.4411 0 0.8974 -0.897419 0 0.441179 0 -1 0
-113.681 -140.263 -6.4665 0.7048 1.7499 0.4411 0 0.8974 -0.897419 0 0.441179 0 -1 0
-112.783 -140.263 -6.9077 0.7037 1.7499 0.4411 0 0.8974 -0.897419 -0 0.441179 0 -1 0
-122.372 70.2056 -26.232 0.5822 -0.8017 -0 1 -0 -0 0 0 0.522351 -0 -0.852731
-123.023 70.2056 -25.4733 0.5811 -0.8017 -0 1 -0 -0 0 0 0.522351 -0 -0.852731
-113.681 70.2056 -6.4665 0.7048 -0.8017 -0 1 -0 -0 0 0 0.522351 -0 -0.852731
-113.681 70.2056 -6.4665 0.7048 -0.8017 -0 1 -0 0 0 0 0.965307 0 -0.261116
-112.783 70.2056 -6.9077 0.7037 -0.8017 -0 1 -0 0 0 0 0.965307 0 -0.261116
-122.372 70.2056 -26.232 0.5822 -0.8017 -0 1 -0 0 0 0 0.965307 0 -0.261116
-122.371 -140.263 27.2459 0.9178 2.5 0 -1 0 -0 0 0 -0.523707 0 -0.851898
-123.023 -140.263 26.4882 0.9189 2.5 0 -1 0 -0 0 0 -0.523707 0 -0.851898
-113.681 -140.263 7.341 0.7944 2.5 0 -1 0 -0 0 0 -0.523707 0 -0.851898
-113.681 -140.263 7.341 0.7944 2.5 0 -1 0 0 0 0 -0.966023 0 -0.258456
-112.782 -140.263 7.7796 0.7955 2.5 0 -1 0 0 0 0 -0.966023 0 -0.258456
-122.371 -140.263 27.2459 0.9178 2.5 0 -1 0 0 0 0 -0.966023 0 -0.258456
-112.782 70.2056 7.7796 0.7955 -0.8017 -0 1 0 0 0 -0 0.964309 -0 0.264781
-113.681 70.2056 7.341 0.7944 -0.8017 -0 1 0 0 0 -0 0.964309 -0 0.264781
-123.023 70.2056 26.4882 0.9189 -0.8017 -0 1 0 0 0 -0 0.964309 -0 0.264781
-123.023 70.2056 26.4882 0.9189 -0.8017 -0 1 0 0 0 0 0.51882 0 0.854884
-122.371 70.2056 27.2459 0.9178 -0.8017 -0 1 0 0 0 0 0.51882 0 0.854884
-112.782 70.2056 7.7796 0.7955 -0.8017 -0 1 0 0 0 0 0.51882 0 0.854884
-112.782 -140.263 7.7796 0.7955 1.7499 0.4385 0 -0.8987 0.898682 -0 0.4386 0 -1 0
-113.681 -140.263 7.341 0.7944 1.7499 0.4385 0 -0.8987 0.898682 -0 0.4386 0 -1 0
-113.681 70.2056 7.341 0.7944 -0.3135 0.4385 0 -0.8987 0.898682 -0 0.4386 0 -1 0
-112.782 70.2056 7.7796 0.7955 -0.3135 0.4385 0 -0.8987 0.898682 0 0.4386 0 -1 0
-135.786 -140.263 31.5074 0.991 2.5 0 -1 0 0 0 0 -0.0541664 0 -0.998532
-135.786 -140.263 30.5074 0.9907 2.5 0 -1 0 0 0 0 -0.0541664 0 -0.998532
-123.023 -140.263 26.4882 0.9189 2.5 0 -1 0 0 0 0 -0.0541664 0 -0.998532
-123.023 -140.263 26.4882 0.9189 2.5 0 -1 0 0 0 0 -0.480932 -0 -0.876758
-122.371 -140.263 27.2459 0.9178 2.5 0 -1 0 0 0 0 -0.480932 -0 -0.876758
-135.786 -140.263 31.5074 0.991 2.5 0 -1 0 0 0 0 -0.480932 -0 -0.876758
-122.371 70.2056 27.2459 0.9178 -0.8017 -0 1 0 0 0 -0 0.486996 0 0.873404
-123.023 70.2056 26.4882 0.9189 -0.8017 -0 1 0 0 0 -0 0.486996 0 0.873404
-135.786 70.2056 30.5074 0.9907 -0.8017 0 1 0 0 0 -0 0.486996 0 0.873404
-135.786 70.2056 30.5074 0.9907 -0.8017 0 1 0 0 0 0 0.055879 0 0.998438
-135.786 70.2056 31.5074 0.991 -0.8017 0 1 0 0 0 0 0.055879 0 0.998438
-122.371 70.2056 27.2459 0.9178 -0.8017 -0 1 0 0 0 0 0.055879 0 0.998438
-149.102 -140.263 27.3217 0.0648 2.5 0 -1 0 0 0 -0 0.391611 0 -0.920131
-148.549 -140.263 26.4882 0.0638 2.5 0 -1 0 0 0 -0 0.391611 0 -0.920131
-135.786 -140.263 30.5074 -0.0093 2.5 0 -1 0 0 0 -0 0.391611 0 -0.920131
-135.786 -140.263 30.5074 -0.0093 2.5 0 -1 0 0 0 0 -0.053147 0 -0.998587
-135.786 -140.263 31.5074 -0.009 2.5 0 -1 0 0 0 0 -0.053147 0 -0.998587
-149.102 -140.263 27.3217 0.0648 2.5 0 -1 0 0 0 0 -0.053147 0 -0.998587
-135.786 70.2056 31.5074 0.991 -0.8017 0 1 0 0 0 0 0.0514678 -0 0.998675
-135.786 70.2056 30.5074 0.9907 -0.8017 0 1 0 0 0 0 0.0514678 -0 0.998675
-148.549 70.2056 26.4882 1.0638 -0.8017 0 1 0 0 0 0 0.0514678 -0 0.998675
-148.549 70.2056 26.4882 1.0638 -0.8017 0 1 0 -0 0 0 -0.38583 0 0.92257
-149.102 70.2056 27.3217 1.0648 -0.8017 0 1 0 -0 0 0 -0.38583 0 0.92257
-135.786 70.2056 31.5074 0.991 -0.8017 0 1 0 -0 0 0 -0.38583 0 0.92257
-158.786 -140.263 15.9555 0.1499 2.5 0 -1 0 0 0 -0 0.805418 0 -0.592708
-157.892 -140.263 15.5074 0.1489 2.5 0 -1 0 0 0 -0 0.805418 0 -0.592708
-148.549 -140.263 26.4882 0.0638 2.5 0 -1 0 0 0 -0 0.805418 0 -0.592708
-148.549 -140.263 26.4882 0.0638 2.5 0 -1 0 0 0 0 0.413304 0 -0.910593
-149.102 -140.263 27.3217 0.0648 2.5 0 -1 0 0 0 0 0.413304 0 -0.910593
-158.786 -140.263 15.9555 0.1499 2.5 0 -1 0 0 0 0 0.413304 0 -0.910593
-149.102 70.2056 27.3217 0.0648 -0.8017 0 1 0 0 0 0 -0.418046 -0 0.908426
-148.549 70.2056 26.4882 0.0638 -0.8017 0 1 0 0 0 0 -0.418046 -0 0.908426
-157.892 70.2056 15.5074 0.1489 -0.8017 0 1 0 0 0 0 -0.418046 -0 0.908426
-157.892 70.2056 15.5074 0.1489 -0.8017 0 1 0 -0 0 0 -0.801733 0 0.597682
-158.786 70.2056 15.9555 0.1499 -0.8017 0 1 -0 -0 0 0 -0.801733 0 0.597682
-149.102 70.2056 27.3217 0.0648 -0.8017 0 1 0 -0 0 0 -0.801733 0 0.597682
-157.892 -140.263 15.5074 0.1489 2.5 0 -1 0 0 0 0 1 0 0
-157.892 -140.263 15.5074 0.1489 2.5 0 -1 0 0 0 0 0.818671 0 -0.574262
-158.786 -140.263 15.9555 0.1499 2.5 0 -1 0 0 0 0 0.818671 0 -0.574262
-162.312 -140.263 0.507401 0.25 2.5 0 -1 0 0 0 0 0.818671 0 -0.574262
-160.984 114.717 6.4447 -0.555 0.4576 0 1 0 0.999977 0 0.00682283 -0.00133238 0 -0.999999
-160.009 114.717 6.2225 -0.5486 0.4591 0 1 0 0.999977 0 0.00682283 -0.00133238 0 -0.999999
-161.312 114.717 0.507401 -0.5571 0.4965 0 1 0 0.999977 0 0.00682283 -0.00133238 0 -0.999999
-161.312 114.717 0.507401 -0.5571 0.4965 0 1 0 1 -0 -0 -0.00163399 -0 -0.999999
-162.312 114.717 0.507401 -0.5637 0.4965 0 1 0 1 -0 -0 -0.00163399 -0 -0.999999
-160.984 114.717 6.4447 -0.555 0.4576 0 1 0 1 -0 -0 -0.00163399 -0 -0.999999
-160.984 70.2056 6.4447 1.555 0.7298 0.2223 0 0.975 -0.974994 -0 0.222231 0 -1 0
-160.009 70.2056 6.2225 1.5486 0.7298 0.2223 0 0.975 -0.974994 -0 0.222231 0 -1 0
-160.009 114.717 6.2225 1.5486 0.4378 0.2223 0 0.975 -0.974994 -0 0.222231 0 -1 0
-160.984 114.717 6.4447 1.555 0.4378 0.2223 0 0.975 -0.974994 0 0.222231 0 -1 0
-158.786 70.2056 15.9555 0.1499 -0.8017 0 1 -0 0 0 0 -0.820296 -0 0.571939
-157.892 70.2056 15.5074 0.1489 -0.8017 0 1 0 0 0 0 -0.820296 -0 0.571939
-160.009 70.2056 6.2225 0.2103 -0.8017 0 1 -0 0 0 0 -0.820296 -0 0.571939
-160.009 70.2056 6.2225 0.2103 -0.8017 0 1 -0 -0 0 0 -0.967331 0 0.253518
-160.984 70.2056 6.4447 0.2105 -0.8017 0 1 -0 -0 0 0 -0.967331 0 0.253518
-158.786 70.2056 15.9555 0.1499 -0.8017 0 1 -0 -0 0 0 -0.967331 0 0.253518
158.786 -140.263 15.9555 0.7583 2.5 0 -1 0 -0 0 0 -0.996846 0 -0.0793546
157.892 -140.263 15.5074 0.7581 2.5 0 -1 0 -0 0 0 -0.996846 0 -0.0793546
161.312 -140.263 0.507401 0.75 2.5 0 -1 0 -0 0 0 -0.996846 0 -0.0793546
161.312 -140.263 0.507401 0.75 2.5 0 -1 0 0 0 0 -1 0 0
162.312 -140.263 0.507401 0.75 2.5 0 -1 0 0 0 0 -1 0 0
158.786 -140.263 15.9555 0.7583 2.5 0 -1 0 0 0 0 -1 0 0
162.312 70.2056 0.507401 0.75 -0.8017 0 1 0 0 0 0 1 0 0
161.312 70.2056 0.507401 0.75 -0.8017 0 1 0 0 0 0 1 0 0
157.892 70.2056 15.5074 0.7581 -0.8017 0 1 0 0 0 0 1 0 0
157.892 70.2056 15.5074 0.7581 -0.8017 0 1 0 0 0 0 0.996999 0 0.077414
158.786 70.2056 15.9555 0.7583 -0.8017 0 1 0 0 0 0 0.996999 0 0.077414
162.312 70.2056 0.507401 0.75 -0.8017 0 1 0 0 0 0 0.996999 0 0.077414
157.892 -140.263 -14.4926 0.7419 2.5 0 -1 0 0 0 0 -1 0 0
157.892 -140.263 -14.4926 0.7419 2.5 0 -1 0 0 0 -0 -0.997005 -0 0.0773347
158.786 -140.263 -14.9406 0.7417 2.5 0 -1 0 0 0 -0 -0.997005 -0 0.0773347
162.312 -140.263 0.507401 0.75 2.5 0 -1 0 0 0 -0 -0.997005 -0 0.0773347
158.786 70.2056 -14.9406 0.7417 -0.8017 0 1 0 -0 0 0 0.996853 0 -0.0792738
157.892 70.2056 -14.4926 0.7419 -0.8017 0 1 0 -0 0 0 0.996853 0 -0.0792738
161.312 70.2056 0.507401 0.75 -0.8017 0 1 0 -0 0 0 0.996853 0 -0.0792738
158.786 70.2056 -14.9406 0.7417 -0.8017 0 1 0 0 0 0 1 0 0
149.102 -140.263 27.3216 0.7648 2.5 0 -1 0 -0 0 0 -0.993009 0 -0.11804
148.549 -140.263 26.4882 0.7644 2.5 0 -1 0 -0 0 0 -0.993009 0 -0.11804
157.892 -140.263 15.5074 0.7581 2.5 0 -1 0 -0 0 0 -0.993009 0 -0.11804
157.892 -140.263 15.5074 0.7581 2.5 0 -1 0 0 0 0 -0.996601 0 -0.0823828
158.786 -140.263 15.9555 0.7583 2.5 0 -1 0 0 0 0 -0.996601 0 -0.0823828
149.102 -140.263 27.3216 0.7648 2.5 0 -1 0 0 0 0 -0.996601 0 -0.0823828
158.786 70.2056 15.9555 0.7583 -0.8017 0 1 0 0 0 -0 0.996515 -0 0.0834118
157.892 70.2056 15.5074 0.7581 -0.8017 0 1 0 0 0 -0 0.996515 -0 0.0834118
148.549 70.2056 26.4882 0.7644 -0.8017 0 1 0 0 0 -0 0.996515 -0 0.0834118
148.549 70.2056 26.4882 0.7644 -0.8017 0 1 0 0 0 0 0.993268 0 0.115843
149.102 70.2056 27.3216 0.7648 -0.8017 0 1 0 0 0 0 0.993268 0 0.115843
158.786 70.2056 15.9555 0.7583 -0.8017 0 1 0 0 0 0 0.993268 0 0.115843
158.786 -140.263 -14.9406 0.7417 2.5 0 -1 0 0 0 0 -0.996521 0 0.0833463
157.892 -140.263 -14.4926 0.7419 2.5 0 -1 0 0 0 0 -0.996521 0 0.0833463
148.549 -140.263 -25.4734 0.7356 2.5 0 -1 0 0 0 0 -0.996521 0 0.0833463
148.549 -140.263 -25.4734 0.7356 2.5 0 -1 0 0 0 -0 -0.993268 -0 0.115838
149.102 -140.263 -26.3068 0.7352 2.5 0 -1 0 0 0 -0 -0.993268 -0 0.115838
158.786 -140.263 -14.9406 0.7417 2.5 0 -1 0 0 0 -0 -0.993268 -0 0.115838
149.102 70.2056 -26.3068 0.7352 -0.8017 0 1 0 -0 0 0 0.993009 0 -0.118039
148.549 70.2056 -25.4734 0.7356 -0.8017 0 1 0 -0 0 0 0.993009 0 -0.118039
157.892 70.2056 -14.4926 0.7419 -0.8017 0 1 0 -0 0 0 0.993009 0 -0.118039
157.892 70.2056 -14.4926 0.7419 -0.8017 0 1 0 0 0 0 0.996606 0 -0.0823152
158.786 70.2056 -14.9406 0.7417 -0.8017 0 1 0 0 0 0 0.996606 0 -0.0823152
149.102 70.2056 -26.3068 0.7352 -0.8017 0 1 0 0 0 0 0.996606 0 -0.0823152
149.102 -140.263 -26.3068 0.7352 2.5 0 -1 0 0 0 0 -0.991403 0 0.130841
148.549 -140.263 -25.4734 0.7356 2.5 0 -1 0 0 0 0 -0.991403 0 0.130841
135.786 -140.263 -29.4926 0.7326 2.5 0 -1 0 0 0 0 -0.991403 0 0.130841
135.786 -140.263 -29.4926 0.7326 2.5 0 -1 0 0 0 -0 -0.996306 -0 0.0858763
135.786 -140.263 -30.4926 0.732 2.5 0 -1 0 0 0 -0 -0.996306 -0 0.0858763
149.102 -140.263 -26.3068 0.7352 2.5 0 -1 0 0 0 -0 -0.996306 -0 0.0858763
135.786 70.2056 -30.4926 0.732 -0.8017 0 1 0 0 0 0 0.997059 0 -0.0766385
135.786 70.2056 -29.4926 0.7326 -0.8017 0 1 0 0 0 0 0.997059 0 -0.0766385
148.549 70.2056 -25.4734 0.7356 -0.8017 0 1 0 0 0 0 0.997059 0 -0.0766385
148.549 70.2056 -25.4734 0.7356 -0.8017 0 1 0 0 0 0 0.990354 0 -0.138558
149.102 70.2056 -26.3068 0.7352 -0.8017 0 1 0 0 0 0 0.990354 0 -0.138558
135.786 70.2056 -30.4926 0.732 -0.8017 0 1 0 0 0 0 0.990354 0 -0.138558
135.786 -140.263 -30.4926 0.732 2.5 0 -1 0 0 0 0 -0.994432 0 0.105383
135.786 -140.263 -29.4926 0.7326 2.5 0 -1 0 0 0 0 -0.994432 0 0.105383
123.024 -140.263 -25.4733 0.7342 2.5 0 -1 0 0 0 0 -0.994432 0 0.105383
123.024 -140.263 -25.4733 0.7342 2.5 0 -1 0 -0 0 0 -0.994267 0 0.106925
122.372 -140.263 -26.232 0.7337 2.5 0 -1 0 -0 0 0 -0.994267 0 0.106925
135.786 -140.263 -30.4926 0.732 2.5 0 -1 0 -0 0 0 -0.994267 0 0.106925
122.372 70.2056 -26.232 0.7337 -0.8017 0 1 -0 0 0 0 0.994306 0 -0.106564
123.024 70.2056 -25.4733 0.7342 -0.8017 0 1 -0 0 0 0 0.994306 0 -0.106564
135.786 70.2056 -29.4926 0.7326 -0.8017 0 1 0 0 0 0 0.994306 0 -0.106564
135.786 70.2056 -29.4926 0.7326 -0.8017 0 1 0 0 0 -0 0.994388 -0 -0.105791
135.786 70.2056 -30.4926 0.732 -0.8017 0 1 0 0 0 -0 0.994388 -0 -0.105791
122.372 70.2056 -26.232 0.7337 -0.8017 0 1 -0 0 0 -0 0.994388 -0 -0.105791
122.372 -140.263 -26.232 0.7337 2.5 0 -1 0 0 0 0 -0.99752 0 0.0703834
123.024 -140.263 -25.4733 0.7342 2.5 0 -1 0 0 0 0 -0.99752 0 0.0703834
113.681 -140.263 -6.4665 0.7456 2.5 0 -1 0 0 0 0 -0.99752 0 0.0703834
113.681 -140.263 -6.4665 0.7456 2.5 0 -1 0 -0 0 0 -0.9987 0 0.050964
112.783 -140.263 -6.9077 0.7453 2.5 0 -1 0 -0 0 0 -0.9987 0 0.050964
122.372 -140.263 -26.232 0.7337 2.5 0 -1 0 -0 0 0 -0.9987 0 0.050964
112.783 70.2056 -6.9077 0.7453 -0.8017 0 1 -0 0 0 0 0.998677 0 -0.051419
113.681 70.2056 -6.4665 0.7456 -0.8017 0 1 -0 0 0 0 0.998677 0 -0.051419
123.024 70.2056 -25.4733 0.7342 -0.8017 0 1 -0 0 0 0 0.998677 0 -0.051419
123.024 70.2056 -25.4733 0.7342 -0.8017 0 1 -0 0 0 -0 0.997581 -0 -0.0695072
122.372 70.2056 -26.232 0.7337 -0.8017 0 1 -0 0 0 -0 0.997581 -0 -0.0695072
112.783 70.2056 -6.9077 0.7453 -0.8017 0 1 -0 0 0 -0 0.997581 -0 -0.0695072
112.783 -140.263 -6.9077 0.2963 1.5317 -0.4411 0 0.8974 -0.897419 -0 -0.441179 0 -1 0
113.681 -140.263 -6.4665 0.2952 1.5317 -0.4411 0 0.8974 -0.897419 -0 -0.441179 0 -1 0
113.681 70.2056 -6.4665 0.2952 -0.5317 -0.4411 0 0.8974 -0.897419 -0 -0.441179 0 -1 0
112.783 70.2056 -6.9077 0.2963 -0.5317 -0.4411 0 0.8974 -0.897419 0 -0.441179 0 -1 0
112.783 -140.263 7.8616 0.7547 2.5 0 -1 0 0 0 -0 -0.998551 -0 -0.0538114
113.681 -140.263 7.4216 0.7544 2.5 0 -1 0 0 0 -0 -0.998551 -0 -0.0538114
123.024 -140.263 26.4882 0.7658 2.5 0 -1 0 0 0 -0 -0.998551 -0 -0.0538114
123.024 -140.263 26.4882 0.7658 2.5 0 -1 0 0 0 0 -0.997384 0 -0.0722824
122.372 -140.263 27.2465 0.7663 2.5 0 -1 0 0 0 0 -0.997384 0 -0.0722824
112.783 -140.263 7.8616 0.7547 2.5 0 -1 0 0 0 0 -0.997384 0 -0.0722824
112.783 70.2056 7.8616 0.2041 -0.5317 -0.44 0 -0.898 0.897988 0 -0.44002 0 -1 0
113.681 70.2056 7.4216 0.2051 -0.5317 -0.44 0 -0.898 0.897988 0 -0.44002 0 -1 0
113.681 -140.263 7.4216 0.2051 1.5317 -0.44 0 -0.898 0.897988 0 -0.44002 0 -1 0
112.783 -140.263 7.8616 0.2041 1.5317 -0.44 0 -0.898 0.897988 -0 -0.44002 0 -1 0
122.372 70.2056 27.2465 0.7663 -0.8017 0 1 0 0 0 0 0.997319 0 0.0731771
123.024 70.2056 26.4882 0.7658 -0.8017 0 1 0 0 0 0 0.997319 0 0.0731771
113.681 70.2056 7.4216 0.7544 -0.8017 0 1 0 0 0 0 0.997319 0 0.0731771
113.681 70.2056 7.4216 0.7544 -0.8017 0 1 0 -0 0 0 0.998576 0 0.0533467
112.783 70.2056 7.8616 0.7547 -0.8017 0 1 0 -0 0 0 0.998576 0 0.0533467
122.372 70.2056 27.2465 0.7663 -0.8017 0 1 0 -0 0 0 0.998576 0 0.0533467
122.372 -140.263 27.2465 0.7663 2.5 0 -1 0 0 0 -0 -0.994299 -0 -0.106631
123.024 -140.263 26.4882 0.7658 2.5 0 -1 0 0 0 -0 -0.994299 -0 -0.106631
135.786 -140.263 30.5074 0.7674 2.5 0 -1 0 0 0 -0 -0.994299 -0 -0.106631
135.786 -140.263 30.5074 0.7674 2.5 0 -1 0 0 0 0 -0.994386 0 -0.10581
135.786 -140.263 31.5074 0.768 2.5 0 -1 0 0 0 0 -0.994386 0 -0.10581
122.372 -140.263 27.2465 0.7663 2.5 0 -1 0 0 0 0 -0.994386 0 -0.10581
135.786 70.2056 31.5074 0.768 -0.8017 0 1 0 0 0 0 0.994433 0 0.105375
135.786 70.2056 30.5074 0.7674 -0.8017 0 1 0 0 0 0 0.994433 0 0.105375
123.024 70.2056 26.4882 0.7658 -0.8017 0 1 0 0 0 0 0.994433 0 0.105375
123.024 70.2056 26.4882 0.7658 -0.8017 0 1 0 -0 0 0 0.994257 0 0.107015
122.372 70.2056 27.2465 0.7663 -0.8017 0 1 0 -0 0 0 0.994257 0 0.107015
135.786 70.2056 31.5074 0.768 -0.8017 0 1 0 -0 0 0 0.994257 0 0.107015
135.786 -140.263 31.5074 0.768 2.5 0 -1 0 0 0 0 -0.997059 0 -0.0766385
135.786 -140.263 30.5074 0.7674 2.5 0 -1 0 0 0 0 -0.997059 0 -0.0766385
148.549 -140.263 26.4882 0.7644 2.5 0 -1 0 0 0 0 -0.997059 0 -0.0766385
148.549 -140.263 26.4882 0.7644 2.5 0 -1 0 0 0 0 -0.990354 0 -0.138559
149.102 -140.263 27.3216 0.7648 2.5 0 -1 0 0 0 0 -0.990354 0 -0.138559
135.786 -140.263 31.5074 0.768 2.5 0 -1 0 0 0 0 -0.990354 0 -0.138559
149.102 70.2056 27.3216 0.7648 -0.8017 0 1 0 0 0 -0 0.991403 -0 0.130842
148.549 70.2056 26.4882 0.7644 -0.8017 0 1 0 0 0 -0 0.991403 -0 0.130842
135.786 70.2056 30.5074 0.7674 -0.8017 0 1 0 0 0 -0 0.991403 -0 0.130842
135.786 70.2056 30.5074 0.7674 -0.8017 0 1 0 0 0 0 0.996306 0 0.0858764
135.786 70.2056 31.5074 0.768 -0.8017 0 1 0 0 0 0 0.996306 0 0.0858764
149.102 70.2056 27.3216 0.7648 -0.8017 0 1 0 0 0 0 0.996306 0 0.0858764
-160.009 114.916 -5.2076 -0.5486 0.534 0 1 0 0.999983 0 0.00589287 0 -0 -1
-161.312 114.916 0.507401 -0.5571 0.4965 0 1 0 0.999983 0 0.00589287 0 -0 -1
-160.009 114.916 6.2225 -0.5486 0.4591 0 1 0 0.999983 0 0.00589287 0 -0 -1
-113.681 -140.064 7.341 0.7944 2.4969 0 -1 0 0 0 0 -0.489625 0 0.871933
-123.023 -140.064 26.4882 0.9189 2.4969 0 -1 0 0 0 0 -0.489625 0 0.871933
-135.786 -140.064 30.5074 -0.0093 2.4969 0 -1 0 0 0 0 -0.489625 0 0.871933
-113.681 -140.064 -6.4665 0.7048 2.4969 0 -1 0 0 0 0 -0.999997 0 -0.00248786
-110.261 -140.064 0.507401 0.75 2.4969 0 -1 0 0 0 0 -0.999997 0 -0.00248786
-113.681 -140.064 7.341 0.7944 2.4969 0 -1 0 0 0 0 -0.999997 0 -0.00248786
-135.786 -140.064 -29.4926 0.5093 2.4969 0 -1 0 0 0 0 -0.723024 0 0.690823
-123.023 -140.064 -25.4733 0.5811 2.4969 0 -1 0 0 0 0 -0.723024 0 0.690823
-113.681 -140.064 -6.4665 0.7048 2.4969 0 -1 0 0 0 0 -0.723024 0 0.690823
-135.786 -140.064 -29.4926 0.5093 2.4969 0 -1 0 0 0 0 -0.952086 0 0.305831
-113.681 -140.064 -6.4665 0.7048 2.4969 0 -1 0 0 0 0 -0.952086 0 0.305831
-113.681 -140.064 7.341 0.7944 2.4969 0 -1 0 0 0 0 -0.952086 0 0.305831
-157.892 -140.064 -14.4926 0.3511 2.4969 0 -1 0 0 0 0 0.658564 0 0.752525
-148.549 -140.064 -25.4733 0.4362 2.4969 0 -1 0 0 0 0 0.658564 0 0.752525
-135.786 -140.064 -29.4926 0.5093 2.4969 0 -1 0 0 0 0 0.658564 0 0.752525
-157.892 -140.064 15.5074 0.1489 2.4969 0 -1 0 -0 0 0 1 0 0
-161.312 -140.064 0.507401 0.25 2.4969 0 -1 0 -0 0 0 1 0 0
-157.892 -140.064 -14.4926 0.3511 2.4969 0 -1 0 -0 0 0 1 0 0
-157.892 -140.064 15.5074 0.1489 2.4969 0 -1 0 0 0 0 0.933775 0 0.357861
-157.892 -140.064 -14.4926 0.3511 2.4969 0 -1 0 0 0 0 0.933775 0 0.357861
-135.786 -140.064 -29.4926 0.5093 2.4969 0 -1 0 0 0 0 0.933775 0 0.357861
-157.892 -140.064 15.5074 0.1489 2.4969 0 -1 0 0 0 0 0.0636332 0 0.997973
-135.786 -140.064 -29.4926 0.5093 2.4969 0 -1 0 0 0 0 0.0636332 0 0.997973
-113.681 -140.064 7.341 0.7944 2.4969 0 -1 0 0 0 0 0.0636332 0 0.997973
-157.892 -140.064 15.5074 0.1489 2.4969 0 -1 0 0 0 -0 0.930198 0 0.367057
-113.681 -140.064 7.341 0.7944 2.4969 0 -1 0 0 0 -0 0.930198 0 0.367057
-135.786 -140.064 30.5074 -0.0093 2.4969 0 -1 0 0 0 -0 0.930198 0 0.367057
-148.549 -140.064 26.4882 0.0638 2.4969 0 -1 0 -0 0 -0 0.658552 0 -0.752535
-157.892 -140.064 15.5074 0.1489 2.4969 0 -1 0 -0 0 -0 0.658552 0 -0.752535
-135.786 -140.064 30.5074 -0.0093 2.4969 0 -1 0 -0 0 -0 0.658552 0 -0.752535
157.892 -140.064 15.5074 0.7581 2.4969 0 -1 0 0 0 0 -0.989577 0 -0.144006
148.549 -140.064 26.4882 0.7644 2.4969 0 -1 0 0 0 0 -0.989577 0 -0.144006
135.786 -140.064 30.5074 0.7674 2.4969 0 -1 0 0 0 0 -0.989577 0 -0.144006
157.892 -140.064 -14.4926 0.7419 2.4969 0 -1 0 0 0 0 -1 0 0
161.312 -140.064 0.507401 0.75 2.4969 0 -1 0 0 0 0 -1 0 0
157.892 -140.064 15.5074 0.7581 2.4969 0 -1 0 0 0 0 -1 0 0
135.786 -140.064 -29.4926 0.7326 2.4969 0 -1 0 0 0 0 -0.989577 0 0.144006
148.549 -140.064 -25.4734 0.7356 2.4969 0 -1 0 0 0 0 -0.989577 0 0.144006
157.892 -140.064 -14.4926 0.7419 2.4969 0 -1 0 0 0 0 -0.989577 0 0.144006
135.786 -140.064 -29.4926 0.7326 2.4969 0 -1 0 0 0 0 -0.994986 0 0.100019
157.892 -140.064 -14.4926 0.7419 2.4969 0 -1 0 0 0 0 -0.994986 0 0.100019
157.892 -140.064 15.5074 0.7581 2.4969 0 -1 0 0 0 0 -0.994986 0 0.100019
113.681 -140.064 -6.4665 0.7456 2.4969 0 -1 0 0 0 0 -0.993106 0 0.117219
123.024 -140.064 -25.4733 0.7342 2.4969 0 -1 0 0 0 0 -0.993106 0 0.117219
135.786 -140.064 -29.4926 0.7326 2.4969 0 -1 0 0 0 0 -0.993106 0 0.117219
113.681 -140.064 7.4216 0.7544 2.4969 0 -1 0 -0 0 0 -0.999962 0 0.00872858
110.261 -140.064 0.507401 0.75 2.4969 0 -1 0 -0 0 0 -0.999962 0 0.00872858
113.681 -140.064 -6.4665 0.7456 2.4969 0 -1 0 -0 0 0 -0.999962 0 0.00872858
113.681 -140.064 7.4216 0.7544 2.4969 0 -1 0 0 0 0 -0.993617 0 0.112804
113.681 -140.064 -6.4665 0.7456 2.4969 0 -1 0 0 0 0 -0.993617 0 0.112804
135.786 -140.064 -29.4926 0.7326 2.4969 0 -1 0 0 0 0 -0.993617 0 0.112804
113.681 -140.064 7.4216 0.7544 2.4969 0 -1 0 0 0 -0 -0.99928 -0 -0.0379294
135.786 -140.064 -29.4926 0.7326 2.4969 0 -1 0 0 0 -0 -0.99928 -0 -0.0379294
157.892 -140.064 15.5074 0.7581 2.4969 0 -1 0 0 0 -0 -0.99928 -0 -0.0379294
113.681 -140.064 7.4216 0.7544 2.4969 0 -1 0 0 0 0 -0.999203 0 -0.0399262
157.892 -140.064 15.5074 0.7581 2.4969 0 -1 0 0 0 0 -0.999203 0 -0.0399262
135.786 -140.064 30.5074 0.7674 2.4969 0 -1 0 0 0 0 -0.999203 0 -0.0399262
123.024 -140.064 26.4882 0.7658 2.4969 0 -1 0 -0 0 -0 -0.993192 -0 -0.116492
113.681 -140.064 7.4216 0.7544 2.4969 0 -1 0 -0 0 -0 -0.993192 -0 -0.116492
135.786 -140.064 30.5074 0.7674 2.4969 0 -1 0 -0 0 -0 -0.993192 -0 -0.116492
Index count: 615
0
1
2
3
4
5
6
7
8
9
10
11
12
13
14
14
15
12
16
17
18
18
19
16
20
21
22
22
23
20
24
25
26
26
27
24
28
29
30
30
31
28
32
33
34
34
35
32
36
37
38
38
39
36
40
41
42
42
43
40
44
45
46
47
48
49
50
51
52
53
54
55
56
57
58
58
59
56
60
61
62
62
63
60
64
65
66
66
67
64
68
69
70
70
71
68
72
73
74
74
75
72
76
77
78
78
79
76
80
81
82
82
83
80
84
85
86
86
87
84
88
89
90
90
91
88
92
93
94
94
95
92
96
97
98
99
100
101
102
103
104
105
106
107
108
109
110
110
111
108
112
113
114
114
115
112
116
117
118
118
119
116
120
121
122
122
123
120
124
125
126
126
127
124
128
129
130
130
131
128
132
133
134
134
135
132
136
137
138
138
139
136
140
141
142
143
144
145
146
147
148
149
150
151
152
153
154
154
155
152
156
157
158
158
159
156
160
161
162
162
163
160
164
165
166
166
167
164
168
169
170
170
171
168
172
173
174
174
175
172
176
177
178
178
179
176
180
181
182
182
183
180
184
185
186
186
187
184
188
189
190
190
191
188
192
193
194
195
196
197
198
199
200
201
202
203
204
205
206
206
207
204
208
209
210
211
212
213
214
215
216
217
218
219
220
221
222
223
224
225
226
227
228
229
230
231
232
233
234
235
236
237
238
239
240
241
242
243
244
245
246
247
248
249
250
251
252
253
254
255
256
257
258
258
259
256
260
261
262
263
264
265
266
267
268
269
270
271
272
273
274
275
276
277
278
279
280
280
281
278
282
283
284
285
286
287
288
289
290
291
292
293
294
295
296
297
298
299
300
301
302
303
304
305
306
307
308
309
310
311
312
313
314
315
316
317
196
195
318
319
320
321
322
323
324
325
326
327
328
329
330
330
331
328
332
333
334
335
336
337
338
339
340
341
342
343
344
345
346
347
348
349
342
341
350
351
352
353
354
355
356
345
344
357
358
359
360
361
362
363
364
365
366
367
368
369
370
371
372
373
374
375
376
377
378
379
380
381
382
383
384
385
386
387
388
389
390
391
392
393
394
395
396
397
398
399
400
401
402
403
404
405
406
407
408
409
410
411
412
413
414
415
416
417
418
419
420
420
421
418
422
423
424
425
426
427
428
429
430
430
431
428
432
433
434
435
436
437
438
439
440
441
442
443
444
445
446
447
448
449
450
451
452
453
454
455
456
457
458
459
460
461
462
463
464
465
466
467
468
469
470
471
472
473
474
475
476
477
478
479
480
481
482
483
484
485
486
487
488
489
490
491
492
493
494
495
496
497
498
499
500
501
502
503
504
505
506
507
508
509
510
511
512
513
514
515
516
517
518
519
520
521
522
523
524
