bounding box: -91.8784 -107.917 -22.5 91.8784 107.917 22.5
Material name: bronz.mat
Vertex Count: 910
-62.2305 -93.9834 11.8848 0.9124 0.1941 0.0088 -0.9998 -0.0149 -1 0 0 0 0 -1
-62.2305 -93.9834 -11.8848 0.9124 0.8059 0.1996 -0.9783 0.0561 -1 0 0 0 0 -1
62.2305 -93.9834 -11.8848 0.0876 0.8059 -0.0088 -0.9998 0.0149 -1 0 0 0 0 -1
62.2305 -93.9834 11.8848 0.0876 0.1941 -0.1996 -0.9783 -0.0561 -1 0 0 -0 0 -1
62.2305 -93.9834 11.8848 0.0876 0.1941 -0.1996 -0.9783 -0.0561 -1 0 0 0.334658 0.0469437 -0.94117
58.8442 -94.4584 21.408 0.0876 0 -0.3332 -0.9343 -0.1272 -1 0 0 0.334658 0.0469437 -0.94117
-58.8444 -94.4584 21.408 0.9124 0 0 -0.9988 -0.0498 -1 0 0 0.334658 0.0469437 -0.94117
-58.8444 -94.4584 21.408 0.9124 0 0 -0.9988 -0.0498 -1 0 0 -0.334647 0.0469439 -0.941173
-62.2305 -93.9834 11.8848 0.9124 0.1941 0.0088 -0.9998 -0.0149 -1 0 0 -0.334647 0.0469439 -0.941173
62.2305 -93.9834 11.8848 0.0876 0.1941 -0.1996 -0.9783 -0.0561 -1 0 0 -0.334647 0.0469439 -0.941173
62.2305 -93.9834 11.8848 0.0876 0.1941 -0.1996 -0.9783 -0.0561 -0.999708 0.0171833 -0.0169948 0 0 -1
62.2305 -93.9834 -11.8848 0.0876 0.8059 -0.0088 -0.9998 0.0149 -0.999708 0.0171833 -0.0169948 0 0 -1
89.8654 -94.4584 -11.415 0 0.8059 -0.0253 -0.9997 0 -0.999708 0.0171833 -0.0169948 0 0 -1
89.8654 -94.4584 -11.415 0 0.8059 -0.0253 -0.9997 0 -0.999708 0.0171833 0.0169954 -0 0 -1
89.8654 -94.4584 11.415 0 0.1941 -0.0253 -0.9997 0 -0.999708 0.0171833 0.0169954 -0 0 -1
62.2305 -93.9834 11.8848 0.0876 0.1941 -0.1996 -0.9783 -0.0561 -0.999708 0.0171833 0.0169954 -0 0 -1
-62.2305 -93.9834 -11.8848 0.9124 0.8059 0.1996 -0.9783 0.0561 -1 0 0 0.334647 -0.0469439 -0.941173
-58.8444 -94.4584 -21.408 0.9124 1 0.3332 -0.9343 0.1272 -1 0 0 0.334647 -0.0469439 -0.941173
58.8442 -94.4584 -21.408 0.0876 1 0 -0.9988 0.0498 -1 0 0 0.334647 -0.0469439 -0.941173
58.8442 -94.4584 -21.408 0.0876 1 0 -0.9988 0.0498 -1 0 0 -0.334658 -0.0469437 -0.94117
62.2305 -93.9834 -11.8848 0.0876 0.8059 -0.0088 -0.9998 0.0149 -1 0 0 -0.334658 -0.0469437 -0.94117
-62.2305 -93.9834 -11.8848 0.9124 0.8059 0.1996 -0.9783 0.0561 -1 0 0 -0.334658 -0.0469437 -0.94117
-62.2305 -93.9834 -11.8848 0.9124 0.8059 0.1996 -0.9783 0.0561 -0.999708 -0.0171833 -0.0169953 -0 -0 -1
-62.2305 -93.9834 11.8848 0.9124 0.1941 0.0088 -0.9998 -0.0149 -0.999708 -0.0171833 -0.0169953 -0 -0 -1
-89.8655 -94.4584 11.415 1 0.1941 0.0253 -0.9997 0 -0.999708 -0.0171833 -0.0169953 -0 -0 -1
-89.8655 -94.4584 11.415 1 0.1941 0.0253 -0.9997 0 -0.999708 -0.0171833 0.0169948 0 0 -1
-89.8655 -94.4584 -11.415 1 0.8059 0.0253 -0.9997 0 -0.999708 -0.0171833 0.0169948 0 0 -1
-62.2305 -93.9834 -11.8848 0.9124 0.8059 0.1996 -0.9783 0.0561 -0.999708 -0.0171833 0.0169948 0 0 -1
-78.4591 -107.917 15.22 0.9124 0.1941 0.4155 -0.9089 -0.0354 -0.749665 -0.643635 0.154066 0 0 0
-62.2305 -93.9834 11.8848 0.9124 0.1941 0.7409 -0.6376 -0.211 -0.749665 -0.643635 0.154066 0 0 0
-58.8444 -94.4584 21.408 0.9124 0 0.7376 -0.6541 -0.1679 -0.749665 -0.643635 0.154066 0 0 0
-91.8784 107.917 22.5 1 0 -0.0001 -0.0057 1 -1 0 0 0.100948 -0.994877 -0.00536826
-58.8444 -94.4584 21.408 0.9124 1 -0.0073 -0.0085 0.9999 -1 0 0 0.100948 -0.994877 -0.00536826
58.8442 -94.4584 21.408 0.0876 1 0.0054 -0.0075 1 -1 0 0 0.100948 -0.994877 -0.00536826
78.459 -107.917 21.044 0.0876 0 -0.7611 -0.6455 -0.0646 -0.824472 0.565696 0.0153007 0 0 -0
58.8442 -94.4584 21.408 0.0876 0 -0.3332 -0.9343 -0.1272 -0.824472 0.565696 0.0153007 0 0 -0
62.2305 -93.9834 11.8848 0.0876 0.1941 -0.1996 -0.9783 -0.0561 -0.824472 0.565696 0.0153007 0 0 -0
78.459 -107.917 15.22 0.0876 0.1941 -0.016 -0.2635 -0.9645 -0 0 0 -0.749663 0.643637 -0.154067
62.2305 -93.9834 11.8848 0.0876 0.1941 -0.0306 -0.2556 -0.9663 -0 0 0 -0.749663 0.643637 -0.154067
89.8654 -94.4584 11.415 0 0.1941 -0.0213 -0.2606 -0.9652 -0 0 0 -0.749663 0.643637 -0.154067
91.8784 107.917 22.5 1 0 1 -0.0075 0 0 0 1 -0.0099443 -0.99977 -0.0189799
89.8654 -94.4584 11.415 0.8059 1 0.9995 -0.0142 0.0292 0 0 1 -0.0099443 -0.99977 -0.0189799
89.8654 -94.4584 -11.415 0.1941 1 0.9998 -0.0112 -0.0161 0 0 1 -0.0099443 -0.99977 -0.0189799
89.1945 -107.917 -15.22 0 0.8059 -0.0181 -0.2553 0.9667 0 0 0 -0.0479147 -0.961175 -0.271748
89.8654 -94.4584 -11.415 0 0.8059 -0.0309 -0.271 0.9621 0 0 0 -0.0479147 -0.961175 -0.271748
62.2305 -93.9834 -11.8848 0.0876 0.8059 -0.0222 -0.2603 0.9653 0 0 0 -0.0479147 -0.961175 -0.271748
78.459 -107.917 -15.22 0.0876 0.8059 -0.4155 -0.9089 0.0354 -0.749663 0.643637 0.154067 0 0 -0
62.2305 -93.9834 -11.8848 0.0876 0.8059 -0.7409 -0.6376 0.211 -0.749663 0.643637 0.154067 0 0 -0
58.8442 -94.4584 -21.408 0.0876 1 -0.7376 -0.6541 0.1679 -0.749663 0.643637 0.154067 0 0 -0
-30.5632 -56.4854 -21.6129 0.2588 0.8124 -0.0014 -0.0047 -1 1 0 0 -0.101084 -0.994863 0.00536809
65.0427 -56.4854 -21.6129 0.9288 0.8124 0.0039 -0.0058 -1 1 0 0 -0.101084 -0.994863 0.00536809
58.8442 -94.4584 -21.408 0.9124 1 0.0073 -0.0085 -0.9999 1 0 0 -0.101084 -0.994863 0.00536809
58.8442 -94.4584 -21.408 0.9124 1 0.0073 -0.0085 -0.9999 1 -0 0 -0.100948 -0.994877 0.00536817
-58.8444 -94.4584 -21.408 0.0876 1 -0.0054 -0.0075 -1 1 -0 0 -0.100948 -0.994877 0.00536817
-30.5632 -56.4854 -21.6129 0.2588 0.8124 -0.0014 -0.0047 -1 1 -0 0 -0.100948 -0.994877 0.00536817
-78.4591 -107.917 -21.044 0.9124 1 0.7611 -0.6455 0.0646 -0.824472 -0.565696 0.0153 0 0 0
-58.8444 -94.4584 -21.408 0.9124 1 0.3332 -0.9343 0.1272 -0.824472 -0.565696 0.0153 0 0 0
-62.2305 -93.9834 -11.8848 0.9124 0.8059 0.1996 -0.9783 0.0561 -0.824472 -0.565696 0.0153 0 0 0
-78.4591 -107.917 -15.22 0.9124 0.8059 0.016 -0.2635 0.9645 0 0 0 -0.749665 -0.643635 -0.154066
-62.2305 -93.9834 -11.8848 0.9124 0.8059 0.0306 -0.2556 0.9663 0 0 0 -0.749665 -0.643635 -0.154066
-89.8655 -94.4584 -11.415 1 0.8059 0.0213 -0.2606 0.9652 0 0 0 -0.749665 -0.643635 -0.154066
-91.8784 107.917 -22.5 1 0 -1 -0.0075 -0 0 0 -1 0.0099443 -0.99977 0.0189799
-89.8655 -94.4584 -11.415 0.8059 1 -0.9995 -0.0142 -0.0292 0 0 -1 0.0099443 -0.99977 0.0189799
-89.8655 -94.4584 11.415 0.1941 1 -0.9998 -0.0112 0.0161 0 0 -1 0.0099443 -0.99977 0.0189799
-89.1946 -107.917 15.22 1 0.1941 0.0181 -0.2553 -0.9667 -0 0 0 -0.0479147 0.961175 -0.271749
-89.8655 -94.4584 11.415 1 0.1941 0.0309 -0.271 -0.9621 -0 0 0 -0.0479147 0.961175 -0.271749
-62.2305 -93.9834 11.8848 0.9124 0.1941 0.0222 -0.2603 -0.9653 -0 0 0 -0.0479147 0.961175 -0.271749
-78.4591 -107.917 21.044 0.9124 0 0.387 -0.9221 0 -0.824472 -0.565696 -0.0153007 0 0 0
-78.4591 -107.917 15.22 0.9124 0.1941 0.4155 -0.9089 -0.0354 -0.824472 -0.565696 -0.0153007 0 0 0
-58.8444 -94.4584 21.408 0.9124 0 0.7376 -0.6541 -0.1679 -0.824472 -0.565696 -0.0153007 0 0 0
-78.4591 -107.917 15.22 0.9124 0.1941 0 -0.2328 -0.9725 -0 0 0 0.749665 0.643635 -0.154066
-89.1946 -107.917 15.22 1 0.1941 0.0181 -0.2553 -0.9667 -0 0 0 0.749665 0.643635 -0.154066
-62.2305 -93.9834 11.8848 0.9124 0.1941 0.0222 -0.2603 -0.9653 -0 0 0 0.749665 0.643635 -0.154066
-91.8784 107.917 22.5 1 0 -0.0001 -0.0057 1 -0.778622 -0.627493 0 -0.349068 -0.937095 -0.00221129
58.8442 -94.4584 21.408 0.0876 1 0.0054 -0.0075 1 -0.778622 -0.627493 0 -0.349068 -0.937095 -0.00221129
89.8654 -69.4584 21.408 0 1 0.0048 -0.0053 1 -0.778622 -0.627493 0 -0.349068 -0.937095 -0.00221129
-91.8784 107.917 22.5 1 0 -0.0001 -0.0057 1 -0.778622 0.627493 0 0.0113476 -0.999917 -0.00615591
-89.8655 -69.4584 21.408 1 1 -0.0081 -0.0074 0.9999 -0.778622 0.627493 0 0.0113476 -0.999917 -0.00615591
-58.8444 -94.4584 21.408 0.9124 1 -0.0073 -0.0085 0.9999 -0.778622 0.627493 0 0.0113476 -0.999917 -0.00615591
78.459 -107.917 15.22 0.0876 0.1941 -0.7838 -0.621 0 -0.749663 0.643637 -0.154067 -0 0 -0
78.459 -107.917 21.044 0.0876 0 -0.7611 -0.6455 -0.0646 -0.749663 0.643637 -0.154067 -0 0 -0
62.2305 -93.9834 11.8848 0.0876 0.1941 -0.1996 -0.9783 -0.0561 -0.749663 0.643637 -0.154067 -0 0 -0
78.459 -107.917 21.044 0.0876 0 0 -0.027 0.9996 0 0 0 0.824472 -0.565696 -0.0153007
89.1945 -107.917 21.044 0 0 0.0072 -0.016 0.9998 0 0 0 0.824472 -0.565696 -0.0153007
58.8442 -94.4584 21.408 0.0876 0 0.0054 -0.0075 1 0 0 0 0.824472 -0.565696 -0.0153007
89.1945 -107.917 15.22 0 0.1941 0 -0.2721 -0.9623 -0 0 0 0.0479147 0.961175 -0.271749
78.459 -107.917 15.22 0.0876 0.1941 -0.016 -0.2635 -0.9645 -0 0 0 0.0479147 0.961175 -0.271749
89.8654 -94.4584 11.415 0 0.1941 -0.0213 -0.2606 -0.9652 -0 0 0 0.0479147 0.961175 -0.271749
91.8784 107.917 22.5 1 0 1 -0.0075 0 0 -0.928566 0.371166 -0.00657233 -0.999672 0.0247351
89.8654 -94.4584 -11.415 0.1941 1 0.9998 -0.0112 -0.0161 0 -0.928566 0.371166 -0.00657233 -0.999672 0.0247351
89.8654 -69.4584 -21.408 0 1 0.9999 -0.0059 -0.0132 0 -0.928566 0.371166 -0.00657233 -0.999672 0.0247351
91.8784 107.917 22.5 1 0 1 -0.0075 0 0 0.928566 0.371167 -0.0113476 -0.999917 -0.00615591
89.8654 -69.4584 21.408 1 1 0.9997 -0.0089 0.0208 0 0.928566 0.371167 -0.0113476 -0.999917 -0.00615591
89.8654 -94.4584 11.415 0.8059 1 0.9995 -0.0142 0.0292 0 0.928566 0.371167 -0.0113476 -0.999917 -0.00615591
78.459 -107.917 -15.22 0.0876 0.8059 0 -0.2328 0.9725 0 0 0 0.749663 -0.643637 -0.154067
89.1945 -107.917 -15.22 0 0.8059 -0.0181 -0.2553 0.9667 0 0 0 0.749663 -0.643637 -0.154067
62.2305 -93.9834 -11.8848 0.0876 0.8059 -0.0222 -0.2603 0.9653 0 0 0 0.749663 -0.643637 -0.154067
89.1945 -107.917 -15.22 0 0.8059 0.9994 -0.0339 0 -0.0479147 -0.961175 -0.271748 0 0 0
89.1945 -107.917 -21.044 0 1 0.9996 -0.0252 -0.0121 -0.0479147 -0.961175 -0.271748 0 0 0
89.8654 -94.4584 -11.415 0 0.8059 0.9998 -0.0112 -0.0161 -0.0479147 -0.961175 -0.271748 0 0 0
78.459 -107.917 -21.044 0.0876 1 -0.387 -0.9221 0 -0.824472 0.565696 -0.0153 -0 0 -0
78.459 -107.917 -15.22 0.0876 0.8059 -0.4155 -0.9089 0.0354 -0.824472 0.565696 -0.0153 -0 0 -0
58.8442 -94.4584 -21.408 0.0876 1 -0.7376 -0.6541 0.1679 -0.824472 0.565696 -0.0153 -0 0 -0
-76.573 -56.4854 -21.4879 0.0731 0.9269 -0.0028 -0.0042 -1 0.778517 -0.627623 1.51376e-006 0.348875 -0.937167 0.00221268
-30.5632 -56.4854 -21.6129 0.2588 0.8124 -0.0014 -0.0047 -1 0.778517 -0.627623 1.51376e-006 0.348875 -0.937167 0.00221268
-58.8444 -94.4584 -21.408 0.0876 1 -0.0054 -0.0075 -1 0.778517 -0.627623 1.51376e-006 0.348875 -0.937167 0.00221268
-58.8444 -94.4584 -21.408 0.0876 1 -0.0054 -0.0075 -1 0.778622 -0.627493 0 0.348834 -0.937182 0.00221299
-89.8655 -69.4584 -21.408 0 1 -0.0048 -0.0053 -1 0.778622 -0.627493 0 0.348834 -0.937182 0.00221299
-76.573 -56.4854 -21.4879 0.0731 0.9269 -0.0028 -0.0042 -1 0.778622 -0.627493 0 0.348834 -0.937182 0.00221299
88.093 84.7261 -22.3749 0.99 0.1146 0.0071 -0.0062 -1 0.778775 0.627304 1.11959e-005 -0.0113475 -0.999917 0.00615591
91.8784 107.917 -22.5 1 0 0.0001 -0.0057 -1 0.778775 0.627304 1.11959e-005 -0.0113475 -0.999917 0.00615591
89.8654 -69.4584 -21.408 1 1 0.0081 -0.0074 -0.9999 0.778775 0.627304 1.11959e-005 -0.0113475 -0.999917 0.00615591
88.093 67.4679 -22.2676 0.9905 0.2128 0.0074 -0.0062 -1 0.780346 0.625348 -0.0002389 -0.00928112 -0.999938 0.00617354
88.093 84.7261 -22.3749 0.99 0.1146 0.0071 -0.0062 -1 0.780346 0.625348 -0.0002389 -0.00928112 -0.999938 0.00617354
89.8654 -69.4584 -21.408 1 1 0.0081 -0.0074 -0.9999 0.780346 0.625348 -0.0002389 -0.00928112 -0.999938 0.00617354
84.2856 61.402 -22.249 0.9799 0.2298 0.0034 -0.0058 -1 0.776713 0.629854 -4.11205e-005 -0.0157484 -0.999857 0.00613364
85.0593 66.1413 -22.2746 0.9819 0.2064 0.0039 -0.0058 -1 0.776713 0.629854 -4.11205e-005 -0.0157484 -0.999857 0.00613364
86.1428 66.1413 -22.2692 0.985 0.2114 0.0074 -0.0062 -1 0.776713 0.629854 -4.11205e-005 -0.0157484 -0.999857 0.00613364
84.2856 61.402 -22.249 0.9799 0.2298 0.0034 -0.0058 -1 0.535346 0.844629 -0.00256358 -0.228169 -0.973609 0.00492301
86.1428 66.1413 -22.2692 0.985 0.2114 0.0074 -0.0062 -1 0.535346 0.844629 -0.00256358 -0.228169 -0.973609 0.00492301
87.1179 66.8046 -22.2684 0.9906 0.2203 0.0074 -0.0062 -1 0.535346 0.844629 -0.00256358 -0.228169 -0.973609 0.00492301
84.2856 61.402 -22.249 0.9799 0.2298 0.0034 -0.0058 -1 0.33041 0.943828 -0.00421986 -0.814342 -0.580385 -0.000497865
87.1179 66.8046 -22.2684 0.9906 0.2203 0.0074 -0.0062 -1 0.33041 0.943828 -0.00421986 -0.814342 -0.580385 -0.000497865
88.093 67.4679 -22.2676 0.9905 0.2128 0.0074 -0.0062 -1 0.33041 0.943828 -0.00421986 -0.814342 -0.580385 -0.000497865
86.1428 61.402 -22.2397 0.9852 0.2384 0.0074 -0.0062 -1 0.776635 0.62995 -2.08986e-005 -0.0153221 -0.999864 0.00613438
84.2856 61.402 -22.249 0.9799 0.2298 0.0034 -0.0058 -1 0.776635 0.62995 -2.08986e-005 -0.0153221 -0.999864 0.00613438
88.093 67.4679 -22.2676 0.9905 0.2128 0.0074 -0.0062 -1 0.776635 0.62995 -2.08986e-005 -0.0153221 -0.999864 0.00613438
87.1179 60.7387 -22.2307 0.9907 0.2473 0.0074 -0.0062 -1 0.752747 0.658309 -0.000318701 -0.149018 -0.98882 0.00539511
86.1428 61.402 -22.2397 0.9852 0.2384 0.0074 -0.0062 -1 0.752747 0.658309 -0.000318701 -0.149018 -0.98882 0.00539511
88.093 67.4679 -22.2676 0.9905 0.2128 0.0074 -0.0062 -1 0.752747 0.658309 -0.000318701 -0.149018 -0.98882 0.00539511
88.093 60.0754 -22.2217 0.9908 0.2548 0.0074 -0.0062 -1 0.829385 0.558677 0.000683743 -0.475717 -0.879593 0.0030806
87.1179 60.7387 -22.2307 0.9907 0.2473 0.0074 -0.0062 -1 0.829385 0.558677 0.000683743 -0.475717 -0.879593 0.0030806
88.093 67.4679 -22.2676 0.9905 0.2128 0.0074 -0.0062 -1 0.829385 0.558677 0.000683743 -0.475717 -0.879593 0.0030806
88.093 60.0754 -22.2217 0.9908 0.2548 0.0074 -0.0062 -1 0.736005 0.676976 -0.000394498 -0.0182362 -0.999815 0.00611529
88.093 67.4679 -22.2676 0.9905 0.2128 0.0074 -0.0062 -1 0.736005 0.676976 -0.000394498 -0.0182362 -0.999815 0.00611529
89.8654 -69.4584 -21.408 1 1 0.0081 -0.0074 -0.9999 0.736005 0.676976 -0.000394498 -0.0182362 -0.999815 0.00611529
88.093 26.9929 -22.0162 0.9918 0.4431 0.0074 -0.0062 -1 0.786733 0.617293 0.000204131 -0.0101376 -0.99993 0.00615897
88.093 60.0754 -22.2217 0.9908 0.2548 0.0074 -0.0062 -1 0.786733 0.617293 0.000204131 -0.0101376 -0.99993 0.00615897
89.8654 -69.4584 -21.408 1 1 0.0081 -0.0074 -0.9999 0.786733 0.617293 0.000204131 -0.0101376 -0.99993 0.00615897
77.6919 21.0072 -22.031 0.9624 0.4294 0.0034 -0.0058 -1 0.778088 0.628156 -1.46464e-005 -0.0125155 -0.999903 0.00616096
78.4525 25.6665 -22.0562 0.9644 0.4064 0.0039 -0.0058 -1 0.778088 0.628156 -1.46464e-005 -0.0125155 -0.999903 0.00616096
86.1428 25.6665 -22.0177 0.9863 0.4417 0.0074 -0.0062 -1 0.778088 0.628156 -1.46464e-005 -0.0125155 -0.999903 0.00616096
86.1428 21.0072 -21.9887 0.9865 0.4682 0.0074 -0.0062 -1 0.778119 0.628116 -1.38926e-005 -0.0150529 -0.999868 0.00614629
77.6919 21.0072 -22.031 0.9624 0.4294 0.0034 -0.0058 -1 0.778119 0.628116 -1.38926e-005 -0.0150529 -0.999868 0.00614629
86.1428 25.6665 -22.0177 0.9863 0.4417 0.0074 -0.0062 -1 0.778119 0.628116 -1.38926e-005 -0.0150529 -0.999868 0.00614629
86.1428 21.0072 -21.9887 0.9865 0.4682 0.0074 -0.0062 -1 0.400939 0.916098 -0.00367732 -0.00743753 -0.999953 0.00618463
86.1428 25.6665 -22.0177 0.9863 0.4417 0.0074 -0.0062 -1 0.400939 0.916098 -0.00367732 -0.00743753 -0.999953 0.00618463
87.1179 26.3296 -22.0169 0.9919 0.4506 0.0074 -0.0062 -1 0.400939 0.916098 -0.00367732 -0.00743753 -0.999953 0.00618463
86.1428 21.0072 -21.9887 0.9865 0.4682 0.0074 -0.0062 -1 -0.329206 0.944229 -0.00748322 -0.793431 -0.60866 -0.000143759
87.1179 26.3296 -22.0169 0.9919 0.4506 0.0074 -0.0062 -1 -0.329206 0.944229 -0.00748322 -0.793431 -0.60866 -0.000143759
88.093 26.9929 -22.0162 0.9918 0.4431 0.0074 -0.0062 -1 -0.329206 0.944229 -0.00748322 -0.793431 -0.60866 -0.000143759
87.1179 20.3439 -21.9797 0.992 0.4771 0.0074 -0.0062 -1 0.752373 0.658737 -0.000337205 -0.150792 -0.988551 0.00539747
86.1428 21.0072 -21.9887 0.9865 0.4682 0.0074 -0.0062 -1 0.752373 0.658737 -0.000337205 -0.150792 -0.988551 0.00539747
88.093 26.9929 -22.0162 0.9918 0.4431 0.0074 -0.0062 -1 0.752373 0.658737 -0.000337205 -0.150792 -0.988551 0.00539747
88.093 19.6806 -21.9707 0.9921 0.4847 0.0351 -0.0062 -0.9994 0.823165 0.567802 0.000582371 -0.48156 -0.876408 0.0030459
87.1179 20.3439 -21.9797 0.992 0.4771 0.0074 -0.0062 -1 0.823165 0.567802 0.000582371 -0.48156 -0.876408 0.0030459
88.093 26.9929 -22.0162 0.9918 0.4431 0.0074 -0.0062 -1 0.823165 0.567802 0.000582371 -0.48156 -0.876408 0.0030459
88.093 -13.4018 -21.7652 0.9931 0.6729 0.0074 -0.0062 -1 -0 0.966666 0.256042 -0 -0.999981 0.00618183
88.093 19.6806 -21.9707 0.9921 0.4847 0.0351 -0.0062 -0.9994 -0 0.966666 0.256042 -0 -0.999981 0.00618183
88.093 26.9929 -22.0162 0.9918 0.4431 0.0074 -0.0062 -1 -0 0.966666 0.256042 -0 -0.999981 0.00618183
88.093 -13.4018 -21.7652 0.9931 0.6729 0.0074 -0.0062 -1 0.775776 0.631009 -4.09114e-005 -0.0111924 -0.999918 0.00615738
88.093 26.9929 -22.0162 0.9918 0.4431 0.0074 -0.0062 -1 0.775776 0.631009 -4.09114e-005 -0.0111924 -0.999918 0.00615738
89.8654 -69.4584 -21.408 1 1 0.0081 -0.0074 -0.9999 0.775776 0.631009 -4.09114e-005 -0.0111924 -0.999918 0.00615738
70.8759 -20.7498 -21.8057 0.9443 0.6358 0.0034 -0.0058 -1 0.779031 0.626985 2.37885e-006 -0.0116924 -0.999913 0.00615551
71.8588 -14.7284 -21.8382 0.9469 0.606 0.0039 -0.0058 -1 0.779031 0.626985 2.37885e-006 -0.0116924 -0.999913 0.00615551
86.1428 -14.7284 -21.7667 0.9876 0.6715 0.0074 -0.0062 -1 0.779031 0.626985 2.37885e-006 -0.0116924 -0.999913 0.00615551
86.1431 -20.7498 -21.7293 0.9878 0.7058 0.0074 -0.0062 -1 0.778994 0.627032 3.08646e-006 -0.0116143 -0.999914 0.00615221
70.8759 -20.7498 -21.8057 0.9443 0.6358 0.0034 -0.0058 -1 0.778994 0.627032 3.08646e-006 -0.0116143 -0.999914 0.00615221
86.1428 -14.7284 -21.7667 0.9876 0.6715 0.0074 -0.0062 -1 0.778994 0.627032 3.08646e-006 -0.0116143 -0.999914 0.00615221
86.1431 -20.7498 -21.7293 0.9878 0.7058 0.0074 -0.0062 -1 0.398599 0.917118 -0.00368135 -0.00571918 -0.999965 0.00618173
86.1428 -14.7284 -21.7667 0.9876 0.6715 0.0074 -0.0062 -1 0.398599 0.917118 -0.00368135 -0.00571918 -0.999965 0.00618173
87.1179 -14.0651 -21.7659 0.9932 0.6805 0.0074 -0.0062 -1 0.398599 0.917118 -0.00368135 -0.00571918 -0.999965 0.00618173
86.1431 -20.7498 -21.7293 0.9878 0.7058 0.0074 -0.0062 -1 -0.452436 0.891763 -0.00775444 -0.783713 -0.621123 -1.90876e-005
87.1179 -14.0651 -21.7659 0.9932 0.6805 0.0074 -0.0062 -1 -0.452436 0.891763 -0.00775444 -0.783713 -0.621123 -1.90876e-005
88.093 -13.4018 -21.7652 0.9931 0.6729 0.0074 -0.0062 -1 -0.452436 0.891763 -0.00775444 -0.783713 -0.621123 -1.90876e-005
87.118 -21.4131 -21.7203 0.9934 0.7147 0.0074 -0.0062 -1 0.750145 0.661273 -0.00035238 -0.127726 -0.991794 0.00552231
86.1431 -20.7498 -21.7293 0.9878 0.7058 0.0074 -0.0062 -1 0.750145 0.661273 -0.00035238 -0.127726 -0.991794 0.00552231
88.093 -13.4018 -21.7652 0.9931 0.6729 0.0074 -0.0062 -1 0.750145 0.661273 -0.00035238 -0.127726 -0.991794 0.00552231
88.093 -22.0764 -21.7113 0.9934 0.7223 0.0074 -0.0062 -1 -0.823661 -0.567082 -0.000600904 0.826778 -0.562477 0.00763426
87.118 -21.4131 -21.7203 0.9934 0.7147 0.0074 -0.0062 -1 -0.823661 -0.567082 -0.000600904 0.826778 -0.562477 0.00763426
88.093 -13.4018 -21.7652 0.9931 0.6729 0.0074 -0.0062 -1 -0.823661 -0.567082 -0.000600904 0.826778 -0.562477 0.00763426
88.093 -22.0764 -21.7113 0.9934 0.7223 0.0074 -0.0062 -1 0.788576 0.614937 0.000149552 -0.0123436 -0.999905 0.00615009
88.093 -13.4018 -21.7652 0.9931 0.6729 0.0074 -0.0062 -1 0.788576 0.614937 0.000149552 -0.0123436 -0.999905 0.00615009
89.8654 -69.4584 -21.408 1 1 0.0081 -0.0074 -0.9999 0.788576 0.614937 0.000149552 -0.0123436 -0.999905 0.00615009
88.093 -55.1589 -21.5057 0.9945 0.9105 0.0074 -0.0062 -1 0.7776 0.62876 -3.12504e-005 -0.0117288 -0.999912 0.00615566
88.093 -22.0764 -21.7113 0.9934 0.7223 0.0074 -0.0062 -1 0.7776 0.62876 -3.12504e-005 -0.0117288 -0.999912 0.00615566
89.8654 -69.4584 -21.408 1 1 0.0081 -0.0074 -0.9999 0.7776 0.62876 -3.12504e-005 -0.0117288 -0.999912 0.00615566
88.093 -55.1589 -21.5057 0.9945 0.9105 0.0074 -0.0062 -1 0.778623 0.627493 0 -0.0110434 -0.99992 0.00615625
89.8654 -69.4584 -21.408 1 1 0.0081 -0.0074 -0.9999 0.778623 0.627493 0 -0.0110434 -0.99992 0.00615625
58.8442 -94.4584 -21.408 0.9124 1 0.0073 -0.0085 -0.9999 0.778623 0.627493 0 -0.0110434 -0.99992 0.00615625
87.118 -55.8221 -21.5065 0.9945 0.9181 0.0074 -0.0062 -1 0.491401 0.870929 -0.00296066 -0.826841 -0.562436 -0.000672902
88.093 -55.1589 -21.5057 0.9945 0.9105 0.0074 -0.0062 -1 0.491401 0.870929 -0.00296066 -0.826841 -0.562436 -0.000672902
58.8442 -94.4584 -21.408 0.9124 1 0.0073 -0.0085 -0.9999 0.491401 0.870929 -0.00296066 -0.826841 -0.562436 -0.000672902
86.1431 -56.4854 -21.5072 0.989 0.9091 0.0074 -0.0062 -1 0.639362 0.768904 -0.00158537 -0.430872 -0.902407 0.00342223
87.118 -55.8221 -21.5065 0.9945 0.9181 0.0074 -0.0062 -1 0.639362 0.768904 -0.00158537 -0.430872 -0.902407 0.00342223
58.8442 -94.4584 -21.408 0.9124 1 0.0073 -0.0085 -0.9999 0.639362 0.768904 -0.00158537 -0.430872 -0.902407 0.00342223
65.0427 -56.4854 -21.6129 0.9288 0.8124 0.0039 -0.0058 -1 0.778719 0.627372 2.65284e-006 -0.0118556 -0.999911 0.00615355
86.1431 -56.4854 -21.5072 0.989 0.9091 0.0074 -0.0062 -1 0.778719 0.627372 2.65284e-006 -0.0118556 -0.999911 0.00615355
58.8442 -94.4584 -21.408 0.9124 1 0.0073 -0.0085 -0.9999 0.778719 0.627372 2.65284e-006 -0.0118556 -0.999911 0.00615355
-78.4591 -107.917 -15.22 0.9124 0.8059 0.7838 -0.621 0 -0.749665 -0.643635 -0.154066 0 0 0
-78.4591 -107.917 -21.044 0.9124 1 0.7611 -0.6455 0.0646 -0.749665 -0.643635 -0.154066 0 0 0
-62.2305 -93.9834 -11.8848 0.9124 0.8059 0.1996 -0.9783 0.0561 -0.749665 -0.643635 -0.154066 0 0 0
-78.4591 -107.917 -21.044 0.9124 1 0 -0.027 -0.9996 -0 0 0 0.824472 0.565696 -0.0153
-89.1946 -107.917 -21.044 1 1 -0.0072 -0.016 -0.9998 -0 0 0 0.824472 0.565696 -0.0153
-58.8444 -94.4584 -21.408 0.9124 1 -0.0054 -0.0075 -1 -0 0 0 0.824472 0.565696 -0.0153
-89.1946 -107.917 -15.22 1 0.8059 0 -0.2721 0.9623 0 0 0 0.0479147 -0.961175 -0.271748
-78.4591 -107.917 -15.22 0.9124 0.8059 0.016 -0.2635 0.9645 0 0 0 0.0479147 -0.961175 -0.271748
-89.8655 -94.4584 -11.415 1 0.8059 0.0213 -0.2606 0.9652 0 0 0 0.0479147 -0.961175 -0.271748
-91.8784 107.917 -22.5 1 0 -1 -0.0075 -0 0 -0.928566 -0.371167 0.00657233 -0.999672 -0.0247354
-89.8655 -94.4584 11.415 0.1941 1 -0.9998 -0.0112 0.0161 0 -0.928566 -0.371167 0.00657233 -0.999672 -0.0247354
-89.8655 -69.4584 21.408 0 1 -0.9999 -0.0059 0.0132 0 -0.928566 -0.371167 0.00657233 -0.999672 -0.0247354
-91.8784 107.917 -22.5 1 0 -1 -0.0075 -0 0 0.928566 -0.371166 0.0113476 -0.999917 0.00615591
-89.8655 -69.4584 -21.408 1 1 -0.9997 -0.0089 -0.0208 0 0.928566 -0.371166 0.0113476 -0.999917 0.00615591
-89.8655 -94.4584 -11.415 0.8059 1 -0.9995 -0.0142 -0.0292 0 0.928566 -0.371166 0.0113476 -0.999917 0.00615591
-89.1946 -107.917 15.22 1 0.1941 -0.9994 -0.0339 0 -0.0479147 0.961175 -0.271749 -0 0 -0
-89.1946 -107.917 21.044 1 0 -0.9996 -0.0252 0.0121 -0.0479147 0.961175 -0.271749 -0 0 -0
-89.8655 -94.4584 11.415 1 0.1941 -0.9998 -0.0112 0.0161 -0.0479147 0.961175 -0.271749 -0 0 -0
-78.4591 -107.917 21.044 0.9124 0 -0.0061 -0.0107 0.9999 0 0 0 -0.824472 -0.565696 -0.0153007
-58.8444 -94.4584 21.408 0.9124 0 -0.0073 -0.0085 0.9999 0 0 0 -0.824472 -0.565696 -0.0153007
-89.8655 -69.4584 21.408 1 0 -0.0081 -0.0074 0.9999 0 0 0 -0.824472 -0.565696 -0.0153007
-78.4591 -107.917 15.22 0.9124 0.1941 0.4155 -0.9089 -0.0354 -1 0 0 -0 0 -1
-78.4591 -107.917 21.044 0.9124 0 0.387 -0.9221 0 -1 0 0 -0 0 -1
-89.1946 -107.917 21.044 1 0 0 -1 0 -1 0 0 -0 0 -1
-89.1946 -107.917 15.22 1 0.1941 0 -1 0 -1 0 0 0 0 -1
91.8784 107.917 22.5 0 0 0 -0.0062 1 -1 0 0 -0.0113475 -0.999917 -0.00615591
-91.8784 107.917 22.5 1 0 -0.0001 -0.0057 1 -1 0 0 -0.0113475 -0.999917 -0.00615591
89.8654 -69.4584 21.408 0 1 0.0048 -0.0053 1 -1 0 0 -0.0113475 -0.999917 -0.00615591
89.1945 -107.917 21.044 0 0 0.0072 -0.016 0.9998 0 0 0 -0.0174414 -0.999803 -0.00946329
89.8654 -69.4584 21.408 0 0 0.0048 -0.0053 1 0 0 0 -0.0174414 -0.999803 -0.00946329
58.8442 -94.4584 21.408 0.0876 0 0.0054 -0.0075 1 0 0 0 -0.0174414 -0.999803 -0.00946329
-91.8784 107.917 22.5 0 0 -1 -0.0077 0 0 0 -1 0.0113475 -0.999917 -0.00615591
-91.8784 107.917 -22.5 1 0 -1 -0.0075 -0 0 0 -1 0.0113475 -0.999917 -0.00615591
-89.8655 -69.4584 21.408 0 1 -0.9999 -0.0059 0.0132 0 0 -1 0.0113475 -0.999917 -0.00615591
89.1945 -107.917 15.22 0 0.1941 0 -1 0 -1 0 0 -0 0 -1
89.1945 -107.917 21.044 0 0 0 -1 0 -1 0 0 -0 0 -1
78.459 -107.917 21.044 0.0876 0 0 -1 0 -1 0 0 -0 0 -1
78.459 -107.917 15.22 0.0876 0.1941 0 -1 0 -1 0 0 0 0 -1
89.1945 -107.917 15.22 0 0.1941 0.9998 -0.0137 0.0117 -0.0479147 -0.961175 0.271749 0 0 0
89.8654 -94.4584 11.415 0 0.1941 0.9995 -0.0142 0.0292 -0.0479147 -0.961175 0.271749 0 0 0
89.8654 -69.4584 21.408 0 0 0.9997 -0.0089 0.0208 -0.0479147 -0.961175 0.271749 0 0 0
91.8784 107.917 -22.5 0 0 1 -0.0077 0 0 0 1 -0.0113475 -0.999917 0.00615591
91.8784 107.917 22.5 1 0 1 -0.0075 0 0 0 1 -0.0113475 -0.999917 0.00615591
89.8654 -69.4584 -21.408 0 1 0.9999 -0.0059 -0.0132 0 0 1 -0.0113475 -0.999917 0.00615591
89.1945 -107.917 -21.044 0 1 0.9996 -0.0252 -0.0121 -0.0174414 -0.999803 0.00946289 0 0 0
89.8654 -69.4584 -21.408 0 1 0.9999 -0.0059 -0.0132 -0.0174414 -0.999803 0.00946289 0 0 0
89.8654 -94.4584 -11.415 0 0.8059 0.9998 -0.0112 -0.0161 -0.0174414 -0.999803 0.00946289 0 0 0
78.459 -107.917 -15.22 0.0876 0.8059 -0.4155 -0.9089 0.0354 -1 0 0 0 0 -1
78.459 -107.917 -21.044 0.0876 1 -0.387 -0.9221 0 -1 0 0 0 0 -1
89.1945 -107.917 -21.044 0 1 0 -1 0 -1 0 0 0 0 -1
89.1945 -107.917 -15.22 0 0.8059 0 -1 0 -1 0 0 -0 0 -1
78.459 -107.917 -21.044 0.0876 1 0.0061 -0.0107 -0.9999 -0 0 0 -0.824472 0.565696 -0.0153
58.8442 -94.4584 -21.408 0.0876 1 0.0073 -0.0085 -0.9999 -0 0 0 -0.824472 0.565696 -0.0153
89.8654 -69.4584 -21.408 0 1 0.0081 -0.0074 -0.9999 -0 0 0 -0.824472 0.565696 -0.0153
-86.3633 -56.4854 -21.4879 0.0199 0.9269 0 -0.0062 -1 1 0 0 0.0123289 -0.999905 0.00615798
-76.573 -56.4854 -21.4879 0.0731 0.9269 -0.0028 -0.0042 -1 1 0 0 0.0123289 -0.999905 0.00615798
-89.8655 -69.4584 -21.408 0 1 -0.0048 -0.0053 -1 1 0 0 0.0123289 -0.999905 0.00615798
-87.3384 -55.8221 -21.492 0.0092 0.9269 0 -0.0062 -1 0.82683 -0.562442 0.00348049 -0.118034 -0.992991 0.00611795
-86.3633 -56.4854 -21.4879 0.0199 0.9269 0 -0.0062 -1 0.82683 -0.562442 0.00348049 -0.118034 -0.992991 0.00611795
-89.8655 -69.4584 -21.408 0 1 -0.0048 -0.0053 -1 0.82683 -0.562442 0.00348049 -0.118034 -0.992991 0.00611795
-88.3135 -55.1589 -21.496 0.0093 0.9194 -0 -0.0062 -1 0.858941 0.512064 -0.00321521 0.88951 -0.456907 0.00273691
-87.3384 -55.8221 -21.492 0.0092 0.9269 0 -0.0062 -1 0.858941 0.512064 -0.00321521 0.88951 -0.456907 0.00273691
-89.8655 -69.4584 -21.408 0 1 -0.0048 -0.0053 -1 0.858941 0.512064 -0.00321521 0.88951 -0.456907 0.00273691
-33.7875 -14.7284 -21.7449 0.3086 0.6914 -0.0028 -0.0042 -1 1 0 0 0.0131071 -0.999895 0.00614453
-39.9573 -20.7498 -21.7079 0.2746 0.7254 -0.0012 -0.0053 -1 1 0 0 0.0131071 -0.999895 0.00614453
-86.3633 -20.7498 -21.7079 0.0221 0.7254 -0 -0.0062 -1 1 0 0 0.0131071 -0.999895 0.00614453
-86.3635 -14.7284 -21.7449 0.0224 0.6914 0 -0.0062 -1 1 0 0 0.00919252 -0.999939 0.0061448
-33.7875 -14.7284 -21.7449 0.3086 0.6914 -0.0028 -0.0042 -1 1 0 0 0.00919252 -0.999939 0.0061448
-86.3633 -20.7498 -21.7079 0.0221 0.7254 -0 -0.0062 -1 1 0 0 0.00919252 -0.999939 0.0061448
-86.3635 -14.7284 -21.7449 0.0224 0.6914 0 -0.0062 -1 0.826829 0.562442 -0.00348049 0.00463803 -0.99997 0.00614486
-86.3633 -20.7498 -21.7079 0.0221 0.7254 -0 -0.0062 -1 0.826829 0.562442 -0.00348049 0.00463803 -0.99997 0.00614486
-87.3384 -21.4131 -21.7038 0.0115 0.7254 -0 -0.0062 -1 0.826829 0.562442 -0.00348049 0.00463803 -0.99997 0.00614486
-86.3635 -14.7284 -21.7449 0.0224 0.6914 0 -0.0062 -1 -0.683686 0.729762 -0.00447825 -0.848733 -0.528812 0.00326106
-87.3384 -21.4131 -21.7038 0.0115 0.7254 -0 -0.0062 -1 -0.683686 0.729762 -0.00447825 -0.848733 -0.528812 0.00326106
-88.3135 -22.0764 -21.6997 0.0114 0.7329 0 -0.0062 -1 -0.683686 0.729762 -0.00447825 -0.848733 -0.528812 0.00326106
-87.3386 -14.0651 -21.749 0.0118 0.6914 0 -0.0062 -1 0.82683 -0.562442 0.00348049 -0.115938 -0.993238 0.00611244
-86.3635 -14.7284 -21.7449 0.0224 0.6914 0 -0.0062 -1 0.82683 -0.562442 0.00348049 -0.115938 -0.993238 0.00611244
-88.3135 -22.0764 -21.6997 0.0114 0.7329 0 -0.0062 -1 0.82683 -0.562442 0.00348049 -0.115938 -0.993238 0.00611244
-88.3136 -13.4018 -21.7531 0.0119 0.684 -0 -0.0062 -1 -0.832264 -0.554369 0.00340617 -0.672951 -0.739673 0.0045478
-87.3386 -14.0651 -21.749 0.0118 0.6914 0 -0.0062 -1 -0.832264 -0.554369 0.00340617 -0.672951 -0.739673 0.0045478
-88.3135 -22.0764 -21.6997 0.0114 0.7329 0 -0.0062 -1 -0.832264 -0.554369 0.00340617 -0.672951 -0.739673 0.0045478
7.60217 25.6665 -21.9936 0.5363 0.4637 -0.0028 -0.0042 -1 1 0 0 0.01259 -0.999902 0.00615962
2.82825 21.0072 -21.9649 0.51 0.49 -0.0012 -0.0053 -1 1 0 0 0.01259 -0.999902 0.00615962
-86.3635 21.0072 -21.9649 0.0246 0.49 -0 -0.0062 -1 1 0 0 0.01259 -0.999902 0.00615962
-86.3634 25.6665 -21.9936 0.0249 0.4637 0 -0.0062 -1 1 0 0 0.0118037 -0.999911 0.00615968
7.60217 25.6665 -21.9936 0.5363 0.4637 -0.0028 -0.0042 -1 1 0 0 0.0118037 -0.999911 0.00615968
-86.3635 21.0072 -21.9649 0.0246 0.49 -0 -0.0062 -1 1 0 0 0.0118037 -0.999911 0.00615968
-86.3634 25.6665 -21.9936 0.0249 0.4637 0 -0.0062 -1 0.826833 0.562437 -0.00338993 0.0059206 -0.999964 0.00616054
-86.3635 21.0072 -21.9649 0.0246 0.49 -0 -0.0062 -1 0.826833 0.562437 -0.00338993 0.0059206 -0.999964 0.00616054
-87.3386 20.3439 -21.9609 0.014 0.49 -0 -0.0062 -1 0.826833 0.562437 -0.00338993 0.0059206 -0.999964 0.00616054
-86.3634 25.6665 -21.9936 0.0249 0.4637 0 -0.0062 -1 -0.631994 0.774958 -0.00473429 -0.826797 -0.56249 0.00348079
-87.3386 20.3439 -21.9609 0.014 0.49 -0 -0.0062 -1 -0.631994 0.774958 -0.00473429 -0.826797 -0.56249 0.00348079
-88.3136 19.6806 -21.9568 0.014 0.4975 0 -0.0062 -1 -0.631994 0.774958 -0.00473429 -0.826797 -0.56249 0.00348079
-87.3385 26.3296 -21.9977 0.0143 0.4637 0 -0.0062 -1 0.826872 -0.56238 0.00346773 -0.140686 -0.990036 0.0060891
-86.3634 25.6665 -21.9936 0.0249 0.4637 0 -0.0062 -1 0.826872 -0.56238 0.00346773 -0.140686 -0.990036 0.0060891
-88.3136 19.6806 -21.9568 0.014 0.4975 0 -0.0062 -1 0.826872 -0.56238 0.00346773 -0.140686 -0.990036 0.0060891
-88.3136 26.9929 -22.0018 0.0144 0.4562 -0.0324 -0.0062 -0.9995 -0.826313 -0.563201 0.00344647 -0.641906 -0.766769 0.0047035
-87.3385 26.3296 -21.9977 0.0143 0.4637 0 -0.0062 -1 -0.826313 -0.563201 0.00344647 -0.641906 -0.766769 0.0047035
-88.3136 19.6806 -21.9568 0.014 0.4975 0 -0.0062 -1 -0.826313 -0.563201 0.00344647 -0.641906 -0.766769 0.0047035
-88.3136 60.0754 -22.2055 0.0164 0.2697 0 -0.0062 -1 -0 0.999967 -0.008132 -0 -0.999981 0.00611837
-88.3136 26.9929 -22.0018 0.0144 0.4562 -0.0324 -0.0062 -0.9995 -0 0.999967 -0.008132 -0 -0.999981 0.00611837
-88.3136 19.6806 -21.9568 0.014 0.4975 0 -0.0062 -1 -0 0.999967 -0.008132 -0 -0.999981 0.00611837
49.0741 66.1413 -22.2428 0.7645 0.2355 -0.0028 -0.0042 -1 1 0 0 0.0104827 -0.999926 0.00615857
44.218 61.402 -22.2136 0.7378 0.2622 -0.0012 -0.0053 -1 1 0 0 0.0104827 -0.999926 0.00615857
-86.3634 61.402 -22.2136 0.0271 0.2622 -0 -0.0062 -1 1 0 0 0.0104827 -0.999926 0.00615857
-86.3635 66.1413 -22.2428 0.0274 0.2355 0 -0.0062 -1 1 0 0 0.0116556 -0.999913 0.00615849
49.0741 66.1413 -22.2428 0.7645 0.2355 -0.0028 -0.0042 -1 1 0 0 0.0116556 -0.999913 0.00615849
-86.3634 61.402 -22.2136 0.0271 0.2622 -0 -0.0062 -1 1 0 0 0.0116556 -0.999913 0.00615849
-86.3635 66.1413 -22.2428 0.0274 0.2355 0 -0.0062 -1 0.826866 0.562389 -0.00340301 0.00587171 -0.999964 0.00615923
-86.3634 61.402 -22.2136 0.0271 0.2622 -0 -0.0062 -1 0.826866 0.562389 -0.00340301 0.00587171 -0.999964 0.00615923
-87.3385 60.7387 -22.2096 0.0165 0.2622 -0 -0.0062 -1 0.826866 0.562389 -0.00340301 0.00587171 -0.999964 0.00615923
-86.3635 66.1413 -22.2428 0.0274 0.2355 0 -0.0062 -1 -0.634453 0.772947 -0.0047387 -0.844088 -0.536194 0.00330657
-87.3385 60.7387 -22.2096 0.0165 0.2622 -0 -0.0062 -1 -0.634453 0.772947 -0.0047387 -0.844088 -0.536194 0.00330657
-88.3136 60.0754 -22.2055 0.0164 0.2697 0 -0.0062 -1 -0.634453 0.772947 -0.0047387 -0.844088 -0.536194 0.00330657
-87.3385 66.8046 -22.2469 0.0168 0.2355 0 -0.0062 -1 0.826797 -0.56249 0.00348079 -0.137597 -0.99047 0.00609336
-86.3635 66.1413 -22.2428 0.0274 0.2355 0 -0.0062 -1 0.826797 -0.56249 0.00348079 -0.137597 -0.99047 0.00609336
-88.3136 60.0754 -22.2055 0.0164 0.2697 0 -0.0062 -1 0.826797 -0.56249 0.00348079 -0.137597 -0.99047 0.00609336
-88.3136 67.4679 -22.251 0.0169 0.228 -0 -0.0062 -1 -0.825653 -0.564168 0.00345395 -0.767201 -0.641395 0.00393061
-87.3385 66.8046 -22.2469 0.0168 0.2355 0 -0.0062 -1 -0.825653 -0.564168 0.00345395 -0.767201 -0.641395 0.00393061
-88.3136 60.0754 -22.2055 0.0164 0.2697 0 -0.0062 -1 -0.825653 -0.564168 0.00345395 -0.767201 -0.641395 0.00393061
91.8784 107.917 -22.5 1 0 0.0001 -0.0057 -1 1 0 0 0.0128549 -0.999898 0.00615877
85.6898 101.877 -22.4628 0.9659 0.0341001 -0.0012 -0.0053 -1 1 0 0 0.0128549 -0.999898 0.00615877
-86.3635 101.877 -22.4628 0.0296 0.0341001 -0 -0.0062 -1 1 0 0 0.0128549 -0.999898 0.00615877
-91.8784 107.917 -22.5 0 0 0 -0.0062 -1 1 0 0 0.0125312 -0.999902 0.0061588
91.8784 107.917 -22.5 1 0 0.0001 -0.0057 -1 1 0 0 0.0125312 -0.999902 0.0061588
-86.3635 101.877 -22.4628 0.0296 0.0341001 -0 -0.0062 -1 1 0 0 0.0125312 -0.999902 0.0061588
-91.8784 107.917 -22.5 0 0 0 -0.0062 -1 0.826797 0.56249 -0.00346785 0.333551 -0.942714 0.00580783
-86.3635 101.877 -22.4628 0.0296 0.0341001 -0 -0.0062 -1 0.826797 0.56249 -0.00346785 0.333551 -0.942714 0.00580783
-87.3385 101.214 -22.4587 0.019 0.0341001 -0 -0.0062 -1 0.826797 0.56249 -0.00346785 0.333551 -0.942714 0.00580783
-91.8784 107.917 -22.5 0 0 0 -0.0062 -1 0.927281 -0.374358 0.00229687 -0.806027 -0.591868 0.0036623
-87.3385 101.214 -22.4587 0.019 0.0341001 -0 -0.0062 -1 0.927281 -0.374358 0.00229687 -0.806027 -0.591868 0.0036623
-88.3136 100.55 -22.4546 0.0189 0.0415 0 -0.0062 -1 0.927281 -0.374358 0.00229687 -0.806027 -0.591868 0.0036623
-91.8784 107.917 -22.5 0 0 0 -0.0062 -1 0.999999 -0.00131234 2.53241e-005 0.0111393 -0.999919 0.00615394
-88.3136 100.55 -22.4546 0.0189 0.0415 0 -0.0062 -1 0.999999 -0.00131234 2.53241e-005 0.0111393 -0.999919 0.00615394
-88.3136 67.4679 -22.251 0.0169 0.228 -0 -0.0062 -1 0.999999 -0.00131234 2.53241e-005 0.0111393 -0.999919 0.00615394
-91.8784 107.917 -22.5 0 0 0 -0.0062 -1 0.999966 -0.00823072 5.80376e-005 0.012278 -0.999906 0.00615463
-88.3136 67.4679 -22.251 0.0169 0.228 -0 -0.0062 -1 0.999966 -0.00823072 5.80376e-005 0.012278 -0.999906 0.00615463
-88.3136 60.0754 -22.2055 0.0164 0.2697 0 -0.0062 -1 0.999966 -0.00823072 5.80376e-005 0.012278 -0.999906 0.00615463
-91.8784 107.917 -22.5 0 0 0 -0.0062 -1 0.999989 -0.00460587 1.31016e-005 0.011006 -0.99992 0.00615615
-88.3136 60.0754 -22.2055 0.0164 0.2697 0 -0.0062 -1 0.999989 -0.00460587 1.31016e-005 0.011006 -0.99992 0.00615615
-88.3136 19.6806 -21.9568 0.014 0.4975 0 -0.0062 -1 0.999989 -0.00460587 1.31016e-005 0.011006 -0.99992 0.00615615
-91.8784 107.917 -22.5 0 0 0 -0.0062 -1 0.999993 0.00372379 -5.52705e-005 0.0115437 -0.999914 0.0061566
-88.3136 19.6806 -21.9568 0.014 0.4975 0 -0.0062 -1 0.999993 0.00372379 -5.52705e-005 0.0115437 -0.999914 0.0061566
-88.3136 -13.4018 -21.7531 0.0119 0.684 -0 -0.0062 -1 0.999993 0.00372379 -5.52705e-005 0.0115437 -0.999914 0.0061566
-91.8784 107.917 -22.5 0 0 0 -0.0062 -1 0.999985 0.00551716 2.53144e-005 0.0108839 -0.999922 0.00615497
-88.3136 -13.4018 -21.7531 0.0119 0.684 -0 -0.0062 -1 0.999985 0.00551716 2.53144e-005 0.0108839 -0.999922 0.00615497
-88.3135 -22.0764 -21.6997 0.0114 0.7329 0 -0.0062 -1 0.999985 0.00551716 2.53144e-005 0.0108839 -0.999922 0.00615497
-91.8784 107.917 -22.5 0 0 0 -0.0062 -1 0.999993 0.00370645 -6.11407e-005 0.0115143 -0.999915 0.00615652
-88.3135 -22.0764 -21.6997 0.0114 0.7329 0 -0.0062 -1 0.999993 0.00370645 -6.11407e-005 0.0115143 -0.999915 0.00615652
-88.3135 -55.1589 -21.496 0.0093 0.9194 -0 -0.0062 -1 0.999993 0.00370645 -6.11407e-005 0.0115143 -0.999915 0.00615652
-91.8784 107.917 -22.5 0 0 0 -0.0062 -1 0.999998 0.00178913 1.01529e-005 0.0113475 -0.999917 0.00615591
-88.3135 -55.1589 -21.496 0.0093 0.9194 -0 -0.0062 -1 0.999998 0.00178913 1.01529e-005 0.0113475 -0.999917 0.00615591
-89.8655 -69.4584 -21.408 0 1 -0.0048 -0.0053 -1 0.999998 0.00178913 1.01529e-005 0.0113475 -0.999917 0.00615591
-89.1946 -107.917 -21.044 1 1 -0.0072 -0.016 -0.9998 -0 0 0 -0.0174414 0.999803 -0.00946289
-89.8655 -69.4584 -21.408 1 1 -0.0048 -0.0053 -1 -0 0 0 -0.0174414 0.999803 -0.00946289
-58.8444 -94.4584 -21.408 0.9124 1 -0.0054 -0.0075 -1 -0 0 0 -0.0174414 0.999803 -0.00946289
87.1179 101.214 -22.4638 0.9778 0.0298 0 -0.0054 -1 -0 0 0 -0.826416 -0.563052 0.00305683
86.1428 101.877 -22.4674 0.9641 0.0298 0 -0.0054 -1 -0 0 0 -0.826416 -0.563052 0.00305683
87.3802 101.877 -22.4674 0.9728 0.0298 -0.0013 -0.0047 -1 -0 0 0 -0.826416 -0.563052 0.00305683
87.1179 101.214 -22.4638 0.9778 0.0298 0 -0.0054 -1 -0.367843 -0.929874 0.00504832 -0.523339 -0.852112 0.00460875
87.3802 101.877 -22.4674 0.9728 0.0298 -0.0013 -0.0047 -1 -0.367843 -0.929874 0.00504832 -0.523339 -0.852112 0.00460875
91.8784 107.917 -22.5 1 0 0.0001 -0.0057 -1 -0.367843 -0.929874 0.00504832 -0.523339 -0.852112 0.00460875
88.093 100.55 -22.4603 0.9787 0.0364 0 -0.0054 -1 0.926956 0.375165 -0.00205841 0.641633 -0.767001 0.00408289
87.1179 101.214 -22.4638 0.9778 0.0298 0 -0.0054 -1 0.926956 0.375165 -0.00205841 0.641633 -0.767001 0.00408289
91.8784 107.917 -22.5 1 0 0.0001 -0.0057 -1 0.926956 0.375165 -0.00205841 0.641633 -0.767001 0.00408289
88.093 100.55 -22.4603 0.9787 0.0364 0 -0.0054 -1 1 0.000105308 1.1246e-005 -0.101249 -0.994847 0.00536701
91.8784 107.917 -22.5 1 0 0.0001 -0.0057 -1 1 0.000105308 1.1246e-005 -0.101249 -0.994847 0.00536701
88.093 84.7261 -22.3749 0.99 0.1146 0.0071 -0.0062 -1 1 0.000105308 1.1246e-005 -0.101249 -0.994847 0.00536701
88.093 100.55 16.5959 1 0.0371 -0.9239 -0.3827 -0 -0 -2.73482e-006 1 -0 -1 -3.84834e-005
88.093 100.55 -22.4603 0.0917 0.0371 -0.9234 -0.3838 -0 -0 -2.73482e-006 1 -0 -1 -3.84834e-005
88.093 84.7261 -22.3749 0.0937 0.4799 -1 0 0 -0 -2.73482e-006 1 -0 -1 -3.84834e-005
88.093 67.4679 16.5959 1 0.9629 -0.9239 0.3827 -0 -0 3.22216e-005 1 -0 -1 -0
88.093 100.55 16.5959 1 0.0371 -0.9239 -0.3827 -0 -0 3.22216e-005 1 -0 -1 -0
88.093 84.7261 -22.3749 0.0937 0.4799 -1 0 0 -0 3.22216e-005 1 -0 -1 -0
88.093 67.4679 16.5959 1 0.9629 -0.9239 0.3827 -0 -0 -0 1 -0 -1 -1.17391e-005
88.093 84.7261 -22.3749 0.0937 0.4799 -1 0 0 -0 -0 1 -0 -1 -1.17391e-005
88.093 67.4679 -22.2676 0.0962 0.9629 -0.9242 0.382 -0 -0 -0 1 -0 -1 -1.17391e-005
85.0593 66.1413 -22.2746 0.0172 0.904 0 1 0 -1 0 0 -0.179443 -0 -0.983768
60.7654 66.1413 -22.2746 0.1549 0.904 0 1 0 -1 0 0 -0.179443 -0 -0.983768
49.0741 66.1413 -22.2428 0.2212 0.9032 0 1 0 -1 0 0 -0.179443 -0 -0.983768
86.1428 66.1413 16.5959 0.0111 0 -0.3827 0.9239 -0 -0.999996 -0 0.00295276 0 -0 -1
86.1428 66.1413 -22.2692 0.0111 0.9038 -0.3817 0.9243 -0 -0.999996 -0 0.00295276 0 -0 -1
85.0593 66.1413 -22.2746 0.0172 0.904 0 1 0 -0.999996 -0 0.00295276 0 -0 -1
86.1428 66.1413 16.5959 0.0111 0 -0.3827 0.9239 -0 -1 -0 -7.22331e-005 -0.000192097 -0 -1
85.0593 66.1413 -22.2746 0.0172 0.904 0 1 0 -1 -0 -7.22331e-005 -0.000192097 -0 -1
49.0741 66.1413 -22.2428 0.2212 0.9032 0 1 0 -1 -0 -7.22331e-005 -0.000192097 -0 -1
86.1428 66.1413 16.5959 0.0111 0 -0.3827 0.9239 -0 -1 -0 -0 -7.43327e-005 -0 -1
49.0741 66.1413 -22.2428 0.2212 0.9032 0 1 0 -1 -0 -0 -7.43327e-005 -0 -1
-86.3635 66.1413 -22.2428 0.9889 0.9032 0.3832 0.9237 -0 -1 -0 -0 -7.43327e-005 -0 -1
-86.3635 66.1413 16.5959 0.9889 0 0.3827 0.9239 0 -1 -0 -0 0 0 -1
86.1428 66.1413 16.5959 0.0111 0 -0.3827 0.9239 -0 -1 -0 -0 0 0 -1
-86.3635 66.1413 -22.2428 0.9889 0.9032 0.3832 0.9237 -0 -1 -0 -0 0 0 -1
60.7654 66.1413 -22.2746 0.8117 0.2064 -0.0014 -0.0047 -1 1 0 0 -0.102465 -0.994722 0.00537071
85.0593 66.1413 -22.2746 0.9819 0.2064 0.0039 -0.0058 -1 1 0 0 -0.102465 -0.994722 0.00537071
84.2856 61.402 -22.249 0.9799 0.2298 0.0034 -0.0058 -1 1 0 0 -0.102465 -0.994722 0.00537071
84.2856 61.402 -22.249 0.9799 0.2298 0.0034 -0.0058 -1 1 -0 0 -0.100067 -0.994966 0.00537203
57.2356 61.402 -22.249 0.7903 0.2298 -0.0026 -0.0041 -1 1 -0 0 -0.100067 -0.994966 0.00537203
60.7654 66.1413 -22.2746 0.8117 0.2064 -0.0014 -0.0047 -1 1 -0 0 -0.100067 -0.994966 0.00537203
57.2356 61.402 -22.249 0.8251 0.9034 0 -1 0 1 0 0 -0.429943 -0 -0.902856
84.2856 61.402 -22.249 0.9784 0.9034 0 -1 0 1 0 0 -0.429943 -0 -0.902856
86.1428 61.402 -22.2397 0.9889 0.9032 -0.3806 -0.9247 -0 1 0 0 -0.429943 -0 -0.902856
-86.3634 61.402 16.5959 0.0111 0 0.3827 -0.9239 -0 1 -0 -0 -0 -0 -1
-86.3634 61.402 -22.2136 0.0111 0.9025 0.3821 -0.9241 0 1 -0 -0 -0 -0 -1
44.218 61.402 -22.2136 0.7513 0.9025 0 -1 0 1 -0 -0 -0 -0 -1
-86.3634 61.402 16.5959 0.0111 0 0.3827 -0.9239 -0 1 -0 0.000256153 0.000454333 -0 -1
44.218 61.402 -22.2136 0.7513 0.9025 0 -1 0 1 -0 0.000256153 0.000454333 -0 -1
57.2356 61.402 -22.249 0.8251 0.9034 0 -1 0 1 -0 0.000256153 0.000454333 -0 -1
-86.3634 61.402 16.5959 0.0111 0 0.3827 -0.9239 -0 1 -0 2.45135e-005 -0.00140602 -0 -0.999999
57.2356 61.402 -22.249 0.8251 0.9034 0 -1 0 1 -0 2.45135e-005 -0.00140602 -0 -0.999999
86.1428 61.402 -22.2397 0.9889 0.9032 -0.3806 -0.9247 -0 1 -0 2.45135e-005 -0.00140602 -0 -0.999999
86.1428 61.402 16.5959 0.9889 0 -0.3827 -0.9239 -0 1 -0 -0 -0 0 -1
86.1428 61.402 -22.2397 0.9889 0.9032 -0.3806 -0.9247 -0 1 -0 -0 -0 0 -1
88.093 26.9929 16.5959 1 0.9629 -0.9239 0.3827 -0 -0 -0 1 -0 -1 -0
88.093 60.0754 16.5959 1 0.0371 -0.9239 -0.3827 -0 -0 -0 1 -0 -1 -0
88.093 60.0754 -22.2217 0.0973 0.0371 -0.9231 -0.3846 -0 -0 -0 1 -0 -1 -0
88.093 60.0754 -22.2217 0.0973 0.0371 -0.9231 -0.3846 -0 -0 -0 1 -0 -1 0.000102777
88.093 26.9929 -22.0162 0.102 0.9629 -0.9242 0.382 -0 -0 -0 1 -0 -1 0.000102777
88.093 26.9929 16.5959 1 0.9629 -0.9239 0.3827 -0 -0 -0 1 -0 -1 0.000102777
78.4525 25.6665 -22.0562 0.0546 0.8989 0 1 0 -1 0 0 0.0372787 -0 -0.999305
30.6208 25.6665 -22.0562 0.3258 0.8989 0 1 0 -1 0 0 0.0372787 -0 -0.999305
7.60217 25.6665 -21.9936 0.4563 0.8974 0 1 0 -1 0 0 0.0372787 -0 -0.999305
86.1428 25.6665 16.5959 0.0111 0 -0.3827 0.9239 -0 -1 -0 2.5962e-005 0 -0 -1
86.1428 25.6665 -22.0177 0.0111 0.898 -0.3817 0.9243 -0 -1 -0 2.5962e-005 0 -0 -1
78.4525 25.6665 -22.0562 0.0546 0.8989 0 1 0 -1 -0 2.5962e-005 0 -0 -1
86.1428 25.6665 16.5959 0.0111 0 -0.3827 0.9239 -0 -1 -0 -2.69489e-005 -0.000464071 -0 -1
78.4525 25.6665 -22.0562 0.0546 0.8989 0 1 0 -1 -0 -2.69489e-005 -0.000464071 -0 -1
7.60217 25.6665 -21.9936 0.4563 0.8974 0 1 0 -1 -0 -2.69489e-005 -0.000464071 -0 -1
86.1428 25.6665 16.5959 0.0111 0 -0.3827 0.9239 -0 -1 -0 -0 0.000132522 -0 -1
7.60217 25.6665 -21.9936 0.4563 0.8974 0 1 0 -1 -0 -0 0.000132522 -0 -1
-86.3634 25.6665 -21.9936 0.9889 0.8974 0.3832 0.9237 -0 -1 -0 -0 0.000132522 -0 -1
-86.3634 25.6665 16.5959 0.9889 0 0.3827 0.9239 0 -1 -0 -0 0 0 -1
86.1428 25.6665 16.5959 0.0111 0 -0.3827 0.9239 -0 -1 -0 -0 0 0 -1
-86.3634 25.6665 -21.9936 0.9889 0.8974 0.3832 0.9237 -0 -1 -0 -0 0 0 -1
30.6208 25.6665 -22.0562 0.6292 0.4064 -0.0014 -0.0047 -1 1 0 0 -0.101471 -0.994824 0.00537899
78.4525 25.6665 -22.0562 0.9644 0.4064 0.0039 -0.0058 -1 1 0 0 -0.101471 -0.994824 0.00537899
77.6919 21.0072 -22.031 0.9624 0.4294 0.0034 -0.0058 -1 1 0 0 -0.101471 -0.994824 0.00537899
77.6919 21.0072 -22.031 0.9624 0.4294 0.0034 -0.0058 -1 1 -0 0 -0.1011 -0.994862 0.0053792
27.1509 21.0072 -22.031 0.6082 0.4294 -0.0026 -0.0041 -1 1 -0 0 -0.1011 -0.994862 0.0053792
30.6208 25.6665 -22.0562 0.6292 0.4064 -0.0014 -0.0047 -1 1 -0 0 -0.1011 -0.994862 0.0053792
27.1509 21.0072 -22.031 0.6545 0.8983 0 -1 0 1 0 0 -0.0226591 -0 -0.999743
77.6919 21.0072 -22.031 0.941 0.8983 0 -1 0 1 0 0 -0.0226591 -0 -0.999743
86.1428 21.0072 -21.9887 0.9889 0.8973 -0.3806 -0.9247 -0 1 0 0 -0.0226591 -0 -0.999743
-86.3635 21.0072 16.5958 0.0111 0 0.3827 -0.9239 -0 1 -0 -0 -0 -0 -1
-86.3635 21.0072 -21.9649 0.0111 0.8968 0.3821 -0.9241 0 1 -0 -0 -0 -0 -1
2.82825 21.0072 -21.9649 0.5167 0.8968 0 -1 0 1 -0 -0 -0 -0 -1
-86.3635 21.0072 16.5958 0.0111 0 0.3827 -0.9239 -0 1 -0 -6.63388e-005 -0.00130546 -0 -0.999999
2.82825 21.0072 -21.9649 0.5167 0.8968 0 -1 0 1 -0 -6.63388e-005 -0.00130546 -0 -0.999999
27.1509 21.0072 -22.031 0.6545 0.8983 0 -1 0 1 -0 -6.63388e-005 -0.00130546 -0 -0.999999
-86.3635 21.0072 16.5958 0.0111 0 0.3827 -0.9239 -0 1 -0 -1.18522e-005 0.000293529 -0 -1
27.1509 21.0072 -22.031 0.6545 0.8983 0 -1 0 1 -0 -1.18522e-005 0.000293529 -0 -1
86.1428 21.0072 -21.9887 0.9889 0.8973 -0.3806 -0.9247 -0 1 -0 -1.18522e-005 0.000293529 -0 -1
86.1428 21.0072 16.5958 0.9889 0 -0.3827 -0.9239 -0 1 -0 -0 1.58186e-006 0 -1
-86.3635 21.0072 16.5958 0.0111 0 0.3827 -0.9239 -0 1 -0 -0 1.58186e-006 0 -1
86.1428 21.0072 -21.9887 0.9889 0.8973 -0.3806 -0.9247 -0 1 -0 -0 1.58186e-006 0 -1
88.093 -13.4018 16.5958 1 0.9629 -0.9239 0.3827 -0 -0 -0 1 -0 -1 -0
88.093 19.6806 16.5958 1 0.0371 -0.9239 -0.3827 -0 -0 -0 1 -0 -1 -0
88.093 19.6806 -21.9707 0.1031 0.0371 -0.9231 -0.3846 -0 -0 -0 1 -0 -1 -0
88.093 19.6806 -21.9707 0.1031 0.0371 -0.9231 -0.3846 -0 -0 -0 1 -0 -1 -2.71543e-005
88.093 -13.4018 -21.7652 0.1079 0.9629 -0.9242 0.382 -0 -0 -0 1 -0 -1 -2.71543e-005
88.093 -13.4018 16.5958 1 0.9629 -0.9239 0.3827 -0 -0 -0 1 -0 -1 -2.71543e-005
71.8588 -14.7284 -21.8382 0.092 0.8938 0 1 0 -1 0 0 -0.06218 -0 -0.998065
0.536133 -14.7284 -21.8382 0.4963 0.8938 0 1 0 -1 0 0 -0.06218 -0 -0.998065
-33.7875 -14.7284 -21.7449 0.6909 0.8916 0 1 0 -1 0 0 -0.06218 -0 -0.998065
86.1428 -14.7284 16.5958 0.0111 0 -0.3827 0.9239 -0 -1 -0 -0.000188277 1.59101e-006 -0 -1
86.1428 -14.7284 -21.7667 0.0111 0.8922 -0.3817 0.9243 -0 -1 -0 -0.000188277 1.59101e-006 -0 -1
71.8588 -14.7284 -21.8382 0.092 0.8938 0 1 0 -1 -0 -0.000188277 1.59101e-006 -0 -1
86.1428 -14.7284 16.5958 0.0111 0 -0.3827 0.9239 -0 -1 -0 -1.23982e-005 -0.000343313 -0 -1
71.8588 -14.7284 -21.8382 0.092 0.8938 0 1 0 -1 -0 -1.23982e-005 -0.000343313 -0 -1
-33.7875 -14.7284 -21.7449 0.6909 0.8916 0 1 0 -1 -0 -1.23982e-005 -0.000343313 -0 -1
86.1428 -14.7284 16.5958 0.0111 0 -0.3827 0.9239 -0 -1 -0 -0 0.00017495 -0 -1
-33.7875 -14.7284 -21.7449 0.6909 0.8916 0 1 0 -1 -0 -0 0.00017495 -0 -1
-86.3635 -14.7284 -21.7449 0.9889 0.8916 0.3832 0.9237 -0 -1 -0 -0 0.00017495 -0 -1
-86.3635 -14.7284 16.5958 0.9889 0 0.3827 0.9239 0 -1 -0 -0 0 0 -1
86.1428 -14.7284 16.5958 0.0111 0 -0.3827 0.9239 -0 -1 -0 -0 0 0 -1
-86.3635 -14.7284 -21.7449 0.9889 0.8916 0.3832 0.9237 -0 -1 -0 -0 0 0 -1
0.536133 -14.7284 -21.8382 0.4471 0.606 -0.0014 -0.0047 -1 1 0 0 -0.101096 -0.994862 0.00536989
71.8588 -14.7284 -21.8382 0.9469 0.606 0.0039 -0.0058 -1 1 0 0 -0.101096 -0.994862 0.00536989
70.8759 -20.7498 -21.8057 0.9443 0.6358 0.0034 -0.0058 -1 1 0 0 -0.101096 -0.994862 0.00536989
70.8759 -20.7498 -21.8057 0.9443 0.6358 0.0034 -0.0058 -1 1 -0 0 -0.0997353 -0.994999 0.00537063
-3.94849 -20.7498 -21.8057 0.4199 0.6358 -0.0026 -0.0041 -1 1 -0 0 -0.0997353 -0.994999 0.00537063
0.536133 -14.7284 -21.8382 0.4471 0.606 -0.0014 -0.0047 -1 1 -0 0 -0.0997353 -0.994999 0.00537063
-89.1946 -107.917 -15.22 1 0.8059 0 -1 0 -1 0 0 0 0 -1
-89.1946 -107.917 -21.044 1 1 0 -1 0 -1 0 0 0 0 -1
-78.4591 -107.917 -21.044 0.9124 1 0 -1 0 -1 0 0 0 0 -1
-78.4591 -107.917 -15.22 0.9124 0.8059 0 -1 0 -1 0 0 -0 0 -1
-89.1946 -107.917 -15.22 1 0.8059 -0.9998 -0.0137 -0.0117 -0.0479147 0.961175 0.271748 0 0 -0
-89.8655 -94.4584 -11.415 1 0.8059 -0.9995 -0.0142 -0.0292 -0.0479147 0.961175 0.271748 0 0 -0
-89.8655 -69.4584 -21.408 1 1 -0.9997 -0.0089 -0.0208 -0.0479147 0.961175 0.271748 0 0 -0
-89.1946 -107.917 21.044 1 0 -0.9996 -0.0252 0.0121 -0.0174414 0.999803 0.00946329 0 0 -0
-89.8655 -69.4584 21.408 1 0 -0.9999 -0.0059 0.0132 -0.0174414 0.999803 0.00946329 0 0 -0
-89.8655 -94.4584 11.415 1 0.1941 -0.9998 -0.0112 0.0161 -0.0174414 0.999803 0.00946329 0 0 -0
-89.1946 -107.917 21.044 1 0 0 -0.0095 1 0 0 0 0.0174414 -0.999803 -0.00946329
-78.4591 -107.917 21.044 0.9124 0 -0.0061 -0.0107 0.9999 0 0 0 0.0174414 -0.999803 -0.00946329
-89.8655 -69.4584 21.408 1 0 -0.0081 -0.0074 0.9999 0 0 0 0.0174414 -0.999803 -0.00946329
-91.8784 107.917 22.5 0 0 0 1 0 1 0 0 0 0 -1
91.8784 107.917 22.5 1 0 0 1 0 1 0 0 0 0 -1
91.8784 107.917 -22.5 1 1 0 1 0 1 0 0 0 0 -1
-91.8784 107.917 -22.5 0 1 0 1 0 1 -0 -0 0 0 -1
89.1945 -107.917 21.044 0 0 0.9999 -0.0119 0 -0.0174414 -0.999803 -0.00946329 0 0 0
89.1945 -107.917 15.22 0 0.1941 0.9998 -0.0137 0.0117 -0.0174414 -0.999803 -0.00946329 0 0 0
89.8654 -69.4584 21.408 0 0 0.9997 -0.0089 0.0208 -0.0174414 -0.999803 -0.00946329 0 0 0
89.1945 -107.917 -21.044 0 1 0 -0.0095 -1 -0 0 0 0.0174414 0.999803 -0.00946289
78.459 -107.917 -21.044 0.0876 1 0.0061 -0.0107 -0.9999 -0 0 0 0.0174414 0.999803 -0.00946289
89.8654 -69.4584 -21.408 0 1 0.0081 -0.0074 -0.9999 -0 0 0 0.0174414 0.999803 -0.00946289
-33.7875 -14.7284 -21.7449 0.3086 0.6914 -0.0028 -0.0042 -1 0.779475 -0.626433 -5.48777e-006 0.350873 -0.936421 0.00220514
0.536133 -14.7284 -21.8382 0.4471 0.606 -0.0014 -0.0047 -1 0.779475 -0.626433 -5.48777e-006 0.350873 -0.936421 0.00220514
-3.94849 -20.7498 -21.8057 0.4199 0.6358 -0.0026 -0.0041 -1 0.779475 -0.626433 -5.48777e-006 0.350873 -0.936421 0.00220514
-3.94849 -20.7498 -21.8057 0.4199 0.6358 -0.0026 -0.0041 -1 0.779548 -0.626343 -1.10883e-005 0.350875 -0.93642 0.00219572
-39.9573 -20.7498 -21.7079 0.2746 0.7254 -0.0012 -0.0053 -1 0.779548 -0.626343 -1.10883e-005 0.350875 -0.93642 0.00219572
-33.7875 -14.7284 -21.7449 0.3086 0.6914 -0.0028 -0.0042 -1 0.779548 -0.626343 -1.10883e-005 0.350875 -0.93642 0.00219572
-88.3136 19.6806 16.5958 0 0.0371 0.9239 -0.3827 -0 -0 -0 -1 -0 -1 0
-88.3136 -13.4018 16.5958 0 0.9629 0.9239 0.3827 -0 -0 -0 -1 -0 -1 0
-88.3136 -13.4018 -21.7531 0.8918 0.9629 0.9244 0.3814 -0 -0 -0 -1 -0 -1 0
-88.3136 -13.4018 -21.7531 0.8918 0.9629 0.9244 0.3814 -0 -0 -0 -1 -0 -1 -8.13017e-005
-88.3136 19.6806 -21.9568 0.8966 0.0371 0.9233 -0.384 -0 -0 -0 -1 -0 -1 -8.13017e-005
-88.3136 19.6806 16.5958 0 0.0371 0.9239 -0.3827 -0 -0 -0 -1 -0 -1 -8.13017e-005
7.60217 25.6665 -21.9936 0.5363 0.4637 -0.0028 -0.0042 -1 0.777999 -0.628265 9.20449e-006 0.348684 -0.937238 0.00222149
30.6208 25.6665 -22.0562 0.6292 0.4064 -0.0014 -0.0047 -1 0.777999 -0.628265 9.20449e-006 0.348684 -0.937238 0.00222149
27.1509 21.0072 -22.031 0.6082 0.4294 -0.0026 -0.0041 -1 0.777999 -0.628265 9.20449e-006 0.348684 -0.937238 0.00222149
27.1509 21.0072 -22.031 0.6082 0.4294 -0.0026 -0.0041 -1 0.778652 -0.627456 1.93824e-006 0.349882 -0.936791 0.0022114
2.82825 21.0072 -21.9649 0.51 0.49 -0.0012 -0.0053 -1 0.778652 -0.627456 1.93824e-006 0.349882 -0.936791 0.0022114
7.60217 25.6665 -21.9936 0.5363 0.4637 -0.0028 -0.0042 -1 0.778652 -0.627456 1.93824e-006 0.349882 -0.936791 0.0022114
-88.3136 60.0754 16.5959 0 0.0371 0.9239 -0.3827 -0 -0 -0 -1 -0 -1 0
-88.3136 26.9929 16.5959 0 0.9629 0.9239 0.3827 -0 -0 -0 -1 -0 -1 0
-88.3136 26.9929 -22.0018 0.8976 0.9629 0.9244 0.3814 -0 -0 -0 -1 -0 -1 0
-88.3136 26.9929 -22.0018 0.8976 0.9629 0.9244 0.3814 -0 -0 -0 -1 -0 -1 -8.12076e-005
-88.3136 60.0754 -22.2055 0.9024 0.0371 0.9233 -0.384 -0 -0 -0 -1 -0 -1 -8.12076e-005
-88.3136 60.0754 16.5959 0 0.0371 0.9239 -0.3827 -0 -0 -0 -1 -0 -1 -8.12076e-005
49.0741 66.1413 -22.2428 0.7645 0.2355 -0.0028 -0.0042 -1 0.778131 -0.628102 2.43804e-006 0.350026 -0.936737 0.00220803
60.7654 66.1413 -22.2746 0.8117 0.2064 -0.0014 -0.0047 -1 0.778131 -0.628102 2.43804e-006 0.350026 -0.936737 0.00220803
57.2356 61.402 -22.249 0.7903 0.2298 -0.0026 -0.0041 -1 0.778131 -0.628102 2.43804e-006 0.350026 -0.936737 0.00220803
57.2356 61.402 -22.249 0.7903 0.2298 -0.0026 -0.0041 -1 0.778127 -0.628107 2.32039e-006 0.348873 -0.937168 0.002212
44.218 61.402 -22.2136 0.7378 0.2622 -0.0012 -0.0053 -1 0.778127 -0.628107 2.32039e-006 0.348873 -0.937168 0.002212
49.0741 66.1413 -22.2428 0.7645 0.2355 -0.0028 -0.0042 -1 0.778127 -0.628107 2.32039e-006 0.348873 -0.937168 0.002212
-88.3136 100.55 16.5959 0 0.0371 0.9239 -0.3827 -0 -0 -0 -1 -0 -1 0
-88.3136 67.4679 16.5959 0 0.9629 0.9239 0.3827 -0 -0 -0 -1 -0 -1 0
-88.3136 67.4679 -22.251 0.9034 0.9629 0.9244 0.3814 -0 -0 -0 -1 -0 -1 0
-88.3136 67.4679 -22.251 0.9034 0.9629 0.9244 0.3814 -0 -0 2.7434e-006 -1 -0 -1 -8.43903e-005
-88.3136 100.55 -22.4546 0.9082 0.0371 0.9233 -0.384 -0 -0 2.7434e-006 -1 -0 -1 -8.43903e-005
-88.3136 100.55 16.5959 0 0.0371 0.9239 -0.3827 -0 -0 2.7434e-006 -1 -0 -1 -8.43903e-005
-86.3635 101.877 16.5959 0.0111 0 0.3827 -0.9239 0 1 -0 -0 -0 -0 -1
-86.3635 101.877 -22.4628 0.0111 0.9083 0.3822 -0.9241 0 1 -0 -0 -0 -0 -1
85.6898 101.877 -22.4628 0.9864 0.9083 0 -1 0 1 -0 -0 -0 -0 -1
-86.3635 101.877 16.5959 0.0111 0 0.3827 -0.9239 0 1 -0 -0.000183423 0.00819611 -0 -0.999966
85.6898 101.877 -22.4628 0.9864 0.9083 0 -1 0 1 -0 -0.000183423 0.00819611 -0 -0.999966
87.3802 101.877 -22.4674 0.996 0.9084 0 1 0 1 -0 -0.000183423 0.00819611 -0 -0.999966
-86.3635 101.877 16.5959 0.0111 0 0.3827 -0.9239 0 1 0 0 0.0534541 0 -0.99857
87.3802 101.877 -22.4674 0.996 0.9084 0 1 0 1 0 0 0.0534541 0 -0.99857
86.1428 101.877 -22.4674 0.9889 0.9084 -0.9228 0.3854 0 1 0 0 0.0534541 0 -0.99857
86.1428 101.877 16.5959 0.9889 0 -0.3827 -0.9239 0 1 -0 -0 -0 0 -1
86.1428 101.877 -22.4674 0.9889 0.9084 -0.9228 0.3854 0 1 -0 -0 -0 0 -1
85.6898 101.877 -22.4628 0.9659 0.0341001 -0.0012 -0.0053 -1 0.766877 -0.641795 6.98811e-005 0.337511 -0.941319 0.0022486
91.8784 107.917 -22.5 1 0 0.0001 -0.0057 -1 0.766877 -0.641795 6.98811e-005 0.337511 -0.941319 0.0022486
87.3802 101.877 -22.4674 0.9728 0.0298 -0.0013 -0.0047 -1 0.766877 -0.641795 6.98811e-005 0.337511 -0.941319 0.0022486
-89.1946 -107.917 -21.044 1 1 -0.9999 -0.0119 0 -0.0174414 0.999803 -0.00946289 -0 0 -0
-89.1946 -107.917 -15.22 1 0.8059 -0.9998 -0.0137 -0.0117 -0.0174414 0.999803 -0.00946289 -0 0 -0
-89.8655 -69.4584 -21.408 1 1 -0.9997 -0.0089 -0.0208 -0.0174414 0.999803 -0.00946289 -0 0 -0
88.093 100.55 16.5959 0 0.0371 0 0 -1 0.827179 -0.561938 0 -0 0 0
88.093 67.4679 16.5959 0 0.9629 0 0 -1 0.827179 -0.561938 0 -0 0 0
87.1179 66.8046 16.5959 0 1 0 0 -1 0.827179 -0.561938 0 -0 0 0
88.093 100.55 16.5959 0 0.0371 0 0 -1 -0.826818 -0.562469 -0 -0.0288834 -0.999583 -0
87.1179 66.8046 16.5959 0 1 0 0 -1 -0.826818 -0.562469 -0 -0.0288834 -0.999583 -0
86.1428 66.1413 16.5959 0.0111 1 0 0 -1 -0.826818 -0.562469 -0 -0.0288834 -0.999583 -0
-86.3635 101.877 16.5959 0.9889 0 0 0 -1 0 0 0 0.829004 0.559243 0
86.1428 101.877 16.5959 0.0111 0 0 0 -1 0 0 0 0.829004 0.559243 0
87.1179 101.214 16.5959 0 0 0 0 -1 0 0 0 0.829004 0.559243 0
-86.3635 101.877 16.5959 0.9889 0 0 0 -1 -0.999993 0.00382343 -0 0.826836 -0.562443 -0
87.1179 101.214 16.5959 0 0 0 0 -1 -0.999993 0.00382343 -0 0.826836 -0.562443 -0
88.093 100.55 16.5959 0 0.0371 0 0 -1 -0.999993 0.00382343 -0 0.826836 -0.562443 -0
-88.3136 67.4679 16.5959 1 0.9629 0 0 -1 0.82718 -0.561937 0 0 0 0
-88.3136 100.55 16.5959 1 0.0371 0 0 -1 0.82718 -0.561937 0 0 0 0
-87.3385 101.214 16.5959 1 0 0 0 -1 0.82718 -0.561937 0 0 0 0
-88.3136 67.4679 16.5959 1 0.9629 0 0 -1 -0.826802 -0.562493 -0 -0.0288834 -0.999583 -0
-87.3385 101.214 16.5959 1 0 0 0 -1 -0.826802 -0.562493 -0 -0.0288834 -0.999583 -0
-86.3635 101.877 16.5959 0.9889 0 0 0 -1 -0.826802 -0.562493 -0 -0.0288834 -0.999583 -0
-88.3136 67.4679 16.5959 1 0.9629 0 0 -1 -1 4.82352e-006 -0 0.000236137 -1 -0
-86.3635 101.877 16.5959 0.9889 0 0 0 -1 -1 4.82352e-006 -0 0.000236137 -1 -0
88.093 100.55 16.5959 0 0.0371 0 0 -1 -1 4.82352e-006 -0 0.000236137 -1 -0
-88.3136 67.4679 16.5959 1 0.9629 0 0 -1 -1 4.80791e-006 -0 0.000234428 -1 -0
88.093 100.55 16.5959 0 0.0371 0 0 -1 -1 4.80791e-006 -0 0.000234428 -1 -0
86.1428 66.1413 16.5959 0.0111 1 0 0 -1 -1 4.80791e-006 -0 0.000234428 -1 -0
-87.3385 66.8046 16.5959 1 1 0 0 -1 -0.999993 0.00382344 -0 0.826835 -0.562445 -0
-88.3136 67.4679 16.5959 1 0.9629 0 0 -1 -0.999993 0.00382344 -0 0.826835 -0.562445 -0
86.1428 66.1413 16.5959 0.0111 1 0 0 -1 -0.999993 0.00382344 -0 0.826835 -0.562445 -0
-86.3635 66.1413 16.5959 0.9889 1 0 0 -1 -0 0 0 0.829021 0.559218 0
-87.3385 66.8046 16.5959 1 1 0 0 -1 -0 0 0 0.829021 0.559218 0
86.1428 66.1413 16.5959 0.0111 1 0 0 -1 -0 0 0 0.829021 0.559218 0
88.093 60.0754 16.5959 0 0.0371 0 0 -1 0.82716 -0.561966 0 -0 0 0
88.093 26.9929 16.5959 0 0.9629 0 0 -1 0.82716 -0.561966 0 -0 0 0
87.1179 26.3296 16.5959 0 1 0 0 -1 0.82716 -0.561966 0 -0 0 0
88.093 60.0754 16.5959 0 0.0371 0 0 -1 -0.826877 -0.562383 -0 -0.0288815 -0.999583 -0
87.1179 26.3296 16.5959 0 1 0 0 -1 -0.826877 -0.562383 -0 -0.0288815 -0.999583 -0
86.1428 25.6665 16.5959 0.0111 1 0 0 -1 -0.826877 -0.562383 -0 -0.0288815 -0.999583 -0
-86.3634 61.402 16.5959 0.9889 0 0 0 -1 0 0 0 0.828981 0.559276 0
86.1428 61.402 16.5959 0.0111 0 0 0 -1 0 0 0 0.828981 0.559276 0
87.1179 60.7386 16.5959 0 0 0 0 -1 0 0 0 0.828981 0.559276 0
-86.3634 61.402 16.5959 0.9889 0 0 0 -1 -0.999993 0.00382352 -0 0.826862 -0.562406 -0
87.1179 60.7386 16.5959 0 0 0 0 -1 -0.999993 0.00382352 -0 0.826862 -0.562406 -0
88.093 60.0754 16.5959 0 0.0371 0 0 -1 -0.999993 0.00382352 -0 0.826862 -0.562406 -0
-88.3136 26.9929 16.5959 1 0.9629 0 0 -1 0.827136 -0.562002 0 0 0 0
-88.3136 60.0754 16.5959 1 0.0371 0 0 -1 0.827136 -0.562002 0 0 0 0
-87.3385 60.7386 16.5959 1 0 0 0 -1 0.827136 -0.562002 0 0 0 0
-88.3136 26.9929 16.5959 1 0.9629 0 0 -1 -0.826828 -0.562454 -0 -0.0288834 -0.999583 -0
-87.3385 60.7386 16.5959 1 0 0 0 -1 -0.826828 -0.562454 -0 -0.0288834 -0.999583 -0
-86.3634 61.402 16.5959 0.9889 0 0 0 -1 -0.826828 -0.562454 -0 -0.0288834 -0.999583 -0
-88.3136 26.9929 16.5959 1 0.9629 0 0 -1 -1 4.2901e-006 -0 0.000232551 -1 -0
-86.3634 61.402 16.5959 0.9889 0 0 0 -1 -1 4.2901e-006 -0 0.000232551 -1 -0
88.093 60.0754 16.5959 0 0.0371 0 0 -1 -1 4.2901e-006 -0 0.000232551 -1 -0
-88.3136 26.9929 16.5959 1 0.9629 0 0 -1 -1 4.19575e-006 -0 0.000234428 -1 -0
88.093 60.0754 16.5959 0 0.0371 0 0 -1 -1 4.19575e-006 -0 0.000234428 -1 -0
86.1428 25.6665 16.5959 0.0111 1 0 0 -1 -1 4.19575e-006 -0 0.000234428 -1 -0
-87.3385 26.3296 16.5959 1 1 0 0 -1 -0.999993 0.00382282 -0 0.826835 -0.562445 -0
-88.3136 26.9929 16.5959 1 0.9629 0 0 -1 -0.999993 0.00382282 -0 0.826835 -0.562445 -0
86.1428 25.6665 16.5959 0.0111 1 0 0 -1 -0.999993 0.00382282 -0 0.826835 -0.562445 -0
-86.3634 25.6665 16.5959 0.9889 1 0 0 -1 -0 0 0 0.82903 0.559204 0
-87.3385 26.3296 16.5959 1 1 0 0 -1 -0 0 0 0.82903 0.559204 0
86.1428 25.6665 16.5959 0.0111 1 0 0 -1 -0 0 0 0.82903 0.559204 0
88.093 19.6806 16.5958 0 0.0371 0 0 -1 0.827178 -0.561939 0 -0 0 0
88.093 -13.4018 16.5958 0 0.9629 0 0 -1 0.827178 -0.561939 0 -0 0 0
87.1179 -14.0651 16.5958 0 1 0 0 -1 0.827178 -0.561939 0 -0 0 0
88.093 19.6806 16.5958 0 0.0371 0 0 -1 -0.826835 -0.562445 -0 -0.0288834 -0.999583 -0
87.1179 -14.0651 16.5958 0 1 0 0 -1 -0.826835 -0.562445 -0 -0.0288834 -0.999583 -0
86.1428 -14.7284 16.5958 0.0111 1 0 0 -1 -0.826835 -0.562445 -0 -0.0288834 -0.999583 -0
-86.3635 21.0072 16.5958 0.9889 0 0 0 -1 0 0 0 0.82899 0.559263 0
86.1428 21.0072 16.5958 0.0111 0 0 0 -1 0 0 0 0.82899 0.559263 0
87.1179 20.3439 16.5958 0 0 0 0 -1 0 0 0 0.82899 0.559263 0
-86.3635 21.0072 16.5958 0.9889 0 0 0 -1 -0.999993 0.00382339 -0 0.826836 -0.562443 -0
87.1179 20.3439 16.5958 0 0 0 0 -1 -0.999993 0.00382339 -0 0.826836 -0.562443 -0
88.093 19.6806 16.5958 0 0.0371 0 0 -1 -0.999993 0.00382339 -0 0.826836 -0.562443 -0
-88.3136 -13.4018 16.5958 1 0.9629 0 0 -1 0.827146 -0.561986 0 0 0 0
-88.3136 19.6806 16.5958 1 0.0371 0 0 -1 0.827146 -0.561986 0 0 0 0
-87.3386 20.3439 16.5958 1 0 0 0 -1 0.827146 -0.561986 0 0 0 0
-88.3136 -13.4018 16.5958 1 0.9629 0 0 -1 -0.826838 -0.562441 -0 -0.0288798 -0.999583 -0
-87.3386 20.3439 16.5958 1 0 0 0 -1 -0.826838 -0.562441 -0 -0.0288798 -0.999583 -0
-86.3635 21.0072 16.5958 0.9889 0 0 0 -1 -0.826838 -0.562441 -0 -0.0288798 -0.999583 -0
-88.3136 -13.4018 16.5958 1 0.9629 0 0 -1 -1 4.77812e-006 -0 0.000236137 -1 -0
-86.3635 21.0072 16.5958 0.9889 0 0 0 -1 -1 4.77812e-006 -0 0.000236137 -1 -0
88.093 19.6806 16.5958 0 0.0371 0 0 -1 -1 4.77812e-006 -0 0.000236137 -1 -0
-88.3136 -13.4018 16.5958 1 0.9629 0 0 -1 -1 4.80649e-006 -0 0.000232635 -1 -0
88.093 19.6806 16.5958 0 0.0371 0 0 -1 -1 4.80649e-006 -0 0.000232635 -1 -0
86.1428 -14.7284 16.5958 0.0111 1 0 0 -1 -1 4.80649e-006 -0 0.000232635 -1 -0
-87.3386 -14.0651 16.5958 1 1 0 0 -1 -0.999993 0.00382343 -0 0.826802 -0.562493 -0
-88.3136 -13.4018 16.5958 1 0.9629 0 0 -1 -0.999993 0.00382343 -0 0.826802 -0.562493 -0
86.1428 -14.7284 16.5958 0.0111 1 0 0 -1 -0.999993 0.00382343 -0 0.826802 -0.562493 -0
-86.3635 -14.7284 16.5958 0.9889 1 0 0 -1 -0 0 0 0.828988 0.559266 0
-87.3386 -14.0651 16.5958 1 1 0 0 -1 -0 0 0 0.828988 0.559266 0
86.1428 -14.7284 16.5958 0.0111 1 0 0 -1 -0 0 0 0.828988 0.559266 0
65.0427 -56.4854 -21.6129 0.1307 0.8886 0 1 0 -1 0 0 -0.0198193 -0 -0.999804
-30.5632 -56.4854 -21.6129 0.6726 0.8886 0 1 0 -1 0 0 -0.0198193 -0 -0.999804
-76.573 -56.4854 -21.4879 0.9334 0.8857 0 1 0 -1 0 0 -0.0198193 -0 -0.999804
86.1429 -56.4854 16.5959 0.0111 0 -0.3827 0.9239 -0 -1 -0 8.54874e-005 3.20368e-006 -0 -1
86.1431 -56.4854 -21.5072 0.0111 0.8861 -0.3817 0.9243 -0 -1 -0 8.54874e-005 3.20368e-006 -0 -1
65.0427 -56.4854 -21.6129 0.1307 0.8886 0 1 0 -1 -0 8.54874e-005 3.20368e-006 -0 -1
86.1429 -56.4854 16.5959 0.0111 0 -0.3827 0.9239 -0 -1 -0 2.12094e-006 3.10793e-006 -0 -1
65.0427 -56.4854 -21.6129 0.1307 0.8886 0 1 0 -1 -0 2.12094e-006 3.10793e-006 -0 -1
-76.573 -56.4854 -21.4879 0.9334 0.8857 0 1 0 -1 -0 2.12094e-006 3.10793e-006 -0 -1
86.1429 -56.4854 16.5959 0.0111 0 -0.3827 0.9239 -0 -1 -0 -0 -0.000548656 -0 -1
-76.573 -56.4854 -21.4879 0.9334 0.8857 0 1 0 -1 -0 -0 -0.000548656 -0 -1
-86.3633 -56.4854 -21.4879 0.9889 0.8857 0.3832 0.9237 -0 -1 -0 -0 -0.000548656 -0 -1
-86.3633 -56.4854 16.5959 0.9889 0 0.3827 0.9239 0 -1 -0 -0 0 0 -1
86.1429 -56.4854 16.5959 0.0111 0 -0.3827 0.9239 -0 -1 -0 -0 0 0 -1
-86.3633 -56.4854 -21.4879 0.9889 0.8857 0.3832 0.9237 -0 -1 -0 -0 0 0 -1
-88.3135 -22.0764 16.5959 0 0.0371 0.9239 -0.3827 -0 -0 -2.65019e-006 -1 -0 -1 0
-88.3135 -55.1588 16.5959 0 0.9629 0.9239 0.3827 -0 -0 -2.65019e-006 -1 -0 -1 0
-88.3135 -55.1589 -21.496 0.8859 0.9629 0.9244 0.3814 -0 -0 -2.65019e-006 -1 -0 -1 0
-88.3135 -55.1589 -21.496 0.8859 0.9629 0.9244 0.3814 -0 -0 -0 -1 -0 -1 4.84568e-005
-88.3135 -22.0764 -21.6997 0.8906 0.0371 0.9233 -0.384 -0 -0 -0 -1 -0 -1 4.84568e-005
-88.3135 -22.0764 16.5959 0 0.0371 0.9239 -0.3827 -0 -0 -0 -1 -0 -1 4.84568e-005
88.093 -22.0764 16.5959 0 0.0371 0 0 -1 0.827146 -0.561986 0 -0 0 0
88.093 -55.1588 16.5959 0 0.9629 0 0 -1 0.827146 -0.561986 0 -0 0 0
87.118 -55.8221 16.5959 0 1 0 0 -1 0.827146 -0.561986 0 -0 0 0
88.093 -22.0764 16.5959 0 0.0371 0 0 -1 -0.826835 -0.562445 -0 -0.0288798 -0.999583 -0
87.118 -55.8221 16.5959 0 1 0 0 -1 -0.826835 -0.562445 -0 -0.0288798 -0.999583 -0
86.1429 -56.4854 16.5959 0.0111 1 0 0 -1 -0.826835 -0.562445 -0 -0.0288798 -0.999583 -0
-86.3633 -20.7498 16.5959 0.9889 0 0 0 -1 0 0 0 0.828987 0.559267 0
86.1429 -20.7498 16.5959 0.0111 0 0 0 -1 0 0 0 0.828987 0.559267 0
87.118 -21.4131 16.5959 0 0 0 0 -1 0 0 0 0.828987 0.559267 0
-86.3633 -20.7498 16.5959 0.9889 0 0 0 -1 -0.999993 0.00382344 -0 0.826803 -0.562492 -0
87.118 -21.4131 16.5959 0 0 0 0 -1 -0.999993 0.00382344 -0 0.826803 -0.562492 -0
88.093 -22.0764 16.5959 0 0.0371 0 0 -1 -0.999993 0.00382344 -0 0.826803 -0.562492 -0
-88.3135 -55.1588 16.5959 1 0.9629 0 0 -1 0.82718 -0.561937 0 0 0 0
-88.3135 -22.0764 16.5959 1 0.0371 0 0 -1 0.82718 -0.561937 0 0 0 0
-87.3384 -21.4131 16.5959 1 0 0 0 -1 0.82718 -0.561937 0 0 0 0
-88.3135 -55.1588 16.5959 1 0.9629 0 0 -1 -0.826835 -0.562445 -0 -0.0288834 -0.999583 -0
-87.3384 -21.4131 16.5959 1 0 0 0 -1 -0.826835 -0.562445 -0 -0.0288834 -0.999583 -0
-86.3633 -20.7498 16.5959 0.9889 0 0 0 -1 -0.826835 -0.562445 -0 -0.0288834 -0.999583 -0
-88.3135 -55.1588 16.5959 1 0.9629 0 0 -1 -1 4.82352e-006 -0 0.00023253 -1 -0
-86.3633 -20.7498 16.5959 0.9889 0 0 0 -1 -1 4.82352e-006 -0 0.00023253 -1 -0
88.093 -22.0764 16.5959 0 0.0371 0 0 -1 -1 4.82352e-006 -0 0.00023253 -1 -0
-88.3135 -55.1588 16.5959 1 0.9629 0 0 -1 -1 4.80791e-006 -0 0.000236221 -1 -0
88.093 -22.0764 16.5959 0 0.0371 0 0 -1 -1 4.80791e-006 -0 0.000236221 -1 -0
86.1429 -56.4854 16.5959 0.0111 1 0 0 -1 -1 4.80791e-006 -0 0.000236221 -1 -0
-87.3384 -55.8221 16.5959 1 1 0 0 -1 -0.999993 0.00382344 -0 0.826835 -0.562445 -0
-88.3135 -55.1588 16.5959 1 0.9629 0 0 -1 -0.999993 0.00382344 -0 0.826835 -0.562445 -0
86.1429 -56.4854 16.5959 0.0111 1 0 0 -1 -0.999993 0.00382344 -0 0.826835 -0.562445 -0
-86.3633 -56.4854 16.5959 0.9889 1 0 0 -1 -0 0 0 0.828988 0.559266 0
-87.3384 -55.8221 16.5959 1 1 0 0 -1 -0 0 0 0.828988 0.559266 0
86.1429 -56.4854 16.5959 0.0111 1 0 0 -1 -0 0 0 0.828988 0.559266 0
88.093 -55.1588 16.5959 1 0.9629 -0.9239 0.3827 -0 -0 -0 1 -0 -1 -0
88.093 -22.0764 16.5959 1 0.0371 -0.9239 -0.3827 -0 -0 -0 1 -0 -1 -0
88.093 -22.0764 -21.7113 0.1091 0.0371 -0.9231 -0.3846 -0 -0 -0 1 -0 -1 -0
88.093 -22.0764 -21.7113 0.1091 0.0371 -0.9231 -0.3846 -0 -0 2.64951e-006 1 -0 -1 -2.41611e-005
88.093 -55.1589 -21.5057 0.1139 0.9629 -0.9242 0.382 -0 -0 2.64951e-006 1 -0 -1 -2.41611e-005
88.093 -55.1588 16.5959 1 0.9629 -0.9239 0.3827 -0 -0 2.64951e-006 1 -0 -1 -2.41611e-005
-3.94849 -20.7498 -21.8057 0.4782 0.8931 0 -1 0 1 0 0 -0.123946 -0 -0.992289
70.8759 -20.7498 -21.8057 0.9024 0.8931 0 -1 0 1 0 0 -0.123946 -0 -0.992289
86.1431 -20.7498 -21.7293 0.9889 0.8913 -0.3806 -0.9247 -0 1 0 0 -0.123946 -0 -0.992289
-86.3633 -20.7498 16.5959 0.0111 0 0.3827 -0.9239 -0 1 -0 -0 -0 -0 -1
-86.3633 -20.7498 -21.7079 0.0111 0.8908 0.3821 -0.9241 0 1 -0 -0 -0 -0 -1
-39.9573 -20.7498 -21.7079 0.2741 0.8908 0 -1 0 1 -0 -0 -0 -0 -1
-86.3633 -20.7498 16.5959 0.0111 0 0.3827 -0.9239 -0 1 -0 3.0785e-005 0.000147847 -0 -1
-39.9573 -20.7498 -21.7079 0.2741 0.8908 0 -1 0 1 -0 3.0785e-005 0.000147847 -0 -1
-3.94849 -20.7498 -21.8057 0.4782 0.8931 0 -1 0 1 -0 3.0785e-005 0.000147847 -0 -1
-86.3633 -20.7498 16.5959 0.0111 0 0.3827 -0.9239 -0 1 -0 -1.11683e-005 0.00038055 -0 -1
-3.94849 -20.7498 -21.8057 0.4782 0.8931 0 -1 0 1 -0 -1.11683e-005 0.00038055 -0 -1
86.1431 -20.7498 -21.7293 0.9889 0.8913 -0.3806 -0.9247 -0 1 -0 -1.11683e-005 0.00038055 -0 -1
86.1429 -20.7498 16.5959 0.9889 0 -0.3827 -0.9239 -0 1 -0 -0 3.18512e-006 0 -1
-86.3633 -20.7498 16.5959 0.0111 0 0.3827 -0.9239 -0 1 -0 -0 3.18512e-006 0 -1
86.1431 -20.7498 -21.7293 0.9889 0.8913 -0.3806 -0.9247 -0 1 -0 -0 3.18512e-006 0 -1
87.1179 101.214 -22.4638 0.0916 0 -0.7071 -0.7071 -0 -0 -2.73422e-006 1 0.826877 -0.562383 -0.000670317
88.093 100.55 -22.4603 0.0917 0.0371 -0.9234 -0.3838 -0 -0 -2.73422e-006 1 0.826877 -0.562383 -0.000670317
88.093 100.55 16.5959 1 0.0371 -0.9239 -0.3827 -0 -0 -2.73422e-006 1 0.826877 -0.562383 -0.000670317
88.093 100.55 16.5959 1 0.0371 -0.9239 -0.3827 -0 -0 -0 1 0.826835 -0.562445 -0
87.1179 101.214 16.5959 1 0 -0.7071 -0.7071 0 -0 -0 1 0.826835 -0.562445 -0
87.1179 101.214 -22.4638 0.0916 0 -0.7071 -0.7071 -0 -0 -0 1 0.826835 -0.562445 -0
87.1179 66.8046 16.5959 1 1 -0.7071 0.7071 -0 -0 -0 1 -0.826835 -0.562445 -0
88.093 67.4679 16.5959 1 0.9629 -0.9239 0.3827 -0 -0 -0 1 -0.826835 -0.562445 -0
88.093 67.4679 -22.2676 0.0962 0.9629 -0.9242 0.382 -0 -0 -0 1 -0.826835 -0.562445 -0
88.093 67.4679 -22.2676 0.0962 0.9629 -0.9242 0.382 -0 -1.57086e-006 -0 1 -0.826792 -0.562451 -0.00796718
87.1179 66.8046 -22.2684 0.0964 1 -0.7071 0.7071 -0 -1.57086e-006 -0 1 -0.826792 -0.562451 -0.00796718
87.1179 66.8046 16.5959 1 1 -0.7071 0.7071 -0 -1.57086e-006 -0 1 -0.826792 -0.562451 -0.00796718
87.1179 66.8046 -22.2684 0 0.9036 -0.7071 0.7071 -0 -0.826816 -0.562433 0.00662094 -0 -0 -1
86.1428 66.1413 -22.2692 0.0111 0.9038 -0.3817 0.9243 -0 -0.826816 -0.562433 0.00662094 -0 -0 -1
86.1428 66.1413 16.5959 0.0111 0 -0.3827 0.9239 -0 -0.826816 -0.562433 0.00662094 -0 -0 -1
86.1428 66.1413 16.5959 0.0111 0 -0.3827 0.9239 -0 -0.826818 -0.562469 -0 1.57166e-006 -0 -1
87.1179 66.8046 16.5959 0 0 -0.7071 0.7071 -0 -0.826818 -0.562469 -0 1.57166e-006 -0 -1
87.1179 66.8046 -22.2684 0 0.9036 -0.7071 0.7071 -0 -0.826818 -0.562469 -0 1.57166e-006 -0 -1
-87.3385 66.8046 16.5959 1 0 0.7071 0.7071 -0 -0.826802 0.562493 -0 -0 -0 -1
-86.3635 66.1413 16.5959 0.9889 0 0.3827 0.9239 0 -0.826802 0.562493 -0 -0 -0 -1
-86.3635 66.1413 -22.2428 0.9889 0.9032 0.3832 0.9237 -0 -0.826802 0.562493 -0 -0 -0 -1
-86.3635 66.1413 -22.2428 0.9889 0.9032 0.3832 0.9237 -0 -0.826797 0.56249 -0.00348079 -0 -0 -1
-87.3385 66.8046 -22.2469 1 0.9032 0.7071 0.7071 -0 -0.826797 0.56249 -0.00348079 -0 -0 -1
-87.3385 66.8046 16.5959 1 0 0.7071 0.7071 -0 -0.826797 0.56249 -0.00348079 -0 -0 -1
-87.3385 60.7387 -22.2096 0 0.9025 0.7071 -0.7071 -0 0.826866 0.562389 -0.00340301 -0 -0 -1
-86.3634 61.402 -22.2136 0.0111 0.9025 0.3821 -0.9241 0 0.826866 0.562389 -0.00340301 -0 -0 -1
-86.3634 61.402 16.5959 0.0111 0 0.3827 -0.9239 -0 0.826866 0.562389 -0.00340301 -0 -0 -1
-86.3634 61.402 16.5959 0.0111 0 0.3827 -0.9239 -0 0.826829 0.562454 -0 -0 2.7524e-006 -1
-87.3385 60.7386 16.5959 0 0 0.7071 -0.7071 -0 0.826829 0.562454 -0 -0 2.7524e-006 -1
-87.3385 60.7387 -22.2096 0 0.9025 0.7071 -0.7071 -0 0.826829 0.562454 -0 -0 2.7524e-006 -1
87.1179 60.7386 16.5959 1 0 -0.7071 -0.7071 -0 0.826829 -0.562454 -0 -0 -0 -1
86.1428 61.402 16.5959 0.9889 0 -0.3827 -0.9239 -0 0.826829 -0.562454 -0 -0 -0 -1
86.1428 61.402 -22.2397 0.9889 0.9032 -0.3806 -0.9247 -0 0.826829 -0.562454 -0 -0 -0 -1
86.1428 61.402 -22.2397 0.9889 0.9032 -0.3806 -0.9247 -0 0.826866 -0.562389 -0.00330721 -0 2.75091e-006 -1
87.1179 60.7387 -22.2307 1 0.9029 -0.7071 -0.7071 -0 0.826866 -0.562389 -0.00330721 -0 2.75091e-006 -1
87.1179 60.7386 16.5959 1 0 -0.7071 -0.7071 -0 0.826866 -0.562389 -0.00330721 -0 2.75091e-006 -1
87.1179 60.7387 -22.2307 0.0971 0 -0.7071 -0.7071 -0 -0 -0 1 0.826818 -0.562469 0.000341067
88.093 60.0754 -22.2217 0.0973 0.0371 -0.9231 -0.3846 -0 -0 -0 1 0.826818 -0.562469 0.000341067
88.093 60.0754 16.5959 1 0.0371 -0.9239 -0.3827 -0 -0 -0 1 0.826818 -0.562469 0.000341067
88.093 60.0754 16.5959 1 0.0371 -0.9239 -0.3827 -0 -0 -2.75039e-006 1 0.82686 -0.562407 -0
87.1179 60.7386 16.5959 1 0 -0.7071 -0.7071 -0 -0 -2.75039e-006 1 0.82686 -0.562407 -0
87.1179 60.7387 -22.2307 0.0971 0 -0.7071 -0.7071 -0 -0 -2.75039e-006 1 0.82686 -0.562407 -0
87.1179 26.3296 16.5959 1 1 -0.7071 0.7071 -0 -0 -0 1 -0.826818 -0.562469 -0
88.093 26.9929 16.5959 1 0.9629 -0.9239 0.3827 -0 -0 -0 1 -0.826818 -0.562469 -0
88.093 26.9929 -22.0162 0.102 0.9629 -0.9242 0.382 -0 -0 -0 1 -0.826818 -0.562469 -0
88.093 26.9929 -22.0162 0.102 0.9629 -0.9242 0.382 -0 -0 -0 1 -0.826792 -0.562452 -0.00788917
87.1179 26.3296 -22.0169 0.1022 1 -0.7071 0.7071 -0 -0 -0 1 -0.826792 -0.562452 -0.00788917
87.1179 26.3296 16.5959 1 1 -0.7071 0.7071 -0 -0 -0 1 -0.826792 -0.562452 -0.00788917
87.1179 26.3296 -22.0169 0 0.8978 -0.7071 0.7071 -0 -0.826859 -0.562371 0.00662089 -0 -0 -1
86.1428 25.6665 -22.0177 0.0111 0.898 -0.3817 0.9243 -0 -0.826859 -0.562371 0.00662089 -0 -0 -1
86.1428 25.6665 16.5959 0.0111 0 -0.3827 0.9239 -0 -0.826859 -0.562371 0.00662089 -0 -0 -1
86.1428 25.6665 16.5959 0.0111 0 -0.3827 0.9239 -0 -0.826877 -0.562383 -0 -0 -0 -1
87.1179 26.3296 16.5959 0 0 -0.7071 0.7071 -0 -0.826877 -0.562383 -0 -0 -0 -1
87.1179 26.3296 -22.0169 0 0.8978 -0.7071 0.7071 -0 -0.826877 -0.562383 -0 -0 -0 -1
-87.3385 26.3296 16.5959 1 0 0.7071 0.7071 -0 -0.826877 0.562383 -0 -0 -0 -1
-86.3634 25.6665 16.5959 0.9889 0 0.3827 0.9239 0 -0.826877 0.562383 -0 -0 -0 -1
-86.3634 25.6665 -21.9936 0.9889 0.8974 0.3832 0.9237 -0 -0.826877 0.562383 -0 -0 -0 -1
-86.3634 25.6665 -21.9936 0.9889 0.8974 0.3832 0.9237 -0 -0.826872 0.56238 -0.00346773 -0 -0 -1
-87.3385 26.3296 -21.9977 1 0.8974 0.7071 0.7071 -0 -0.826872 0.56238 -0.00346773 -0 -0 -1
-87.3385 26.3296 16.5959 1 0 0.7071 0.7071 -0 -0.826872 0.56238 -0.00346773 -0 -0 -1
-87.3386 20.3439 -21.9609 0 0.8968 0.7071 -0.7071 -0 0.826833 0.562438 -0.00338993 -0 -0 -1
-86.3635 21.0072 -21.9649 0.0111 0.8968 0.3821 -0.9241 0 0.826833 0.562438 -0.00338993 -0 -0 -1
-86.3635 21.0072 16.5958 0.0111 0 0.3827 -0.9239 -0 0.826833 0.562438 -0.00338993 -0 -0 -1
-86.3635 21.0072 16.5958 0.0111 0 0.3827 -0.9239 -0 0.826838 0.562441 -0 -0 -0 -1
-87.3386 20.3439 16.5958 0 0 0.7071 -0.7071 -0 0.826838 0.562441 -0 -0 -0 -1
-87.3386 20.3439 -21.9609 0 0.8968 0.7071 -0.7071 -0 0.826838 0.562441 -0 -0 -0 -1
87.1179 20.3439 16.5958 1 0 -0.7071 -0.7071 -0 0.826838 -0.562441 -0 1.58305e-006 -0 -1
86.1428 21.0072 16.5958 0.9889 0 -0.3827 -0.9239 -0 0.826838 -0.562441 -0 1.58305e-006 -0 -1
86.1428 21.0072 -21.9887 0.9889 0.8973 -0.3806 -0.9247 -0 0.826838 -0.562441 -0 1.58305e-006 -0 -1
86.1428 21.0072 -21.9887 0.9889 0.8973 -0.3806 -0.9247 -0 0.826821 -0.562465 0.000340225 -0 -0 -1
87.1179 20.3439 -21.9797 1 0.8971 -0.7071 -0.7071 -0 0.826821 -0.562465 0.000340225 -0 -0 -1
87.1179 20.3439 16.5958 1 0 -0.7071 -0.7071 -0 0.826821 -0.562465 0.000340225 -0 -0 -1
87.1179 20.3439 -21.9797 0.1029 0 -0.7071 -0.7071 -0 -0 -0 1 0.826834 -0.562445 0.000341372
88.093 19.6806 -21.9707 0.1031 0.0371 -0.9231 -0.3846 -0 -0 -0 1 0.826834 -0.562445 0.000341372
88.093 19.6806 16.5958 1 0.0371 -0.9239 -0.3827 -0 -0 -0 1 0.826834 -0.562445 0.000341372
88.093 19.6806 16.5958 1 0.0371 -0.9239 -0.3827 -0 -0 -0 1 0.826835 -0.562445 -0
87.1179 20.3439 16.5958 1 0 -0.7071 -0.7071 -0 -0 -0 1 0.826835 -0.562445 -0
87.1179 20.3439 -21.9797 0.1029 0 -0.7071 -0.7071 -0 -0 -0 1 0.826835 -0.562445 -0
87.1179 -14.0651 16.5958 1 1 -0.7071 0.7071 -0 -0 -0 1 -0.826835 -0.562445 -0
88.093 -13.4018 16.5958 1 0.9629 -0.9239 0.3827 -0 -0 -0 1 -0.826835 -0.562445 -0
88.093 -13.4018 -21.7652 0.1079 0.9629 -0.9242 0.382 -0 -0 -0 1 -0.826835 -0.562445 -0
88.093 -13.4018 -21.7652 0.1079 0.9629 -0.9242 0.382 -0 -0 -0 1 -0.826809 -0.562428 -0.00788906
87.1179 -14.0651 -21.7659 0.1081 1 -0.7071 0.7071 -0 -0 -0 1 -0.826809 -0.562428 -0.00788906
87.1179 -14.0651 16.5958 1 1 -0.7071 0.7071 -0 -0 -0 1 -0.826809 -0.562428 -0.00788906
87.1179 -14.0651 -21.7659 0 0.8919 -0.7071 0.7071 -0 -0.826775 -0.56244 0.0102518 1.59221e-006 -0 -1
86.1428 -14.7284 -21.7667 0.0111 0.8922 -0.3817 0.9243 -0 -0.826775 -0.56244 0.0102518 1.59221e-006 -0 -1
86.1428 -14.7284 16.5958 0.0111 0 -0.3827 0.9239 -0 -0.826775 -0.56244 0.0102518 1.59221e-006 -0 -1
86.1428 -14.7284 16.5958 0.0111 0 -0.3827 0.9239 -0 -0.826835 -0.562445 -0 -0 -0 -1
87.1179 -14.0651 16.5958 0 0 -0.7071 0.7071 -0 -0.826835 -0.562445 -0 -0 -0 -1
87.1179 -14.0651 -21.7659 0 0.8919 -0.7071 0.7071 -0 -0.826835 -0.562445 -0 -0 -0 -1
-87.3386 -14.0651 16.5958 1 0 0.7071 0.7071 -0 -0.826835 0.562445 -0 -0 -0 -1
-86.3635 -14.7284 16.5958 0.9889 0 0.3827 0.9239 0 -0.826835 0.562445 -0 -0 -0 -1
-86.3635 -14.7284 -21.7449 0.9889 0.8916 0.3832 0.9237 -0 -0.826835 0.562445 -0 -0 -0 -1
-86.3635 -14.7284 -21.7449 0.9889 0.8916 0.3832 0.9237 -0 -0.82683 0.562442 -0.00348049 -0 -0 -1
-87.3386 -14.0651 -21.749 1 0.8916 0.7071 0.7071 -0 -0.82683 0.562442 -0.00348049 -0 -0 -1
-87.3386 -14.0651 16.5958 1 0 0.7071 0.7071 -0 -0.82683 0.562442 -0.00348049 -0 -0 -1
-87.3386 -14.0651 -21.749 0.8916 1 0.7071 0.7071 -0 -0 -0 -1 0.826796 -0.562489 -0.00382442
-88.3136 -13.4018 -21.7531 0.8918 0.9629 0.9244 0.3814 -0 -0 -0 -1 0.826796 -0.562489 -0.00382442
-88.3136 -13.4018 16.5958 0 0.9629 0.9239 0.3827 -0 -0 -0 -1 0.826796 -0.562489 -0.00382442
-88.3136 -13.4018 16.5958 0 0.9629 0.9239 0.3827 -0 -0 -0 -1 0.826802 -0.562493 0
-87.3386 -14.0651 16.5958 0 1 0.7071 0.7071 -0 -0 -0 -1 0.826802 -0.562493 0
-87.3386 -14.0651 -21.749 0.8916 1 0.7071 0.7071 -0 -0 -0 -1 0.826802 -0.562493 0
-87.3386 20.3439 16.5958 0 0 0.7071 -0.7071 -0 -0 -0 -1 -0.826802 -0.562493 0
-88.3136 19.6806 16.5958 0 0.0371 0.9239 -0.3827 -0 -0 -0 -1 -0.826802 -0.562493 0
-88.3136 19.6806 -21.9568 0.8966 0.0371 0.9233 -0.384 -0 -0 -0 -1 -0.826802 -0.562493 0
-88.3136 19.6806 -21.9568 0.8966 0.0371 0.9233 -0.384 -0 -0 -0 -1 -0.826796 -0.562489 -0.00381012
-87.3386 20.3439 -21.9609 0.8968 0 0.7071 -0.7071 -0 -0 -0 -1 -0.826796 -0.562489 -0.00381012
-87.3386 20.3439 16.5958 0 0 0.7071 -0.7071 -0 -0 -0 -1 -0.826796 -0.562489 -0.00381012
-87.3385 26.3296 -21.9977 0.8974 1 0.7071 0.7071 -0 -0 -0 -1 0.826829 -0.562441 -0.00381104
-88.3136 26.9929 -22.0018 0.8976 0.9629 0.9244 0.3814 -0 -0 -0 -1 0.826829 -0.562441 -0.00381104
-88.3136 26.9929 16.5959 0 0.9629 0.9239 0.3827 -0 -0 -0 -1 0.826829 -0.562441 -0.00381104
-88.3136 26.9929 16.5959 0 0.9629 0.9239 0.3827 -0 -0 -0 -1 0.826835 -0.562445 0
-87.3385 26.3296 16.5959 0 1 0.7071 0.7071 -0 -0 -0 -1 0.826835 -0.562445 0
-87.3385 26.3296 -21.9977 0.8974 1 0.7071 0.7071 -0 -0 -0 -1 0.826835 -0.562445 0
-87.3385 60.7386 16.5959 0 0 0.7071 -0.7071 -0 -0 -0 -1 -0.826877 -0.562383 0
-88.3136 60.0754 16.5959 0 0.0371 0.9239 -0.3827 -0 -0 -0 -1 -0.826877 -0.562383 0
-88.3136 60.0754 -22.2055 0.9024 0.0371 0.9233 -0.384 -0 -0 -0 -1 -0.826877 -0.562383 0
-88.3136 60.0754 -22.2055 0.9024 0.0371 0.9233 -0.384 -0 -0 2.75189e-006 -1 -0.826834 -0.562445 -0.000179033
-87.3385 60.7387 -22.2096 0.9025 0 0.7071 -0.7071 -0 -0 2.75189e-006 -1 -0.826834 -0.562445 -0.000179033
-87.3385 60.7386 16.5959 0 0 0.7071 -0.7071 -0 -0 2.75189e-006 -1 -0.826834 -0.562445 -0.000179033
-87.3385 66.8046 -22.2469 0.9032 1 0.7071 0.7071 -0 -0 -0 -1 0.826829 -0.562441 -0.00381318
-88.3136 67.4679 -22.251 0.9034 0.9629 0.9244 0.3814 -0 -0 -0 -1 0.826829 -0.562441 -0.00381318
-88.3136 67.4679 16.5959 0 0.9629 0.9239 0.3827 -0 -0 -0 -1 0.826829 -0.562441 -0.00381318
-88.3136 67.4679 16.5959 0 0.9629 0.9239 0.3827 -0 -0 -0 -1 0.826835 -0.562445 0
-87.3385 66.8046 16.5959 0 1 0.7071 0.7071 -0 -0 -0 -1 0.826835 -0.562445 0
-87.3385 66.8046 -22.2469 0.9032 1 0.7071 0.7071 -0 -0 -0 -1 0.826835 -0.562445 0
-87.3385 101.214 16.5959 0 0 0.7071 -0.7071 -0 -0 2.73462e-006 -1 -0.826835 -0.562445 0
-88.3136 100.55 16.5959 0 0.0371 0.9239 -0.3827 -0 -0 2.73462e-006 -1 -0.826835 -0.562445 0
-88.3136 100.55 -22.4546 0.9082 0.0371 0.9233 -0.384 -0 -0 2.73462e-006 -1 -0.826835 -0.562445 0
-88.3136 100.55 -22.4546 0.9082 0.0371 0.9233 -0.384 -0 -0 -0 -1 -0.826877 -0.562383 -0.000163904
-87.3385 101.214 -22.4587 0.9083 0 0.7071 -0.7071 0 -0 -0 -1 -0.826877 -0.562383 -0.000163904
-87.3385 101.214 16.5959 0 0 0.7071 -0.7071 -0 -0 -0 -1 -0.826877 -0.562383 -0.000163904
-87.3385 101.214 -22.4587 0 0.9083 0.7071 -0.7071 0 0.826797 0.56249 -0.00346785 -0 -0 -1
-86.3635 101.877 -22.4628 0.0111 0.9083 0.3822 -0.9241 0 0.826797 0.56249 -0.00346785 -0 -0 -1
-86.3635 101.877 16.5959 0.0111 0 0.3827 -0.9239 0 0.826797 0.56249 -0.00346785 -0 -0 -1
-86.3635 101.877 16.5959 0.0111 0 0.3827 -0.9239 0 0.826802 0.562493 -0 -0 -0 -1
-87.3385 101.214 16.5959 0 0 0.7071 -0.7071 -0 0.826802 0.562493 -0 -0 -0 -1
-87.3385 101.214 -22.4587 0 0.9083 0.7071 -0.7071 0 0.826802 0.562493 -0 -0 -0 -1
87.1179 101.214 16.5959 1 0 -0.7071 -0.7071 0 0.826818 -0.562469 -0 -0 -0 -1
86.1428 101.877 16.5959 0.9889 0 -0.3827 -0.9239 0 0.826818 -0.562469 -0 -0 -0 -1
86.1428 101.877 -22.4674 0.9889 0.9084 -0.9228 0.3854 0 0.826818 -0.562469 -0 -0 -0 -1
86.1428 101.877 -22.4674 0.9889 0.9084 -0.9228 0.3854 0 0.826814 -0.562467 0.00305365 -0 -0 -1
87.1179 101.214 -22.4638 1 0.9084 -0.7071 -0.7071 -0 0.826814 -0.562467 0.00305365 -0 -0 -1
87.1179 101.214 16.5959 1 0 -0.7071 -0.7071 0 0.826814 -0.562467 0.00305365 -0 -0 -1
87.118 -55.8221 -21.5065 0 0.8859 -0.7071 0.7071 -0 -0.826783 -0.562481 0.00669681 3.20391e-006 -0 -1
86.1431 -56.4854 -21.5072 0.0111 0.8861 -0.3817 0.9243 -0 -0.826783 -0.562481 0.00669681 3.20391e-006 -0 -1
86.1429 -56.4854 16.5959 0.0111 0 -0.3827 0.9239 -0 -0.826783 -0.562481 0.00669681 3.20391e-006 -0 -1
86.1429 -56.4854 16.5959 0.0111 0 -0.3827 0.9239 -0 -0.826835 -0.562445 -0 -0 -0 -1
87.118 -55.8221 16.5959 0 0 -0.7071 0.7071 -0 -0.826835 -0.562445 -0 -0 -0 -1
87.118 -55.8221 -21.5065 0 0.8859 -0.7071 0.7071 -0 -0.826835 -0.562445 -0 -0 -0 -1
-87.3384 -55.8221 16.5959 1 0 0.7071 0.7071 -0 -0.826835 0.562445 -0 -0 -0 -1
-86.3633 -56.4854 16.5959 0.9889 0 0.3827 0.9239 0 -0.826835 0.562445 -0 -0 -0 -1
-86.3633 -56.4854 -21.4879 0.9889 0.8857 0.3832 0.9237 -0 -0.826835 0.562445 -0 -0 -0 -1
-86.3633 -56.4854 -21.4879 0.9889 0.8857 0.3832 0.9237 -0 -0.826829 0.562442 -0.00348049 -0 -0 -1
-87.3384 -55.8221 -21.492 1 0.8857 0.7071 0.7071 -0 -0.826829 0.562442 -0.00348049 -0 -0 -1
-87.3384 -55.8221 16.5959 1 0 0.7071 0.7071 -0 -0.826829 0.562442 -0.00348049 -0 -0 -1
-87.3384 -55.8221 -21.492 0.8857 1 0.7071 0.7071 -0 -0 -2.60442e-006 -1 0.826867 -0.562383 -0.00389911
-88.3135 -55.1589 -21.496 0.8859 0.9629 0.9244 0.3814 -0 -0 -2.60442e-006 -1 0.826867 -0.562383 -0.00389911
-88.3135 -55.1588 16.5959 0 0.9629 0.9239 0.3827 -0 -0 -2.60442e-006 -1 0.826867 -0.562383 -0.00389911
-88.3135 -55.1588 16.5959 0 0.9629 0.9239 0.3827 -0 -0 -0 -1 0.826835 -0.562445 0
-87.3384 -55.8221 16.5959 0 1 0.7071 0.7071 -0 -0 -0 -1 0.826835 -0.562445 0
-87.3384 -55.8221 -21.492 0.8857 1 0.7071 0.7071 -0 -0 -0 -1 0.826835 -0.562445 0
-87.3384 -21.4131 16.5959 0 0 0.7071 -0.7071 -0 -0 -0 -1 -0.826835 -0.562445 0
-88.3135 -22.0764 16.5959 0 0.0371 0.9239 -0.3827 -0 -0 -0 -1 -0.826835 -0.562445 0
-88.3135 -22.0764 -21.6997 0.8906 0.0371 0.9233 -0.384 -0 -0 -0 -1 -0.826835 -0.562445 0
-88.3135 -22.0764 -21.6997 0.8906 0.0371 0.9233 -0.384 -0 -0 -0 -1 -0.826828 -0.562441 -0.00382292
-87.3384 -21.4131 -21.7038 0.8908 0 0.7071 -0.7071 -0 -0 -0 -1 -0.826828 -0.562441 -0.00382292
-87.3384 -21.4131 16.5959 0 0 0.7071 -0.7071 -0 -0 -0 -1 -0.826828 -0.562441 -0.00382292
87.118 -21.4131 -21.7203 0.1089 0 -0.7071 -0.7071 -0 -0 -0 1 0.826802 -0.562493 0.00034192
88.093 -22.0764 -21.7113 0.1091 0.0371 -0.9231 -0.3846 -0 -0 -0 1 0.826802 -0.562493 0.00034192
88.093 -22.0764 16.5959 1 0.0371 -0.9239 -0.3827 -0 -0 -0 1 0.826802 -0.562493 0.00034192
88.093 -22.0764 16.5959 1 0.0371 -0.9239 -0.3827 -0 -0 -0 1 0.826802 -0.562493 -0
87.118 -21.4131 16.5959 1 0 -0.7071 -0.7071 -0 -0 -0 1 0.826802 -0.562493 -0
87.118 -21.4131 -21.7203 0.1089 0 -0.7071 -0.7071 -0 -0 -0 1 0.826802 -0.562493 -0
87.118 -55.8221 16.5959 1 1 -0.7071 0.7071 -0 -0 2.60375e-006 1 -0.826802 -0.562493 -0
88.093 -55.1588 16.5959 1 0.9629 -0.9239 0.3827 -0 -0 2.60375e-006 1 -0.826802 -0.562493 -0
88.093 -55.1589 -21.5057 0.1139 0.9629 -0.9242 0.382 -0 -0 2.60375e-006 1 -0.826802 -0.562493 -0
88.093 -55.1589 -21.5057 0.1139 0.9629 -0.9242 0.382 -0 -0 -0 1 -0.826815 -0.562418 -0.00796778
87.118 -55.8221 -21.5065 0.1141 1 -0.7071 0.7071 -0 -0 -0 1 -0.826815 -0.562418 -0.00796778
87.118 -55.8221 16.5959 1 1 -0.7071 0.7071 -0 -0 -0 1 -0.826815 -0.562418 -0.00796778
-87.3384 -21.4131 -21.7038 0 0.8908 0.7071 -0.7071 -0 0.82683 0.562442 -0.00348049 -0 -0 -1
-86.3633 -20.7498 -21.7079 0.0111 0.8908 0.3821 -0.9241 0 0.82683 0.562442 -0.00348049 -0 -0 -1
-86.3633 -20.7498 16.5959 0.0111 0 0.3827 -0.9239 -0 0.82683 0.562442 -0.00348049 -0 -0 -1
-86.3633 -20.7498 16.5959 0.0111 0 0.3827 -0.9239 -0 0.826835 0.562445 -0 -0 -0 -1
-87.3384 -21.4131 16.5959 0 0 0.7071 -0.7071 -0 0.826835 0.562445 -0 -0 -0 -1
-87.3384 -21.4131 -21.7038 0 0.8908 0.7071 -0.7071 -0 0.826835 0.562445 -0 -0 -0 -1
87.118 -21.4131 16.5959 1 0 -0.7071 -0.7071 -0 0.826835 -0.562445 -0 3.18534e-006 -0 -1
86.1429 -20.7498 16.5959 0.9889 0 -0.3827 -0.9239 -0 0.826835 -0.562445 -0 3.18534e-006 -0 -1
86.1431 -20.7498 -21.7293 0.9889 0.8913 -0.3806 -0.9247 -0 0.826835 -0.562445 -0 3.18534e-006 -0 -1
86.1431 -20.7498 -21.7293 0.9889 0.8913 -0.3806 -0.9247 -0 0.826802 -0.562493 0.000340484 -0 -0 -1
87.118 -21.4131 -21.7203 1 0.8911 -0.7071 -0.7071 -0 0.826802 -0.562493 0.000340484 -0 -0 -1
87.118 -21.4131 16.5959 1 0 -0.7071 -0.7071 -0 0.826802 -0.562493 0.000340484 -0 -0 -1
Index count: 924
0
1
2
2
3
0
4
5
6
7
8
9
10
11
12
13
14
15
16
17
18
19
20
21
22
23
24
25
26
27
28
29
30
31
32
33
34
35
36
37
38
39
40
41
42
43
44
45
46
47
48
49
50
51
52
53
54
55
56
57
58
59
60
61
62
63
64
65
66
67
68
69
70
71
72
73
74
75
76
77
78
79
80
81
82
83
84
85
86
87
88
89
90
91
92
93
94
95
96
97
98
99
100
101
102
103
104
105
106
107
108
109
110
111
112
113
114
115
116
117
118
119
120
121
122
123
124
125
126
127
128
129
130
131
132
133
134
135
136
137
138
139
140
141
142
143
144
145
146
147
148
149
150
151
152
153
154
155
156
157
158
159
160
161
162
163
164
165
166
167
168
169
170
171
172
173
174
175
176
177
178
179
180
181
182
183
184
185
186
187
188
189
190
191
192
193
194
195
196
197
198
199
200
201
202
203
204
205
206
207
208
209
210
211
212
213
214
215
216
217
218
219
220
221
222
222
223
220
224
225
226
227
228
229
230
231
232
233
234
235
235
236
233
237
238
239
240
241
242
243
244
245
246
247
248
248
249
246
250
251
252
253
254
255
256
257
258
259
260
261
262
263
264
265
266
267
268
269
270
271
272
273
274
275
276
277
278
279
280
281
282
283
284
285
286
287
288
289
290
291
292
293
294
295
296
297
298
299
300
301
302
303
304
305
306
307
308
309
310
311
312
313
314
315
316
317
318
319
320
321
322
323
324
325
326
327
328
329
330
331
332
333
334
335
336
337
338
339
340
341
342
343
344
345
346
347
348
349
350
351
352
353
354
355
356
357
358
359
360
361
362
363
364
365
366
367
368
369
370
371
372
373
374
375
376
377
378
379
380
381
382
383
384
385
386
387
388
389
390
391
392
393
394
395
396
397
398
399
400
401
402
403
404
405
406
407
408
409
400
410
411
412
413
414
415
416
417
418
419
420
421
422
423
424
425
426
427
428
429
430
431
432
433
434
435
436
437
438
439
440
441
442
443
444
445
446
447
448
449
450
451
452
453
454
455
456
457
458
459
460
461
462
463
464
465
466
467
468
469
470
471
472
473
474
475
476
477
478
479
480
481
482
482
483
480
484
485
486
487
488
489
490
491
492
493
494
495
495
496
493
497
498
499
500
501
502
503
504
505
506
507
508
509
510
511
512
513
514
515
516
517
518
519
520
521
522
523
524
525
526
527
528
529
530
531
532
533
534
535
536
537
538
539
540
541
542
543
544
545
546
547
548
539
549
550
551
552
553
554
555
556
557
558
559
560
561
562
563
564
565
566
567
568
569
570
571
572
573
574
575
576
577
578
579
580
581
582
583
584
585
586
587
588
589
590
591
592
593
594
595
596
597
598
599
600
601
602
603
604
605
606
607
608
609
610
611
612
613
614
615
616
617
618
619
620
621
622
623
624
625
626
627
628
629
630
631
632
633
634
635
636
637
638
639
640
641
642
643
644
645
646
647
648
649
650
651
652
653
654
655
656
657
658
659
660
661
662
663
664
665
666
667
668
669
670
671
672
673
674
675
676
677
678
679
680
681
682
683
684
685
686
687
688
689
690
691
692
693
694
695
696
697
698
699
700
701
702
703
704
705
706
707
708
709
710
711
712
713
714
715
716
717
718
719
720
721
722
723
724
725
726
727
728
729
730
731
732
733
734
735
736
737
738
739
740
741
742
743
744
745
746
747
748
749
750
751
752
753
754
755
756
757
758
759
760
761
762
763
764
765
766
767
768
769
770
771
772
773
774
775
776
777
778
779
780
781
782
783
784
785
786
787
788
789
790
791
792
793
794
795
796
797
798
799
800
801
802
803
804
805
806
807
808
809
810
811
812
813
814
815
816
817
818
819
820
821
822
823
824
825
826
827
828
829
830
831
832
833
834
835
836
837
838
839
840
841
842
843
844
845
846
847
848
849
850
851
852
853
854
855
856
857
858
859
860
861
862
863
864
865
866
867
868
869
870
871
872
873
874
875
876
877
878
879
880
881
882
883
884
885
886
887
888
889
890
891
892
893
894
895
896
897
898
899
900
901
902
903
904
905
906
907
908
909
