bounding box: -100 -150 -5 100 150 5
Material name: wallOldBrick.mat
Vertex Count: 24
100 150 -5 1.0219 1.5218 0 -0 -1 1 -0 -0 -0 1 -0
100 -150 -5 1.0219 0.0218 0 -0 -1 1 -0 -0 -0 1 -0
-100 -150 -5 0.0219 0.0218 0 -0 -1 1 -0 -0 -0 1 -0
-100 150 -5 0.0219 1.5218 0 -0 -1 1 -0 -0 -0 1 -0
-100 -150 -5 0.0219 0.0218 -1 0 0 0 0 1 0 0 0
-100 -150 5 0.0219 0.0218 -1 0 0 0 0 1 0 0 0
-100 150 5 0.0219 1.5218 -1 0 0 0 0 1 0 0 0
-100 150 -5 0.0219 1.5218 -1 0 0 -0 0 1 0 -0 0
100 -150 -5 1.0219 0.0218 0 -1 0 0 0 0 0 0 1
100 -150 5 1.0219 0.0218 0 -1 0 0 0 0 0 0 1
-100 -150 5 0.0219 0.0218 0 -1 0 0 0 0 0 0 1
-100 -150 -5 0.0219 0.0218 0 -1 0 0 0 0 0 0 1
100 150 -5 1.0219 1.5218 1 0 0 -0 0 -1 0 -0 0
100 150 5 1.0219 1.5218 1 0 0 -0 0 -1 0 -0 0
100 -150 5 1.0219 0.0218 1 0 0 -0 0 -1 0 -0 0
100 -150 -5 1.0219 0.0218 1 0 0 0 0 -1 0 0 0
-100 150 -5 0.0219 1.5218 0 1 -0 0 0 0 0 0 -1
-100 150 5 0.0219 1.5218 0 1 -0 0 0 0 0 0 -1
100 150 5 1.0219 1.5218 0 1 -0 0 0 0 0 0 -1
100 150 -5 1.0219 1.5218 0 1 -0 0 0 0 0 0 -1
-100 -150 5 0.0219 0.0218 0 0 1 1 0 0 0 1 -0
100 -150 5 1.0219 0.0218 0 0 1 1 0 0 0 1 -0
100 150 5 1.0219 1.5218 0 0 1 1 0 0 0 1 -0
-100 150 5 0.0219 1.5218 0 0 1 1 0 -0 0 1 0
Index count: 36
0
1
2
2
3
0
4
5
6
6
7
4
8
9
10
10
11
8
12
13
14
14
15
12
16
17
18
18
19
16
20
21
22
22
23
20
