bounding box: -200 -150 -0 200 150 -0
Material name: wallOldBrick.mat
Vertex Count: 16
138.667 150 -0 2.7133 0.52 0 -0 -1 1 -0 0 -0 1 -0
200 150 -0 3.02 0.52 0 -0 -1 1 -0 0 -0 1 -0
200 -150 0 3.02 -0.98 0 -0 -1 1 -0 0 -0 1 -0
138.667 72 -0 2.7133 0.13 0 -0 -1 1 3.18955e-007 0 -0 1 -0
138.667 150 -0 2.7133 0.52 0 -0 -1 1 3.18955e-007 0 -0 1 -0
200 -150 0 3.02 -0.98 0 -0 -1 1 3.18955e-007 0 -0 1 -0
138.667 72 -0 2.7133 0.13 0 -0 -1 1 -0 -0 -0 1 -0
138.667 -150 0 2.7133 -0.98 0 -0 -1 1 -0 -0 -0 1 -0
-138.667 -150 0 1.3267 -0.98 0 -0 -1 1 -0 -0 -0 1 -0
-200 -150 0 1.02 -0.98 0 -0 -1 1 -0 -0 -0 1 -0
-200 150 -0 1.02 0.52 0 -0 -1 1 -0 -0 -0 1 -0
-138.667 72 -0 1.3267 0.13 0 -0 -1 1 -1.12065e-007 -0 -0 1 -0
-138.667 -150 0 1.3267 -0.98 0 -0 -1 1 -1.12065e-007 -0 -0 1 -0
-200 150 -0 1.02 0.52 0 -0 -1 1 -1.12065e-007 -0 -0 1 -0
-138.667 72 -0 1.3267 0.13 0 -0 -1 1 -0 -0 -0 1 0
-138.667 150 -0 1.3267 0.52 0 -0 -1 1 -0 -0 -0 1 0
Index count: 24
0
1
2
3
4
5
6
2
7
8
9
10
11
12
13
14
10
15
14
15
0
0
6
14
