bounding box: -100 -150 0 100 150 0
Material name: wallOldBrick.mat
Vertex Count: 12
100 -150 0 1.0219 0.0218 0 -0 -1 1 -0 -0 -0 1 -0
62.5856 -150 0 0.8348 0.0218 0 -0 -1 1 -0 -0 -0 1 -0
62.5856 51 0 0.8348 1.0268 0 -0 -1 1 -0 -0 -0 1 -0
100 51 0 1.0219 1.0268 0 -0 -1 1 -0 -0 -0 1 -0
100 150 0 1.0219 1.5218 0 -0 -1 1 -0 -0 -0 1 -0
62.5856 150 0 0.8348 1.5218 0 -0 -1 1 -0 0 -0 1 -0
-67.8011 51 0 0.1829 1.0268 0 -0 -1 1 -0 -0 -0 1 -0
-67.8011 -150 0 0.1829 0.0218 0 -0 -1 1 -0 -0 -0 1 -0
-100 -150 0 0.0219 0.0218 0 -0 -1 1 -0 -0 -0 1 -0
-100 51 0 0.0219 1.0268 0 -0 -1 1 -0 -0 -0 1 -0
-100 150 0 0.0219 1.5218 0 -0 -1 1 -0 -0 -0 1 -0
-67.8011 150 0 0.1829 1.5218 0 -0 -1 1 -0 -0 -0 1 0
Index count: 30
0
1
2
3
0
2
4
3
2
5
4
2
6
7
8
6
8
9
6
9
10
6
10
11
6
11
5
6
5
2
