bounding box: -65 -100 -100 65 100 100
Material name: FloarTile.mat
Vertex Count: 4
65 -100 -100 1.62 0.3617 0 1 -0 1 -0 -0 0 0 -1
-65 -100 -100 0.32 0.3617 0 1 -0 1 -0 -0 0 0 -1
-65 -100 100 0.32 -1.6383 0 1 -0 1 -0 -0 0 0 -1
65 -100 100 1.62 -1.6383 0 1 -0 1 0 0 0 0 -1
Index count: 6
0
1
2
2
3
0
Material name: wallOldBrick.mat
Vertex Count: 12
65 100 -100 0.8608 1.025 -1 0 0 -0 -0 -1 -0 1 -0
65 -100 -100 0.8608 0.025 -1 0 0 -0 -0 -1 -0 1 -0
65 -100 100 -0.1392 0.025 -1 0 0 -0 -0 -1 -0 1 -0
65 100 100 -0.1392 1.025 -1 0 0 -0 -0 -1 -0 1 0
-65 100 -100 0.835 0.3808 0 -1 0 -1 -0 -0 0 0 -1
65 100 -100 0.185 0.3808 0 -1 0 -1 -0 -0 0 0 -1
65 100 100 0.185 -0.6192 0 -1 0 -1 -0 -0 0 0 -1
-65 100 100 0.835 -0.6192 0 -1 0 -1 0 0 0 0 -1
-65 -100 -100 0.8658 0.025 1 0 0 0 0 -1 0 1 0
-65 100 -100 0.8658 1.025 1 0 0 0 0 -1 0 1 0
-65 100 100 -0.1342 1.025 1 0 0 0 0 -1 0 1 0
-65 -100 100 -0.1342 0.025 1 0 0 0 0 -1 0 1 -0
Index count: 18
0
1
2
2
3
0
4
5
6
6
7
4
8
9
10
10
11
8
