bounding box: -100 -150 -33.5 100 150 33.5
Material name: FloarTile.mat
Vertex Count: 4
62.5856 -150 33.5 1.6259 0.33 0 1 -0 1 0 0 0 0 -1
62.5856 -150 -33.4999 1.6259 1 0 1 -0 1 0 0 0 0 -1
-67.8011 -150 -33.4999 0.322 1 0 1 -0 1 0 0 0 0 -1
-67.8011 -150 33.5 0.322 0.33 0 1 -0 1 0 0 0 0 -1
Index count: 6
0
1
2
2
3
0
Material name: wallOldBrick.mat
Vertex Count: 30
100 -150 -33.4999 1.0219 0.0218 0 -0 -1 1 -0 -0 -0 1 -0
62.5856 -150 -33.4999 0.8348 0.0218 0 -0 -1 1 -0 -0 -0 1 -0
62.5856 51 -33.4999 0.8348 1.0268 0 -0 -1 1 -0 -0 -0 1 -0
100 51 -33.4999 1.0219 1.0268 0 -0 -1 1 -0 -0 -0 1 -0
100 150 -33.5 1.0219 1.5218 0 -0 -1 1 -0 -0 -0 1 -1.02111e-006
100 51 -33.4999 1.0219 1.0268 0 -0 -1 1 -0 -0 -0 1 -1.02111e-006
62.5856 51 -33.4999 0.8348 1.0268 0 -0 -1 1 -0 -0 -0 1 -1.02111e-006
62.5856 150 -33.5 0.8348 1.5218 0 -0 -1 1 -0 0 -0 1 -1.02111e-006
-67.8011 51 -33.4999 0.1829 1.0268 0 -0 -1 1 -0 -0 -0 1 -0
-67.8011 -150 -33.4999 0.1829 0.0218 0 -0 -1 1 -0 -0 -0 1 -0
-100 -150 -33.4999 0.0219 0.0218 0 -0 -1 1 -0 -0 -0 1 -0
-100 51 -33.4999 0.0219 1.0268 0 -0 -1 1 -0 -0 -0 1 -0
-67.8011 51 -33.4999 0.1829 1.0268 0 -0 -1 1 -0 -0 -0 1 -1.02111e-006
-100 51 -33.4999 0.0219 1.0268 0 -0 -1 1 -0 -0 -0 1 -1.02111e-006
-100 150 -33.5 0.0219 1.5218 0 -0 -1 1 -0 -0 -0 1 -1.02111e-006
-67.8011 150 -33.5 0.1829 1.5218 0 -0 -1 1 -0 -0 -0 1 -1.02111e-006
-67.8011 51 -33.4999 0.1829 1.0268 0 -0 -1 1 -0 -0 -0 1 -1.02111e-006
-67.8011 150 -33.5 0.1829 1.5218 0 -0 -1 1 -0 -0 -0 1 -1.02111e-006
62.5856 51 33.5 0.845 1.025 -1 -0 0 0 -0 -1 -0 1 -0
62.5856 51 -33.4999 1.18 1.025 -1 -0 0 0 -0 -1 -0 1 -0
62.5856 -150 -33.4999 1.18 0.02 -1 -0 0 0 -0 -1 -0 1 -0
62.5856 -150 33.5 0.845 0.02 -1 -0 0 -0 -0 -1 -0 1 -0
-67.8011 51 33.5 0.834 0.365 0 -1 0 -1 0 0 0 0 -1
-67.8011 51 -33.4999 0.834 0.7 0 -1 0 -1 0 0 0 0 -1
62.5856 51 -33.4999 0.1821 0.7 0 -1 0 -1 0 0 0 0 -1
62.5856 51 33.5 0.1821 0.365 0 -1 0 -1 0 0 -0 0 -1
-67.8011 -150 33.5 0.85 0.02 1 -0 0 0 0 -1 0 1 0
-67.8011 -150 -33.4999 1.185 0.02 1 -0 0 0 0 -1 0 1 0
-67.8011 51 -33.4999 1.185 1.025 1 -0 0 0 0 -1 0 1 0
-67.8011 51 33.5 0.85 1.025 1 -0 0 -0 0 -1 0 1 0
Index count: 48
0
1
2
3
0
2
4
5
6
7
4
6
8
9
10
8
10
11
12
13
14
12
14
15
16
17
7
16
7
6
18
19
20
20
21
18
22
23
24
24
25
22
26
27
28
28
29
26
