bounding box: -300 -150 -5 300 150 5
Material name: cavalery1Relief.mat
Vertex Count: 6
0 83.5915 5 1 0 0 -0 -1 1 0 0 0 -1 0
0 -86.5468 5 1 1 0 -0 -1 1 0 0 0 -1 0
-240.142 -86.5468 5 0 1 0 -0 -1 1 0 0 0 -1 0
-240.142 -86.5468 5 0 1 0 -0 -1 1 -2.18421e-005 0 0 -1 0
-240.142 82.2356 5 0 0.00800002 0 -0 -1 1 -2.18421e-005 0 0 -1 0
0 83.5915 5 1 0 0 -0 -1 1 -2.18421e-005 0 0 -1 0
Index count: 6
0
1
2
3
4
5
Material name: cavalery2Relief.mat
Vertex Count: 4
233.777 83.5915 5 1 0 0 -0 -1 1 0 0 0 -1 0
233.777 -86.5468 5 1 1 0 -0 -1 1 0 0 0 -1 0
0 -86.5468 5 0 1 0 -0 -1 1 0 0 0 -1 0
0 83.5915 5 0 0 0 -0 -1 1 0 0 0 -1 0
Index count: 6
0
1
2
2
3
0
Material name: wallOldBrick.mat
Vertex Count: 45
-240.142 -86.5468 -5 -0.685 0.875 -0 -0 -1 1 0 0 0 -1 0
-240.142 -150 -5 -0.685 1.1923 -0 -0 -1 1 0 0 0 -1 0
-300 -150 -5 -0.9843 1.1923 -0 -0 -1 1 0 0 0 -1 0
-300 -86.5468 -5 -0.9843 0.875 -0 -0 -1 1 0 0 0 -1 0
0 -86.5468 -5 0.5157 0.875 0 -0 -1 1 0 0 0 -1 0
0 -150 -5 0.5157 1.1923 0 -0 -1 1 0 0 0 -1 0
233.777 -86.5468 -5 1.6846 0.875 0 -0 -1 1 0 0 0 -1 0
233.777 -150 -5 1.6846 1.1923 -0 -0 -1 1 0 0 0 -1 0
300 -86.5468 -5 2.0157 0.875 -0 -0 -1 1 0 0 0 -1 0
300 -150 -5 2.0157 1.1923 -0 -0 -1 1 0 0 0 -1 0
-240.142 82.2356 -5 -0.685 0.0311 0 -0 -1 1 0 0 0 -1 0
-300 82.2356 -5 -0.9843 0.0311 -0 -0 -1 1 0 0 0 -1 0
300 83.5915 -5 2.0157 0.0243 0 -0 -1 1 0 0 0 -1 0
233.777 83.5915 -5 1.6846 0.0243 -0 -0 -1 1 0 0 0 -1 0
-240.142 150 -5 -0.685 -0.3077 -0 -0 -1 1 0 0 0 -1 0
-300 150 -5 -0.9843 -0.3077 -0 -0 -1 1 0 0 0 -1 0
0 150 -5 0.5157 -0.3077 0 -0 -1 1 -1.77512e-005 0 0 -1 0
0 83.5915 -5 0.5157 0.0243 0 -0 -1 1 -1.77512e-005 0 0 -1 0
-240.142 82.2356 -5 -0.685 0.0311 0 -0 -1 1 -1.77512e-005 0 0 -1 0
0 150 -5 0.5157 -0.3077 0 -0 -1 1 0 0 0 -1 0
233.777 150 -5 1.6846 -0.3077 -0 -0 -1 1 0 0 0 -1 0
0 83.5915 -5 0.5157 0.0243 0 -0 -1 1 0 0 0 -1 0
300 150 -5 2.0157 -0.3077 -0 -0 -1 1 0 0 0 -1 0
0 -86.5468 5 1.0078 1.4524 0 1 -0 1 -0 -0 -0 -0 1
0 -86.5468 -5 1.0078 1.4024 0 1 -0 1 -0 -0 -0 -0 1
-240.142 -86.5468 -5 -0.1929 1.4024 0 1 -0 1 -0 -0 -0 -0 1
-240.142 -86.5468 5 -0.1929 1.4524 0 1 -0 1 -0 -0 -0 -0 1
233.777 -86.5468 5 2.1767 1.4524 0 1 -0 1 -0 -0 -0 -0 1
233.777 -86.5468 -5 2.1767 1.4024 0 1 -0 1 -0 -0 -0 -0 1
233.777 83.5915 5 0.4931 0.0238 -1 0 0 -0 -0 1 -0 -1 -0
233.777 83.5915 -5 0.4431 0.0238 -1 0 0 -0 -0 1 -0 -1 -0
233.777 -86.5468 -5 0.4431 0.8745 -1 0 0 -0 -0 1 -0 -1 -0
233.777 -86.5468 5 0.4931 0.8745 -1 0 0 0 0 1 -0 -1 -0
0 83.5915 5 0.6744 1.0775 0 -1 0 1 0 0 0 0 1
0 83.5915 -5 0.6744 1.0275 0 -1 0 1 0 0 0 0 1
233.777 83.5915 -5 1.8433 1.0275 0 -1 0 1 0 0 0 0 1
233.777 83.5915 5 1.8433 1.0775 0 -1 0 1 0 0 0 0 1
-240.142 82.2356 5 -0.5263 1.0775 0.0056 -1 0 0.999984 0.0056462 0 0 0 1
-240.142 82.2356 -5 -0.5263 1.0275 0.0056 -1 0 0.999984 0.0056462 0 0 0 1
0 83.5915 -5 0.6744 1.0275 0.0056 -1 0 0.999984 0.0056462 0 0 0 1
0 83.5915 5 0.6744 1.0775 0.0056 -1 0 0.999984 0.0056462 0 0 0 1
-240.142 -86.5468 5 0.4479 0.5381 1 0 0 0 0 -1 -0 -1 -0
-240.142 -86.5468 -5 0.4979 0.5381 1 0 0 0 0 -1 -0 -1 -0
-240.142 82.2356 -5 0.4979 -0.3059 1 0 0 0 0 -1 -0 -1 -0
-240.142 82.2356 5 0.4479 -0.3059 1 0 0 -0 -0 -1 -0 -1 -0
Index count: 96
0
1
2
2
3
0
4
5
1
1
0
4
6
7
5
5
4
6
8
9
7
7
6
8
10
0
3
3
11
10
12
8
6
6
13
12
14
10
11
11
15
14
16
17
18
10
14
19
20
13
21
21
19
20
22
12
13
13
20
22
23
24
25
25
26
23
27
28
24
24
23
27
29
30
31
31
32
29
33
34
35
35
36
33
37
38
39
39
40
37
41
42
43
43
44
41
