bounding box: -84.1472 -35.9119 -82.9127 84.1471 35.9119 82.9127
Material name: lamp_mat.mat
Vertex Count: 815
43.9171 -8.36731 0.40741 0.75 0.6165 1 0 0 -0.222521 0 0.974928 0 -1 0
39.5261 -8.36731 19.6456 0.8214 0.6165 0.901 0 0.4339 -0.222521 0 0.974928 0 -1 0
39.5261 -35.9119 19.6456 0.8214 1 0.901 -0 0.4339 -0.222521 0 0.974928 0 -1 0
43.9171 -35.9119 0.40741 0.75 1 1 0 0 -0.222521 -0 0.974928 0 -1 0
39.5262 -8.36731 -18.8307 0.6786 0.6165 0.901 0 -0.4339 0.222518 0 0.974929 0 -1 0
43.9171 -8.36731 0.40741 0.75 0.6165 1 0 0 0.222518 0 0.974929 0 -1 0
43.9171 -35.9119 0.40741 0.75 1 1 0 0 0.222518 0 0.974929 0 -1 0
39.5262 -35.9119 -18.8307 0.6786 1 0.901 0 -0.4339 0.222518 -0 0.974929 0 -1 0
-10.2887 -35.9119 -42.8203 0.9875 0.6113 0 -1 0 -0.00160825 -0 -0.999999 -1 -0 -0
9.44424 -35.9119 -42.8203 0.9875 0.3887 0 -1 0 -0.00160825 -0 -0.999999 -1 -0 -0
27.2229 -35.9119 -34.2585 0.8909 0.1883 0 -1 0 -0.00160825 -0 -0.999999 -1 -0 -0
-40.3707 -35.9119 -18.8307 0.7169 0.9505 0 -1 0 -0.00110557 -0 -0.999999 -1 -0 -0.000297116
-28.0674 -35.9119 -34.2585 0.8909 0.8117 0 -1 0 -0.00110557 -0 -0.999999 -1 -0 -0.000297116
-10.2887 -35.9119 -42.8203 0.9875 0.6113 0 -1 0 -0.00110557 -0 -0.999999 -1 -0 -0.000297116
-40.3707 -35.9119 19.6456 0.2831 0.9505 0 -1 0 0 -0 -1 -1 -0 1.35179e-005
-44.7617 -35.9119 0.407532 0.5 1 0 -1 0 0 -0 -1 -1 -0 1.35179e-005
-40.3707 -35.9119 -18.8307 0.7169 0.9505 0 -1 0 0 -0 -1 -1 -0 1.35179e-005
-40.3707 -35.9119 19.6456 0.2831 0.9505 0 -1 0 0 0 -1 -1 -0 -0.000382213
-40.3707 -35.9119 -18.8307 0.7169 0.9505 0 -1 0 0 0 -1 -1 -0 -0.000382213
-10.2887 -35.9119 -42.8203 0.9875 0.6113 0 -1 0 0 0 -1 -1 -0 -0.000382213
-10.2887 -35.9119 43.6351 0.0125 0.6113 0 -1 0 0.00110556 -0 -0.999999 -1 -0 0.000308631
-28.0674 -35.9119 35.0734 0.1091 0.8117 0 -1 0 0.00110556 -0 -0.999999 -1 -0 0.000308631
-40.3707 -35.9119 19.6456 0.2831 0.9505 0 -1 0 0.00110556 -0 -0.999999 -1 -0 0.000308631
27.2229 -35.9119 35.0734 0.1091 0.1883 0 -1 0 0.00160777 -0 -0.999999 -1 -0 -0
9.44424 -35.9119 43.6351 0.0125 0.3887 0 -1 0 0.00160777 -0 -0.999999 -1 -0 -0
-10.2887 -35.9119 43.6351 0.0125 0.6113 0 -1 0 0.00160777 -0 -0.999999 -1 -0 -0
27.2229 -35.9119 35.0734 0.1091 0.1883 0 -1 0 -5.77245e-005 -0 -1 -1 0 -4.50303e-005
-10.2887 -35.9119 43.6351 0.0125 0.6113 0 -1 0 -5.77245e-005 -0 -1 -1 0 -4.50303e-005
-40.3707 -35.9119 19.6456 0.2831 0.9505 0 -1 0 -5.77245e-005 -0 -1 -1 0 -4.50303e-005
43.9171 -35.9119 0.40741 0.5 0 0 -1 0 0.000241659 -0 -1 -1 -0 -0.000610151
39.5261 -35.9119 19.6456 0.2831 0.0495 0 -1 0 0.000241659 -0 -1 -1 -0 -0.000610151
27.2229 -35.9119 35.0734 0.1091 0.1883 0 -1 0 0.000241659 -0 -1 -1 -0 -0.000610151
43.9171 -35.9119 0.40741 0.5 0 0 -1 0 -0.00012113 -0 -1 -1 -0 3.96238e-005
27.2229 -35.9119 35.0734 0.1091 0.1883 0 -1 0 -0.00012113 -0 -1 -1 -0 3.96238e-005
-40.3707 -35.9119 19.6456 0.2831 0.9505 0 -1 0 -0.00012113 -0 -1 -1 -0 3.96238e-005
43.9171 -35.9119 0.40741 0.5 0 0 -1 0 4.76402e-005 -0 -1 -1 0 4.80378e-005
-40.3707 -35.9119 19.6456 0.2831 0.9505 0 -1 0 4.76402e-005 -0 -1 -1 0 4.80378e-005
-10.2887 -35.9119 -42.8203 0.9875 0.6113 0 -1 0 4.76402e-005 -0 -1 -1 0 4.80378e-005
43.9171 -35.9119 0.40741 0.5 0 0 -1 0 0.000136787 -0 -1 -1 -0 0.000146004
-10.2887 -35.9119 -42.8203 0.9875 0.6113 0 -1 0 0.000136787 -0 -1 -1 -0 0.000146004
27.2229 -35.9119 -34.2585 0.8909 0.1883 0 -1 0 0.000136787 -0 -1 -1 -0 0.000146004
43.9171 -35.9119 0.40741 0.5 0 0 -1 0 -0.000232626 -0 -1 -1 -0 0.000598121
27.2229 -35.9119 -34.2585 0.8909 0.1883 0 -1 0 -0.000232626 -0 -1 -1 -0 0.000598121
39.5262 -35.9119 -18.8307 0.7169 0.0495 0 -1 0 -0.000232626 -0 -1 -1 -0 0.000598121
27.2229 -8.95941 35.0734 0.8929 0.6247 0.6235 -0 0.7818 -0.623488 0 0.781833 0 -1 0
27.2229 -35.9119 35.0734 0.8929 1 0.6235 0 0.7818 -0.623488 0 0.781833 0 -1 0
39.5261 -35.9119 19.6456 0.8214 1 0.901 -0 0.4339 -0.623488 0 0.781833 0 -1 0
34.7631 -8.95941 25.6182 0.8491 0.6247 0.7818 -0 0.6235 -0.623487 0 0.781834 -0.00020677 -1 0.000261817
27.2229 -8.95941 35.0734 0.8929 0.6247 0.6235 -0 0.7818 -0.623487 0 0.781834 -0.00020677 -1 0.000261817
39.5261 -35.9119 19.6456 0.8214 1 0.901 -0 0.4339 -0.623487 0 0.781834 -0.00020677 -1 0.000261817
34.7631 -8.36731 25.6182 0.8491 0.6165 0.7818 0 0.6235 -0.623375 -0.0192494 0.781686 0 -1 0
34.7631 -8.95941 25.6182 0.8491 0.6247 0.7818 -0 0.6235 -0.623375 -0.0192494 0.781686 0 -1 0
39.5261 -35.9119 19.6456 0.8214 1 0.901 -0 0.4339 -0.623375 -0.0192494 0.781686 0 -1 0
39.5261 -8.36731 19.6456 0.8214 0.6165 0.901 0 0.4339 -0.623491 0 0.781831 0 -1 0
34.7631 -8.36731 25.6182 0.8491 0.6165 0.7818 0 0.6235 -0.623491 0 0.781831 0 -1 0
39.5261 -35.9119 19.6456 0.8214 1 0.901 -0 0.4339 -0.623491 0 0.781831 0 -1 0
39.5262 -8.36731 -18.8307 0.6786 0.6165 0.901 0 -0.4339 0.623491 0 0.78183 0 -1 0
39.5262 -35.9119 -18.8307 0.6786 1 0.901 0 -0.4339 0.623491 0 0.78183 0 -1 0
27.2229 -35.9119 -34.2585 0.6071 1 0.6235 0 -0.7818 0.623491 0 0.78183 0 -1 0
34.4382 -12.4382 -25.2108 0.649 0.6732 0.7818 0 -0.6235 0.623491 0 0.781831 0 -1 0
34.4382 -8.36731 -25.2108 0.649 0.6165 0.7818 0 -0.6235 0.623491 0 0.781831 0 -1 0
39.5262 -8.36731 -18.8307 0.6786 0.6165 0.901 0 -0.4339 0.623491 0 0.781831 0 -1 0
34.4382 -12.4382 -25.2108 0.649 0.6732 0.7818 0 -0.6235 0.623491 -0.00029875 0.781831 -0.000735915 -0.999999 -0.000922517
39.5262 -8.36731 -18.8307 0.6786 0.6165 0.901 0 -0.4339 0.623491 -0.00029875 0.781831 -0.000735915 -0.999999 -0.000922517
27.2229 -35.9119 -34.2585 0.6071 1 0.6235 0 -0.7818 0.623491 -0.00029875 0.781831 -0.000735915 -0.999999 -0.000922517
27.2229 -12.4382 -34.2585 0.6071 0.6732 0.6235 0 -0.7818 0.623491 0 0.78183 0 -1 0
34.4382 -12.4382 -25.2108 0.649 0.6732 0.7818 0 -0.6235 0.623491 0 0.78183 0 -1 0
27.2229 -35.9119 -34.2585 0.6071 1 0.6235 0 -0.7818 0.623491 0 0.78183 0 -1 0
9.44424 -12.4382 -42.8203 0.5357 0.6732 0.2225 0 -0.9749 0.900968 0 0.433886 0 -1 0
27.2229 -12.4382 -34.2585 0.6071 0.6732 0.6235 0 -0.7818 0.900968 0 0.433886 0 -1 0
27.2229 -35.9119 -34.2585 0.6071 1 0.6235 0 -0.7818 0.900968 0 0.433886 0 -1 0
9.44424 -35.9119 -42.8203 0.5357 1 0.2225 0 -0.9749 0.900968 -0 0.433886 0 -1 0
-10.2887 -12.4382 -42.8203 0.4643 0.6732 -0.2225 0 -0.9749 1 0 0 0 -1 0
9.44424 -12.4382 -42.8203 0.5357 0.6732 0.2225 0 -0.9749 1 0 0 0 -1 0
9.44424 -35.9119 -42.8203 0.5357 1 0.2225 0 -0.9749 1 0 0 0 -1 0
-10.2887 -35.9119 -42.8203 0.4643 1 -0.2225 0 -0.9749 1 -0 -0 0 -1 0
-10.2887 -12.4382 -42.8203 0.4643 0.6732 -0.2225 0 -0.9749 0.900968 0 -0.433886 0 -1 0
-10.2887 -35.9119 -42.8203 0.4643 1 -0.2225 0 -0.9749 0.900968 0 -0.433886 0 -1 0
-28.0674 -35.9119 -34.2585 0.3929 1 -0.6235 0 -0.7818 0.900968 0 -0.433886 0 -1 0
-28.0557 -13.2271 -34.2642 0.3929 0.6842 -0.4339 0 -0.901 0.90097 0 -0.433882 0 -1 -0
-28.0557 -12.4382 -34.2642 0.3929 0.6732 -0.4339 0 -0.901 0.90097 0 -0.433882 0 -1 -0
-10.2887 -12.4382 -42.8203 0.4643 0.6732 -0.2225 0 -0.9749 0.90097 0 -0.433882 0 -1 -0
-28.0557 -13.2271 -34.2642 0.3929 0.6842 -0.4339 0 -0.901 0.90097 -6.17234e-005 -0.433882 -0.000515919 -1 0.000252915
-10.2887 -12.4382 -42.8203 0.4643 0.6732 -0.2225 0 -0.9749 0.90097 -6.17234e-005 -0.433882 -0.000515919 -1 0.000252915
-28.0674 -35.9119 -34.2585 0.3929 1 -0.6235 0 -0.7818 0.90097 -6.17234e-005 -0.433882 -0.000515919 -1 0.000252915
-28.0674 -13.2271 -34.2585 0.3929 0.6842 -0.6235 0 -0.7819 0.897912 0 -0.440176 0 -0 0
-28.0557 -13.2271 -34.2642 0.3929 0.6842 -0.4339 0 -0.901 0.897912 0 -0.440176 0 -0 0
-28.0674 -35.9119 -34.2585 0.3929 1 -0.6235 0 -0.7818 0.897912 0 -0.440176 0 -0 0
-40.3707 -13.2271 -18.8307 0.3214 0.6842 -0.901 0 -0.4339 0.623491 0 -0.781831 0 -1 0
-28.0674 -13.2271 -34.2585 0.3929 0.6842 -0.6235 0 -0.7819 0.623491 0 -0.781831 0 -1 0
-28.0674 -35.9119 -34.2585 0.3929 1 -0.6235 0 -0.7818 0.623491 0 -0.781831 0 -1 0
-40.3707 -35.9119 -18.8307 0.3214 1 -0.901 0 -0.4339 0.623491 -0 -0.781831 0 -1 0
-44.7617 -13.2271 0.407532 0.25 0.6842 -1 0 0 0.222521 0 -0.974928 0 -1 0
-40.3707 -13.2271 -18.8307 0.3214 0.6842 -0.901 0 -0.4339 0.222521 0 -0.974928 0 -1 0
-40.3707 -35.9119 -18.8307 0.3214 1 -0.901 0 -0.4339 0.222521 0 -0.974928 0 -1 0
-44.7617 -35.9119 0.407532 0.25 1 -1 0 0 0.222521 -0 -0.974928 0 -1 0
-40.3707 -13.2271 19.6456 0.1786 0.6842 -0.901 0 0.4339 -0.222522 0 -0.974928 0 -1 0
-44.7617 -13.2271 0.407532 0.25 0.6842 -1 0 0 -0.222522 0 -0.974928 0 -1 0
-44.7617 -35.9119 0.407532 0.25 1 -1 0 0 -0.222522 0 -0.974928 0 -1 0
-40.3707 -35.9119 19.6456 0.1786 1 -0.901 0 0.4339 -0.222522 -0 -0.974928 0 -1 0
-28.0674 -13.2271 35.0734 0.1071 0.6842 -0.6235 0 0.7818 -0.623491 0 -0.78183 0 -1 0
-40.3707 -13.2271 19.6456 0.1786 0.6842 -0.901 0 0.4339 -0.623491 0 -0.78183 0 -1 0
-40.3707 -35.9119 19.6456 0.1786 1 -0.901 0 0.4339 -0.623491 0 -0.78183 0 -1 0
-28.0674 -35.9119 35.0734 0.1071 1 -0.6235 0 0.7818 -0.623491 -0 -0.78183 0 -1 0
-28.0674 -13.2271 35.0734 0.1071 0.6842 -0.6235 0 0.7818 -0.90097 0 -0.433881 0 -1 0
-28.0674 -35.9119 35.0734 0.1071 1 -0.6235 0 0.7818 -0.90097 0 -0.433881 0 -1 0
-10.2887 -35.9119 43.6351 0.0357 1 -0.2225 0 0.9749 -0.90097 0 -0.433881 0 -1 0
-26.2643 -13.2271 35.9417 0.0999 0.6842 -0.4339 0 0.901 -0.900977 0 -0.433867 -0.00449806 -0.999988 -0.00215096
-28.0674 -13.2271 35.0734 0.1071 0.6842 -0.6235 0 0.7818 -0.900977 0 -0.433867 -0.00449806 -0.999988 -0.00215096
-10.2887 -35.9119 43.6351 0.0357 1 -0.2225 0 0.9749 -0.900977 0 -0.433867 -0.00449806 -0.999988 -0.00215096
-26.2643 -8.95941 35.9417 0.0999 0.6247 -0.4339 0 0.901 -0.900968 0.00189814 -0.433882 0 -1 0
-26.2643 -13.2271 35.9417 0.0999 0.6842 -0.4339 0 0.901 -0.900968 0.00189814 -0.433882 0 -1 0
-10.2887 -35.9119 43.6351 0.0357 1 -0.2225 0 0.9749 -0.900968 0.00189814 -0.433882 0 -1 0
-10.2887 -8.95941 43.6351 0.0357 0.6247 -0.2225 0 0.9749 -0.900969 0 -0.433883 0 -1 0
-26.2643 -8.95941 35.9417 0.0999 0.6247 -0.4339 0 0.901 -0.900969 0 -0.433883 0 -1 0
-10.2887 -35.9119 43.6351 0.0357 1 -0.2225 0 0.9749 -0.900969 0 -0.433883 0 -1 0
9.44424 -8.95941 43.6351 0.9643 0.6247 0.2225 0 0.9749 -1 0 0 0 -1 0
-10.2887 -8.95941 43.6351 1.0357 0.6247 -0.2225 0 0.9749 -1 0 0 0 -1 0
-10.2887 -35.9119 43.6351 1.0357 1 -0.2225 0 0.9749 -1 0 0 0 -1 0
9.44424 -35.9119 43.6351 0.9643 1 0.2225 0 0.9749 -1 -0 -0 0 -1 0
27.2229 -8.95941 35.0734 0.8929 0.6247 0.6235 -0 0.7818 -0.90097 0 0.433881 0 -1 0
9.44424 -8.95941 43.6351 0.9643 0.6247 0.2225 0 0.9749 -0.90097 0 0.433881 0 -1 0
9.44424 -35.9119 43.6351 0.9643 1 0.2225 0 0.9749 -0.90097 0 0.433881 0 -1 0
27.2229 -35.9119 35.0734 0.8929 1 0.6235 0 0.7818 -0.90097 -0 0.433881 0 -1 0
27.2229 -8.95941 35.0734 0.6105 0.1532 0 -1 0 0.00023244 -0 -1 -0.999999 -0 0.00130298
34.7631 -8.95941 25.6182 0.7287 0.0589001 0 -1 0 0.00023244 -0 -1 -0.999999 -0 0.00130298
35.5143 -8.95941 26.5602 0.7169 0.0495 0 -1 0 0.00023244 -0 -1 -0.999999 -0 0.00130298
-35.2464 -8.95941 40.2673 0.5456 0.934 0 -1 0 -0.000714828 -0 -1 -1 -0 -5.16259e-005
-26.2643 -8.95941 35.9417 0.5997 0.8217 0 -1 0 -0.000714828 -0 -1 -1 -0 -5.16259e-005
-10.2887 -8.95941 43.6351 0.5035 0.6221 0 -1 0 -0.000714828 -0 -1 -1 -0 -5.16259e-005
-40.5244 -8.95941 43.9155 0.5 1 0 -1 0 0.000329738 -0 -1 -1 -0 -0
-39.6917 -8.95941 40.2673 0.5456 0.9896 0 -1 0 0.000329738 -0 -1 -1 -0 -0
-35.2464 -8.95941 40.2673 0.5456 0.934 0 -1 0 0.000329738 -0 -1 -1 -0 -0
-40.5244 -8.95941 43.9155 0.5 1 0 -1 0 -0.000733759 -0 -1 -1 -0 1.28017e-005
-35.2464 -8.95941 40.2673 0.5456 0.934 0 -1 0 -0.000733759 -0 -1 -1 -0 1.28017e-005
-10.2887 -8.95941 43.6351 0.5035 0.6221 0 -1 0 -0.000733759 -0 -1 -1 -0 1.28017e-005
-40.5244 -8.95941 43.9155 0.5 1 0 -1 0 0.0300965 -0 -0.999547 -1 -0 -0
-10.2887 -8.95941 43.6351 0.5035 0.6221 0 -1 0 0.0300965 -0 -0.999547 -1 -0 -0
9.44424 -8.95941 43.6351 0.5035 0.3754 0 -1 0 0.0300965 -0 -0.999547 -1 -0 -0
-25.464 -8.95941 75.1888 0.1091 0.8117 0 -1 0 -0.000235232 -0 -1 -1 -0 0.000603065
-36.5632 -8.95941 61.2709 0.2831 0.9505 0 -1 0 -0.000235232 -0 -1 -1 -0 0.000603065
-40.5244 -8.95941 43.9155 0.5 1 0 -1 0 -0.000235232 -0 -1 -1 -0 0.000603065
8.37644 -8.95941 82.9127 0.0125 0.3887 0 -1 0 -0.001603 -0 -0.999999 -1 -0 0
-9.42525 -8.95941 82.9127 0.0125 0.6113 0 -1 0 -0.001603 -0 -0.999999 -1 -0 0
-25.464 -8.95941 75.1888 0.1091 0.8117 0 -1 0 -0.001603 -0 -0.999999 -1 -0 0
8.37644 -8.95941 82.9127 0.0125 0.3887 0 -1 0 0.000135751 -0 -1 -1 -0 0.000145136
-25.464 -8.95941 75.1888 0.1091 0.8117 0 -1 0 0.000135751 -0 -1 -1 -0 0.000145136
-40.5244 -8.95941 43.9155 0.5 1 0 -1 0 0.000135751 -0 -1 -1 -0 0.000145136
8.37644 -8.95941 82.9127 0.0125 0.3887 0 -1 0 9.66153e-005 0 -1 -1 -0 8.31958e-006
-40.5244 -8.95941 43.9155 0.5 1 0 -1 0 9.66153e-005 0 -1 -1 -0 8.31958e-006
9.44424 -8.95941 43.6351 0.5035 0.3754 0 -1 0 9.66153e-005 0 -1 -1 -0 8.31958e-006
8.37644 -8.95941 82.9127 0.0125 0.3887 0 -1 0 9.40507e-005 -0 -1 -1 -0 0.000127082
9.44424 -8.95941 43.6351 0.5035 0.3754 0 -1 0 9.40507e-005 -0 -1 -1 -0 0.000127082
27.2229 -8.95941 35.0734 0.6105 0.1532 0 -1 0 9.40507e-005 -0 -1 -1 -0 0.000127082
35.5143 -8.95941 61.2709 0.2831 0.0495 0 -1 0 -0.00110304 -0 -0.999999 -1 -0 -0.000293835
24.4151 -8.95941 75.1888 0.1091 0.1883 0 -1 0 -0.00110304 -0 -0.999999 -1 -0 -0.000293835
8.37644 -8.95941 82.9127 0.0125 0.3887 0 -1 0 -0.00110304 -0 -0.999999 -1 -0 -0.000293835
35.5143 -8.95941 61.2709 0.2831 0.0495 0 -1 0 0.000157911 -0 -1 -1 0 -0.000313561
8.37644 -8.95941 82.9127 0.0125 0.3887 0 -1 0 0.000157911 -0 -1 -1 0 -0.000313561
27.2229 -8.95941 35.0734 0.6105 0.1532 0 -1 0 0.000157911 -0 -1 -1 0 -0.000313561
35.5143 -8.95941 61.2709 0.2831 0.0495 0 -1 0 0 -0 -1 -1 -0 -4.79912e-005
27.2229 -8.95941 35.0734 0.6105 0.1532 0 -1 0 0 -0 -1 -1 -0 -4.79912e-005
35.5143 -8.95941 26.5602 0.7169 0.0495 0 -1 0 0 -0 -1 -1 -0 -4.79912e-005
39.4756 -8.95941 43.9155 0.5 0 0 -1 0 -0 -0 -1 -1 0 6.93717e-007
35.5143 -8.95941 61.2709 0.2831 0.0495 0 -1 0 -0 -0 -1 -1 0 6.93717e-007
35.5143 -8.95941 26.5602 0.7169 0.0495 0 -1 0 -0 -0 -1 -1 0 6.93717e-007
35.5143 -8.36731 26.5602 0.6786 0.9861 0.901 0 -0.4339 0.623493 0 0.781829 0 -1 0
35.5143 -8.95941 26.5602 0.6786 1 0.901 -0 -0.4339 0.623493 0 0.781829 0 -1 0
34.7631 -8.95941 25.6182 0.6737 1 0.7818 0 -0.6235 0.623493 0 0.781829 0 -1 0
34.7631 -8.36731 25.6182 0.6737 0.9861 0.7818 0 -0.6235 0.623493 0 0.781829 0 -1 0
34.4382 -8.36731 -25.2108 0.8284 0.9041 0.7818 0 0.6235 -0.623498 0 0.781825 0 -1 0
34.4382 -12.4382 -25.2108 0.8284 1 0.7818 0 0.6235 -0.623498 0 0.781825 0 -1 0
35.5144 -12.4382 -26.5603 0.8214 1 0.901 0 0.4339 -0.623498 0 0.781825 0 -1 0
35.5144 -8.36731 -26.5603 0.8214 0.9041 0.901 -0 0.4339 -0.623498 0 0.781825 -0 -1 0
8.37644 -12.4382 -82.9127 0.9875 0.3887 0 -1 0 0.00111024 -0 -0.999999 -1 -0 0.000312561
24.4152 -12.4382 -75.1889 0.8909 0.1883 0 -1 0 0.00111024 -0 -0.999999 -1 -0 0.000312561
35.5144 -12.4382 -61.2709 0.7169 0.0495 0 -1 0 0.00111024 -0 -0.999999 -1 -0 0.000312561
-25.464 -12.4382 -75.1889 0.8909 0.8117 0 -1 0 0.00162743 -0 -0.999999 -1 -0 -0
-9.42516 -12.4382 -82.9127 0.9875 0.6113 0 -1 0 0.00162743 -0 -0.999999 -1 -0 -0
8.37644 -12.4382 -82.9127 0.9875 0.3887 0 -1 0 0.00162743 -0 -0.999999 -1 -0 -0
-40.5244 -12.4382 -43.9157 0.5 1 0 -1 0 0.000235233 -0 -1 -1 -0 -0.000596127
-36.5632 -12.4382 -61.271 0.7169 0.9505 0 -1 0 0.000235233 -0 -1 -1 -0 -0.000596127
-25.464 -12.4382 -75.1889 0.8909 0.8117 0 -1 0 0.000235233 -0 -1 -1 -0 -0.000596127
-40.5244 -12.4382 -43.9157 0.5 1 0 -1 0 -0.000135832 -0 -1 -1 -0 -0.000148478
-25.464 -12.4382 -75.1889 0.8909 0.8117 0 -1 0 -0.000135832 -0 -1 -1 -0 -0.000148478
8.37644 -12.4382 -82.9127 0.9875 0.3887 0 -1 0 -0.000135832 -0 -1 -1 -0 -0.000148478
-35.2464 -12.4382 -37.727 0.4226 0.934 0 -1 0 0.000655339 -0 -1 -1 -0 0
-39.1119 -12.4382 -37.727 0.4226 0.9823 0 -1 0 0.000655339 -0 -1 -1 -0 0
-40.5244 -12.4382 -43.9157 0.5 1 0 -1 0 0.000655339 -0 -1 -1 -0 0
-10.2887 -12.4382 -42.8203 0.4863 0.6221 0 -1 0 0.00059747 -0 -1 -1 -0 -0.000355908
-28.0557 -12.4382 -34.2642 0.3794 0.8441 0 -1 0 0.00059747 -0 -1 -1 -0 -0.000355908
-35.2464 -12.4382 -37.727 0.4226 0.934 0 -1 0 0.00059747 -0 -1 -1 -0 -0.000355908
-10.2887 -12.4382 -42.8203 0.4863 0.6221 0 -1 0 0.00044014 -0 -1 -1 0 7.58877e-007
-35.2464 -12.4382 -37.727 0.4226 0.934 0 -1 0 0.00044014 -0 -1 -1 0 7.58877e-007
-40.5244 -12.4382 -43.9157 0.5 1 0 -1 0 0.00044014 -0 -1 -1 0 7.58877e-007
-10.2887 -12.4382 -42.8203 0.4863 0.6221 0 -1 0 -0.000225379 0 -1 -1 -0 1.64118e-005
-40.5244 -12.4382 -43.9157 0.5 1 0 -1 0 -0.000225379 0 -1 -1 -0 1.64118e-005
8.37644 -12.4382 -82.9127 0.9875 0.3887 0 -1 0 -0.000225379 0 -1 -1 -0 1.64118e-005
9.44424 -12.4382 -42.8203 0.4863 0.3754 0 -1 0 -9.91201e-005 -0 -1 -1 -0 0
-10.2887 -12.4382 -42.8203 0.4863 0.6221 0 -1 0 -9.91201e-005 -0 -1 -1 -0 0
8.37644 -12.4382 -82.9127 0.9875 0.3887 0 -1 0 -9.91201e-005 -0 -1 -1 -0 0
27.2229 -12.4382 -34.2585 0.3793 0.1532 0 -1 0 -9.2118e-005 -0 -1 -1 -0 -0.000147934
9.44424 -12.4382 -42.8203 0.4863 0.3754 0 -1 0 -9.2118e-005 -0 -1 -1 -0 -0.000147934
8.37644 -12.4382 -82.9127 0.9875 0.3887 0 -1 0 -9.2118e-005 -0 -1 -1 -0 -0.000147934
35.5144 -12.4382 -26.5603 0.2831 0.0495 0 -1 0 -0.00136722 -0 -0.999999 -0.999999 0 -0.0011435
34.4382 -12.4382 -25.2108 0.2662 0.063 0 -1 0 -0.00136722 -0 -0.999999 -0.999999 0 -0.0011435
27.2229 -12.4382 -34.2585 0.3793 0.1532 0 -1 0 -0.00136722 -0 -0.999999 -0.999999 0 -0.0011435
35.5144 -12.4382 -26.5603 0.2831 0.0495 0 -1 0 -0.000535913 -0 -1 -1 -0 -0.000463276
27.2229 -12.4382 -34.2585 0.3793 0.1532 0 -1 0 -0.000535913 -0 -1 -1 -0 -0.000463276
8.37644 -12.4382 -82.9127 0.9875 0.3887 0 -1 0 -0.000535913 -0 -1 -1 -0 -0.000463276
35.5144 -12.4382 -26.5603 0.2831 0.0495 0 -1 0 0 -0 -1 -1 -0 0.000377501
8.37644 -12.4382 -82.9127 0.9875 0.3887 0 -1 0 0 -0 -1 -1 -0 0.000377501
35.5144 -12.4382 -61.2709 0.7169 0.0495 0 -1 0 0 -0 -1 -1 -0 0.000377501
39.4756 -12.4382 -43.9157 0.5 0 0 -1 0 -0 -0 -1 -1 0 3.13569e-005
35.5144 -12.4382 -26.5603 0.2831 0.0495 0 -1 0 -0 -0 -1 -1 0 3.13569e-005
35.5144 -12.4382 -61.2709 0.7169 0.0495 0 -1 0 -0 -0 -1 -1 0 3.13569e-005
-35.2464 -12.4382 -37.727 0.5357 0.9814 0.2225 0 -0.9749 0.900973 0 0.433875 0 -1 0
-28.0557 -12.4382 -34.2642 0.5677 0.9814 0.4339 0 -0.901 0.900973 0 0.433875 0 -1 0
-28.0557 -13.2271 -34.2642 0.5677 1 0.4339 0 -0.901 0.900973 0 0.433875 0 -1 0
-35.2464 -13.2271 -37.727 0.5357 1 0.2225 0 -0.9749 0.900973 -0 0.433875 0 -1 0
-69.0868 -13.2271 -30.0031 0.8909 0.8117 0 -1 0 0.00162631 -0 -0.999999 -1 -0 -0
-53.048 -13.2271 -37.727 0.9875 0.6113 0 -1 0 0.00162631 -0 -0.999999 -1 -0 -0
-35.2464 -13.2271 -37.727 0.9875 0.3887 0 -1 0 0.00162631 -0 -0.999999 -1 -0 -0
-84.1472 -13.2271 1.27008 0.5 1 0 -1 0 0.000235164 -0 -1 -1 -0 -0.000596127
-80.186 -13.2271 -16.0852 0.7169 0.9505 0 -1 0 0.000235164 -0 -1 -1 -0 -0.000596127
-69.0868 -13.2271 -30.0031 0.8909 0.8117 0 -1 0 0.000235164 -0 -1 -1 -0 -0.000596127
-84.1472 -13.2271 1.27008 0.5 1 0 -1 0 -0.000135751 -0 -1 -1 -0 -0.000146453
-69.0868 -13.2271 -30.0031 0.8909 0.8117 0 -1 0 -0.000135751 -0 -1 -1 -0 -0.000146453
-35.2464 -13.2271 -37.727 0.9875 0.3887 0 -1 0 -0.000135751 -0 -1 -1 -0 -0.000146453
-69.0868 -13.2271 32.5434 0.1091 0.8117 0 -1 0 -0.000235231 -0 -1 -1 -0 0.000609448
-80.186 -13.2271 18.6255 0.2831 0.9505 0 -1 0 -0.000235231 -0 -1 -1 -0 0.000609448
-84.1472 -13.2271 1.27008 0.5 1 0 -1 0 -0.000235231 -0 -1 -1 -0 0.000609448
-35.2464 -13.2271 40.2673 0.0125 0.3887 0 -1 0 -0.00162602 -0 -0.999999 -1 -0 0
-53.048 -13.2271 40.2673 0.0125 0.6113 0 -1 0 -0.00162602 -0 -0.999999 -1 -0 0
-69.0868 -13.2271 32.5434 0.1091 0.8117 0 -1 0 -0.00162602 -0 -0.999999 -1 -0 0
-35.2464 -13.2271 40.2673 0.0125 0.3887 0 -1 0 0.000135913 -0 -1 -1 -0 0.000145622
-69.0868 -13.2271 32.5434 0.1091 0.8117 0 -1 0 0.000135913 -0 -1 -1 -0 0.000145622
-84.1472 -13.2271 1.27008 0.5 1 0 -1 0 0.000135913 -0 -1 -1 -0 0.000145622
-28.0674 -13.2271 35.0734 0.0775 0.299 0 -1 0 -0.00108238 -0 -0.999999 -1 -0 0.000895354
-26.2643 -13.2271 35.9417 0.0666 0.2765 0 -1 0 -0.00108238 -0 -0.999999 -1 -0 0.000895354
-35.2464 -13.2271 40.2673 0.0125 0.3887 0 -1 0 -0.00108238 -0 -0.999999 -1 -0 0.000895354
-40.3707 -13.2271 19.6456 0.2703 0.4528 0 -1 0 0.000240145 -0 -1 -1 -0 -0.000650791
-28.0674 -13.2271 35.0734 0.0775 0.299 0 -1 0 0.000240145 -0 -1 -1 -0 -0.000650791
-35.2464 -13.2271 40.2673 0.0125 0.3887 0 -1 0 0.000240145 -0 -1 -1 -0 -0.000650791
-40.3707 -13.2271 19.6456 0.2703 0.4528 0 -1 0 0.000203543 -0 -1 -1 0 -4.07092e-005
-35.2464 -13.2271 40.2673 0.0125 0.3887 0 -1 0 0.000203543 -0 -1 -1 0 -4.07092e-005
-84.1472 -13.2271 1.27008 0.5 1 0 -1 0 0.000203543 -0 -1 -1 0 -4.07092e-005
-44.7617 -13.2271 0.407532 0.5108 0.5077 0 -1 0 6.01665e-005 -0 -1 -1 -0 -3.45119e-005
-40.3707 -13.2271 19.6456 0.2703 0.4528 0 -1 0 6.01665e-005 -0 -1 -1 -0 -3.45119e-005
-84.1472 -13.2271 1.27008 0.5 1 0 -1 0 6.01665e-005 -0 -1 -1 -0 -3.45119e-005
-40.3707 -13.2271 -18.8307 0.7513 0.4528 0 -1 0 -6.07961e-005 -0 -1 -1 -0 -3.5011e-005
-44.7617 -13.2271 0.407532 0.5108 0.5077 0 -1 0 -6.07961e-005 -0 -1 -1 -0 -3.5011e-005
-84.1472 -13.2271 1.27008 0.5 1 0 -1 0 -6.07961e-005 -0 -1 -1 -0 -3.5011e-005
-40.3707 -13.2271 -18.8307 0.7513 0.4528 0 -1 0 -0.000227261 0 -1 -1 0 -9.29204e-005
-84.1472 -13.2271 1.27008 0.5 1 0 -1 0 -0.000227261 0 -1 -1 0 -9.29204e-005
-35.2464 -13.2271 -37.727 0.9875 0.3887 0 -1 0 -0.000227261 0 -1 -1 0 -9.29204e-005
-28.0674 -13.2271 -34.2585 0.9441 0.299 0 -1 0 -0.000273382 -0 -1 -1 0 0.000436577
-40.3707 -13.2271 -18.8307 0.7513 0.4528 0 -1 0 -0.000273382 -0 -1 -1 0 0.000436577
-35.2464 -13.2271 -37.727 0.9875 0.3887 0 -1 0 -0.000273382 -0 -1 -1 0 0.000436577
-28.0674 -13.2271 -34.2585 0.9441 0.299 0 -1 0 0.359376 0 -0.933193 -0.996837 -0 -0.0794713
-35.2464 -13.2271 -37.727 0.9875 0.3887 0 -1 0 0.359376 0 -0.933193 -0.996837 -0 -0.0794713
-28.0557 -13.2271 -34.2642 0.9442 0.2989 0 -1 0 0.359376 0 -0.933193 -0.996837 -0 -0.0794713
-35.2464 -8.95941 40.2673 0.9643 0.8995 0.2225 0 0.9749 -0.900966 0 0.43389 0 -1 0
-35.2464 -13.2271 40.2673 0.9643 1 0.2225 0 0.9749 -0.900966 0 0.43389 0 -1 0
-26.2643 -13.2271 35.9417 0.9243 1 0.4339 0 0.901 -0.900966 0 0.43389 0 -1 0
-26.2643 -8.95941 35.9417 0.9243 0.8995 0.4339 0 0.901 -0.900966 0 0.43389 -0 -1 0
38.6428 33.4853 40.2672 0.735 0 0.9749 0 -0.2225 0.222544 0 0.974923 0 -1 0
39.4756 33.4853 43.9155 0.75 0 1 0 0 0.222544 0 0.974923 0 -1 0
39.4756 -8.95941 43.9155 0.75 1 1 -0 0 0.222544 0 0.974923 0 -1 0
38.6428 -8.36731 40.2672 0.735 0.9861 0.9749 -0 -0.2225 0.222544 -0.000574896 0.974922 0 -1 0
38.6428 33.4853 40.2672 0.735 0 0.9749 0 -0.2225 0.222544 -0.000574896 0.974922 0 -1 0
39.4756 -8.95941 43.9155 0.75 1 1 -0 0 0.222544 -0.000574896 0.974922 0 -1 0
38.6428 -8.36731 40.2672 0.735 0.9861 0.9749 -0 -0.2225 0.222524 0 0.974927 0.000993348 -0.999992 0.00377813
39.4756 -8.95941 43.9155 0.75 1 1 -0 0 0.222524 0 0.974927 0.000993348 -0.999992 0.00377813
35.5143 -8.95941 26.5602 0.6786 1 0.901 -0 -0.4339 0.222524 0 0.974927 0.000993348 -0.999992 0.00377813
35.5143 -8.36731 26.5602 0.6786 0.9861 0.901 0 -0.4339 0.222519 0 0.974928 0 -1 0
38.6428 -8.36731 40.2672 0.735 0.9861 0.9749 -0 -0.2225 0.222519 0 0.974928 0 -1 0
35.5143 -8.95941 26.5602 0.6786 1 0.901 -0 -0.4339 0.222519 0 0.974928 0 -1 0
-39.6917 29.2176 40.2673 0.9821 0 0 0 1 -1 0 0 0 -1 0
-53.048 29.2176 40.2673 1.0357 0 -0.2225 0 0.9749 -1 0 0 0 -1 0
-53.048 -13.2271 40.2673 1.0357 1 -0.2225 0 0.9749 -1 0 0 0 -1 0
-39.6917 -8.95941 40.2673 0.9821 0.8995 0 0 1 -1 -0.000167155 0 -0 -1 0
-39.6917 29.2176 40.2673 0.9821 0 0 0 1 -1 -0.000167155 0 -0 -1 0
-53.048 -13.2271 40.2673 1.0357 1 -0.2225 0 0.9749 -1 -0.000167155 0 -0 -1 0
-39.6917 -8.95941 40.2673 0.9821 0.8995 0 0 1 -1 0 0 0.00172473 -0.999998 0
-53.048 -13.2271 40.2673 1.0357 1 -0.2225 0 0.9749 -1 0 0 0.00172473 -0.999998 0
-35.2464 -13.2271 40.2673 0.9643 1 0.2225 0 0.9749 -1 0 0 0.00172473 -0.999998 0
-35.2464 -8.95941 40.2673 0.9643 0.8995 0.2225 0 0.9749 -1 0 0 0 -1 0
-39.6917 -8.95941 40.2673 0.9821 0.8995 0 0 1 -1 0 0 0 -1 0
-35.2464 -13.2271 40.2673 0.9643 1 0.2225 0 0.9749 -1 0 0 0 -1 0
-36.5632 33.4853 26.5602 0.3214 0 -0.901 -0 -0.4339 0.222516 0 -0.974929 0 -1 0
-36.5632 29.2176 26.5602 0.3214 0.1005 -0.901 0 -0.4339 0.222516 0 -0.974929 0 -1 0
-39.6917 29.2176 40.2673 0.265 0.1005 -0.9749 -0 -0.2225 0.222516 0 -0.974929 0 -1 0
-40.5244 33.4853 43.9155 0.25 0 -1 -0 0 0.222519 0 -0.974928 0.000120532 -1 -0.000495574
-36.5632 33.4853 26.5602 0.3214 0 -0.901 -0 -0.4339 0.222519 0 -0.974928 0.000120532 -1 -0.000495574
-39.6917 29.2176 40.2673 0.265 0.1005 -0.9749 -0 -0.2225 0.222519 0 -0.974928 0.000120532 -1 -0.000495574
-40.5244 33.4853 43.9155 0.25 0 -1 -0 0 0.222527 -0.000595844 -0.974926 0 -1 0
-39.6917 29.2176 40.2673 0.265 0.1005 -0.9749 -0 -0.2225 0.222527 -0.000595844 -0.974926 0 -1 0
-39.6917 -8.95941 40.2673 0.265 1 -0.9749 0 -0.2225 0.222527 -0.000595844 -0.974926 0 -1 0
-40.5244 33.4853 43.9155 0.25 0 -1 -0 0 0.222527 0 -0.974927 0 -1 0
-39.6917 -8.95941 40.2673 0.265 1 -0.9749 0 -0.2225 0.222527 0 -0.974927 0 -1 0
-40.5244 -8.95941 43.9155 0.25 1 -1 0 -0 0.222527 0 -0.974927 0 -1 0
-36.5632 33.4853 61.2709 0.1786 0 -0.901 0 0.4339 -0.222519 0 -0.974928 0 -1 0
-40.5244 33.4853 43.9155 0.25 0 -1 -0 0 -0.222519 0 -0.974928 0 -1 0
-40.5244 -8.95941 43.9155 0.25 1 -1 0 -0 -0.222519 0 -0.974928 0 -1 0
-36.5632 -8.95941 61.2709 0.1786 1 -0.901 0 0.4339 -0.222519 -0 -0.974928 0 -1 0
-25.464 33.4853 75.1888 0.1071 0 -0.6235 0 0.7818 -0.623491 0 -0.78183 0 -1 0
-36.5632 33.4853 61.2709 0.1786 0 -0.901 0 0.4339 -0.623491 0 -0.78183 0 -1 0
-36.5632 -8.95941 61.2709 0.1786 1 -0.901 0 0.4339 -0.623491 0 -0.78183 0 -1 0
-25.464 -8.95941 75.1888 0.1071 1 -0.6235 0 0.7818 -0.623491 -0 -0.78183 0 -1 0
-9.42525 33.4853 82.9127 0.0357 0 -0.2225 0 0.9749 -0.900967 0 -0.433889 0 -1 0
-25.464 33.4853 75.1888 0.1071 0 -0.6235 0 0.7818 -0.900967 0 -0.433889 0 -1 0
-25.464 -8.95941 75.1888 0.1071 1 -0.6235 0 0.7818 -0.900967 0 -0.433889 0 -1 0
-9.42525 -8.95941 82.9127 0.0357 1 -0.2225 0 0.9749 -0.900967 -0 -0.433889 0 -1 0
8.37644 33.4853 82.9127 0.9643 0 0.2225 0 0.9749 -1 0 0 0 -1 0
-9.42525 33.4853 82.9127 1.0357 0 -0.2225 0 0.9749 -1 0 0 0 -1 0
-9.42525 -8.95941 82.9127 1.0357 1 -0.2225 0 0.9749 -1 0 0 0 -1 0
8.37644 -8.95941 82.9127 0.9643 1 0.2225 0 0.9749 -1 -0 -0 0 -1 0
24.4151 33.4853 75.1888 0.8929 0 0.6235 0 0.7818 -0.900967 0 0.433889 0 -1 0
8.37644 33.4853 82.9127 0.9643 0 0.2225 0 0.9749 -0.900967 0 0.433889 0 -1 0
8.37644 -8.95941 82.9127 0.9643 1 0.2225 0 0.9749 -0.900967 0 0.433889 0 -1 0
24.4151 -8.95941 75.1888 0.8929 1 0.6235 0 0.7818 -0.900967 -0 0.433889 0 -1 0
35.5143 33.4853 61.2709 0.8214 0 0.901 0 0.4339 -0.623491 0 0.781831 0 -1 0
24.4151 33.4853 75.1888 0.8929 0 0.6235 0 0.7818 -0.623491 0 0.781831 0 -1 0
24.4151 -8.95941 75.1888 0.8929 1 0.6235 0 0.7818 -0.623491 0 0.781831 0 -1 0
35.5143 -8.95941 61.2709 0.8214 1 0.901 0 0.4339 -0.623491 -0 0.781831 0 -1 0
39.4756 33.4853 43.9155 0.75 0 1 0 0 -0.222524 0 0.974927 0 -1 0
35.5143 33.4853 61.2709 0.8214 0 0.901 0 0.4339 -0.222524 0 0.974927 0 -1 0
35.5143 -8.95941 61.2709 0.8214 1 0.901 0 0.4339 -0.222524 0 0.974927 0 -1 0
39.4756 -8.95941 43.9155 0.75 1 1 -0 0 -0.222524 -0 0.974927 0 -1 0
35.5144 -8.36731 -26.5603 0.8214 0.9041 0.901 -0 0.4339 -0.222518 0 0.974929 0 -1 0
35.5144 -12.4382 -26.5603 0.8214 1 0.901 0 0.4339 -0.222518 0 0.974929 0 -1 0
39.4756 -12.4382 -43.9157 0.75 1 1 -0 0 -0.222518 0 0.974929 0 -1 0
38.0631 -8.36731 -37.727 0.7755 0.9041 0.9749 -0 0.2225 -0.222519 0 0.974928 -0.000849273 -0.999993 0.00368371
35.5144 -8.36731 -26.5603 0.8214 0.9041 0.901 -0 0.4339 -0.222519 0 0.974928 -0.000849273 -0.999993 0.00368371
39.4756 -12.4382 -43.9157 0.75 1 1 -0 0 -0.222519 0 0.974928 -0.000849273 -0.999993 0.00368371
38.0631 30.0064 -37.727 0.7755 0 0.9749 0 0.2225 -0.222514 7.44447e-005 0.974929 0 -1 0
38.0631 -8.36731 -37.727 0.7755 0.9041 0.9749 -0 0.2225 -0.222514 7.44447e-005 0.974929 0 -1 0
39.4756 -12.4382 -43.9157 0.75 1 1 -0 0 -0.222514 7.44447e-005 0.974929 0 -1 0
39.4756 30.0064 -43.9157 0.75 0 1 0 0 -0.222514 0 0.974929 0 -1 0
38.0631 30.0064 -37.727 0.7755 0 0.9749 0 0.2225 -0.222514 0 0.974929 0 -1 0
39.4756 -12.4382 -43.9157 0.75 1 1 -0 0 -0.222514 0 0.974929 0 -1 0
35.5144 30.0064 -61.2709 0.6786 0 0.901 0 -0.4339 0.222521 0 0.974928 0 -1 0
39.4756 30.0064 -43.9157 0.75 0 1 0 0 0.222521 0 0.974928 0 -1 0
39.4756 -12.4382 -43.9157 0.75 1 1 -0 0 0.222521 0 0.974928 0 -1 0
35.5144 -12.4382 -61.2709 0.6786 1 0.901 0 -0.4339 0.222521 -0 0.974928 0 -1 0
24.4152 30.0064 -75.1889 0.6071 0 0.6235 0 -0.7818 0.623488 0 0.781833 0 -1 0
35.5144 30.0064 -61.2709 0.6786 0 0.901 0 -0.4339 0.623488 0 0.781833 0 -1 0
35.5144 -12.4382 -61.2709 0.6786 1 0.901 0 -0.4339 0.623488 0 0.781833 0 -1 0
24.4152 -12.4382 -75.1889 0.6071 1 0.6235 0 -0.7818 0.623488 -0 0.781833 0 -1 0
8.37644 30.0064 -82.9127 0.5357 0 0.2225 0 -0.9749 0.90097 0 0.433881 0 -1 0
24.4152 30.0064 -75.1889 0.6071 0 0.6235 0 -0.7818 0.90097 0 0.433881 0 -1 0
24.4152 -12.4382 -75.1889 0.6071 1 0.6235 0 -0.7818 0.90097 0 0.433881 0 -1 0
8.37644 -12.4382 -82.9127 0.5357 1 0.2225 0 -0.9749 0.90097 -0 0.433881 0 -1 0
-9.42516 30.0064 -82.9127 0.4643 0 -0.2225 0 -0.9749 1 0 0 0 -1 0
8.37644 30.0064 -82.9127 0.5357 0 0.2225 0 -0.9749 1 0 0 0 -1 0
8.37644 -12.4382 -82.9127 0.5357 1 0.2225 0 -0.9749 1 0 0 0 -1 0
-9.42516 -12.4382 -82.9127 0.4643 1 -0.2225 0 -0.9749 1 -0 -0 0 -1 0
-25.464 30.0064 -75.1889 0.3929 0 -0.6235 0 -0.7818 0.90097 0 -0.433881 0 -1 0
-9.42516 30.0064 -82.9127 0.4643 0 -0.2225 0 -0.9749 0.90097 0 -0.433881 0 -1 0
-9.42516 -12.4382 -82.9127 0.4643 1 -0.2225 0 -0.9749 0.90097 0 -0.433881 0 -1 0
-25.464 -12.4382 -75.1889 0.3929 1 -0.6235 0 -0.7818 0.90097 -0 -0.433881 0 -1 0
-36.5632 30.0064 -61.271 0.3214 0 -0.901 0 -0.4339 0.623491 0 -0.78183 0 -1 0
-25.464 30.0064 -75.1889 0.3929 0 -0.6235 0 -0.7818 0.623491 0 -0.78183 0 -1 0
-25.464 -12.4382 -75.1889 0.3929 1 -0.6235 0 -0.7818 0.623491 0 -0.78183 0 -1 0
-36.5632 -12.4382 -61.271 0.3214 1 -0.901 0 -0.4339 0.623491 -0 -0.78183 0 -1 0
-40.5244 30.0064 -43.9157 0.25 0 -1 -0 0 0.222519 0 -0.974928 0 -1 0
-36.5632 30.0064 -61.271 0.3214 0 -0.901 0 -0.4339 0.222519 0 -0.974928 0 -1 0
-36.5632 -12.4382 -61.271 0.3214 1 -0.901 0 -0.4339 0.222519 0 -0.974928 0 -1 0
-40.5244 -12.4382 -43.9157 0.25 1 -1 0 0 0.222519 -0 -0.974928 0 -1 0
-36.5632 29.2176 -26.5603 0.1786 0.0186 -0.901 -0 0.4339 -0.222518 0 -0.974929 -0 -1 -0
-36.5632 30.0064 -26.5603 0.1786 0 -0.901 0 0.4339 -0.222518 0 -0.974929 -0 -1 -0
-40.5244 30.0064 -43.9157 0.25 0 -1 -0 0 -0.222518 0 -0.974929 -0 -1 -0
-39.1119 29.2176 -37.727 0.2245 0.0186 -0.9749 -0 0.2225 -0.222519 -0 -0.974928 -0.00436909 -0.99981 -0.0190046
-36.5632 29.2176 -26.5603 0.1786 0.0186 -0.901 -0 0.4339 -0.222519 -0 -0.974928 -0.00436909 -0.99981 -0.0190046
-40.5244 30.0064 -43.9157 0.25 0 -1 -0 0 -0.222519 -0 -0.974928 -0.00436909 -0.99981 -0.0190046
-39.1119 29.2176 -37.727 0.2245 0.0186 -0.9749 -0 0.2225 -0.222515 -0.000102442 -0.974929 0 -1 0
-40.5244 30.0064 -43.9157 0.25 0 -1 -0 0 -0.222515 -0.000102442 -0.974929 0 -1 0
-40.5244 -12.4382 -43.9157 0.25 1 -1 0 0 -0.222515 -0.000102442 -0.974929 0 -1 0
-39.1119 29.2176 -37.727 0.2245 0.0186 -0.9749 -0 0.2225 -0.222515 0 -0.974929 0 -1 0
-40.5244 -12.4382 -43.9157 0.25 1 -1 0 0 -0.222515 0 -0.974929 0 -1 0
-39.1119 -12.4382 -37.727 0.2245 1 -0.9749 0 0.2225 -0.222515 0 -0.974929 0 -1 0
-35.2464 -12.4382 -37.727 0.5357 0.9814 0.2225 0 -0.9749 1 0 0 0 -1 0
-35.2464 -13.2271 -37.727 0.5357 1 0.2225 0 -0.9749 1 0 0 0 -1 0
-53.048 -13.2271 -37.727 0.4643 1 -0.2225 0 -0.9749 1 0 0 0 -1 0
-39.1119 -12.4382 -37.727 0.5202 0.9814 0 0 -1 1 0 0 0.00589525 -0.999983 0
-35.2464 -12.4382 -37.727 0.5357 0.9814 0.2225 0 -0.9749 1 0 0 0.00589525 -0.999983 0
-53.048 -13.2271 -37.727 0.4643 1 -0.2225 0 -0.9749 1 0 0 0.00589525 -0.999983 0
-39.1119 29.2176 -37.727 0.5202 0 0 0 -1 1 -3.87693e-005 0 0 -1 0
-39.1119 -12.4382 -37.727 0.5202 0.9814 0 0 -1 1 -3.87693e-005 0 0 -1 0
-53.048 -13.2271 -37.727 0.4643 1 -0.2225 0 -0.9749 1 -3.87693e-005 0 0 -1 0
-53.048 29.2176 -37.727 0.4643 0 -0.2225 0 -0.9749 1 0 0 0 -1 0
-39.1119 29.2176 -37.727 0.5202 0 0 0 -1 1 0 0 0 -1 0
-69.0868 29.2176 -30.0031 0.3929 0 -0.6235 0 -0.7818 0.900969 0 -0.433884 0 -1 0
-53.048 29.2176 -37.727 0.4643 0 -0.2225 0 -0.9749 0.900969 0 -0.433884 0 -1 0
-53.048 -13.2271 -37.727 0.4643 1 -0.2225 0 -0.9749 0.900969 0 -0.433884 0 -1 0
-69.0868 -13.2271 -30.0031 0.3929 1 -0.6235 0 -0.7818 0.900969 -0 -0.433884 0 -1 0
-80.186 29.2176 -16.0852 0.3214 0 -0.901 0 -0.4339 0.623491 0 -0.78183 0 -1 0
-69.0868 29.2176 -30.0031 0.3929 0 -0.6235 0 -0.7818 0.623491 0 -0.78183 0 -1 0
-69.0868 -13.2271 -30.0031 0.3929 1 -0.6235 0 -0.7818 0.623491 0 -0.78183 0 -1 0
-80.186 -13.2271 -16.0852 0.3214 1 -0.901 0 -0.4339 0.623491 -0 -0.78183 0 -1 0
-84.1472 29.2176 1.27008 0.25 0 -1 0 0 0.222519 0 -0.974928 0 -1 0
-80.186 29.2176 -16.0852 0.3214 0 -0.901 0 -0.4339 0.222519 0 -0.974928 0 -1 0
-80.186 -13.2271 -16.0852 0.3214 1 -0.901 0 -0.4339 0.222519 0 -0.974928 0 -1 0
-84.1472 -13.2271 1.27008 0.25 1 -1 0 0 0.222519 -0 -0.974928 0 -1 0
-80.186 29.2176 18.6255 0.1786 0 -0.901 0 0.4339 -0.222518 0 -0.974929 0 -1 0
-84.1472 29.2176 1.27008 0.25 0 -1 0 0 -0.222518 0 -0.974929 0 -1 0
-84.1472 -13.2271 1.27008 0.25 1 -1 0 0 -0.222518 0 -0.974929 0 -1 0
-80.186 -13.2271 18.6255 0.1786 1 -0.901 0 0.4339 -0.222518 -0 -0.974929 0 -1 0
-69.0868 29.2176 32.5434 0.1071 0 -0.6235 0 0.7818 -0.623491 0 -0.78183 0 -1 0
-80.186 29.2176 18.6255 0.1786 0 -0.901 0 0.4339 -0.623491 0 -0.78183 0 -1 0
-80.186 -13.2271 18.6255 0.1786 1 -0.901 0 0.4339 -0.623491 0 -0.78183 0 -1 0
-69.0868 -13.2271 32.5434 0.1071 1 -0.6235 0 0.7818 -0.623491 -0 -0.78183 0 -1 0
-53.048 29.2176 40.2673 0.0357 0 -0.2225 0 0.9749 -0.900968 0 -0.433886 0 -1 0
-69.0868 29.2176 32.5434 0.1071 0 -0.6235 0 0.7818 -0.900968 0 -0.433886 0 -1 0
-69.0868 -13.2271 32.5434 0.1071 1 -0.6235 0 0.7818 -0.900968 0 -0.433886 0 -1 0
-53.048 -13.2271 40.2673 0.0357 1 -0.2225 0 0.9749 -0.900968 -0 -0.433886 0 -1 0
24.4151 33.4853 75.1888 0.1091 0.1883 0 1 0 0.000243549 0 -1 -1 0 -0.000603072
35.5143 33.4853 61.2709 0.2831 0.0495 0 1 0 0.000243549 0 -1 -1 0 -0.000603072
39.4756 33.4853 43.9155 0.5 0 0 1 0 0.000243549 0 -1 -1 0 -0.000603072
-9.42525 33.4853 82.9127 0.0125 0.6113 0 1 0 0.001603 0 -0.999999 -1 0 -0
8.37644 33.4853 82.9127 0.0125 0.3887 0 1 0 0.001603 0 -0.999999 -1 0 -0
24.4151 33.4853 75.1888 0.1091 0.1883 0 1 0 0.001603 0 -0.999999 -1 0 -0
-36.5632 33.4853 61.2709 0.2831 0.9505 0 1 0 0.00110263 0 -0.999999 -1 0 0.000293835
-25.464 33.4853 75.1888 0.1091 0.8117 0 1 0 0.00110263 0 -0.999999 -1 0 0.000293835
-9.42525 33.4853 82.9127 0.0125 0.6113 0 1 0 0.00110263 0 -0.999999 -1 0 0.000293835
-36.5632 33.4853 61.2709 0.2831 0.9505 0 1 0 -5.66966e-005 0 -1 -1 0 -4.28714e-005
-9.42525 33.4853 82.9127 0.0125 0.6113 0 1 0 -5.66966e-005 0 -1 -1 0 -4.28714e-005
24.4151 33.4853 75.1888 0.1091 0.1883 0 1 0 -5.66966e-005 0 -1 -1 0 -4.28714e-005
-36.5632 33.4853 26.5602 0.7169 0.9505 0 1 0 -0 0 -1 -1 0 -8.32482e-007
-40.5244 33.4853 43.9155 0.5 1 0 1 0 -0 0 -1 -1 0 -8.32482e-007
-36.5632 33.4853 61.2709 0.2831 0.9505 0 1 0 -0 0 -1 -1 0 -8.32482e-007
-28.0674 33.4853 35.0734 0.6105 0.8443 0 1 0 -0.00133689 0 -0.999999 -0.999999 0 -0.00108115
-35.7098 33.4853 25.4901 0.7303 0.9398 0 1 0 -0.00133689 0 -0.999999 -0.999999 0 -0.00108115
-36.5632 33.4853 26.5602 0.7169 0.9505 0 1 0 -0.00133689 0 -0.999999 -0.999999 0 -0.00108115
-28.0674 33.4853 35.0734 0.6105 0.8443 0 1 0 0 0 -1 -1 0 4.67719e-005
-36.5632 33.4853 26.5602 0.7169 0.9505 0 1 0 0 0 -1 -1 0 4.67719e-005
-36.5632 33.4853 61.2709 0.2831 0.9505 0 1 0 0 0 -1 -1 0 4.67719e-005
-28.0674 33.4853 35.0734 0.6105 0.8443 0 1 0 -1.85436e-005 -0 -1 -1 0 7.61425e-005
-36.5632 33.4853 61.2709 0.2831 0.9505 0 1 0 -1.85436e-005 -0 -1 -1 0 7.61425e-005
24.4151 33.4853 75.1888 0.1091 0.1883 0 1 0 -1.85436e-005 -0 -1 -1 0 7.61425e-005
-10.2887 33.4853 43.6351 0.5035 0.6221 0 1 0 0.000368494 -0 -1 -1 0 -0.00015005
-28.0674 33.4853 35.0734 0.6105 0.8443 0 1 0 0.000368494 -0 -1 -1 0 -0.00015005
24.4151 33.4853 75.1888 0.1091 0.1883 0 1 0 0.000368494 -0 -1 -1 0 -0.00015005
9.44424 33.4853 43.6351 0.5035 0.3754 0 1 0 -0.00016625 -0 -1 -1 0 0
-10.2887 33.4853 43.6351 0.5035 0.6221 0 1 0 -0.00016625 -0 -1 -1 0 0
24.4151 33.4853 75.1888 0.1091 0.1883 0 1 0 -0.00016625 -0 -1 -1 0 0
35.2462 33.4853 40.2672 0.5456 0.0529 0 1 0 -0.000601611 0 -1 -1 0 -2.08549e-005
25.842 33.4853 35.7384 0.6022 0.1704 0 1 0 -0.000601611 0 -1 -1 0 -2.08549e-005
9.44424 33.4853 43.6351 0.5035 0.3754 0 1 0 -0.000601611 0 -1 -1 0 -2.08549e-005
35.2462 33.4853 40.2672 0.5456 0.0529 0 1 0 -5.19146e-005 0 -1 -1 0 -9.38753e-006
9.44424 33.4853 43.6351 0.5035 0.3754 0 1 0 -5.19146e-005 0 -1 -1 0 -9.38753e-006
24.4151 33.4853 75.1888 0.1091 0.1883 0 1 0 -5.19146e-005 0 -1 -1 0 -9.38753e-006
35.2462 33.4853 40.2672 0.5456 0.0529 0 1 0 0.000130012 -0 -1 -1 0 -2.83246e-005
24.4151 33.4853 75.1888 0.1091 0.1883 0 1 0 0.000130012 -0 -1 -1 0 -2.83246e-005
39.4756 33.4853 43.9155 0.5 0 0 1 0 0.000130012 -0 -1 -1 0 -2.83246e-005
38.6428 33.4853 40.2672 0.5456 0.0104 0 1 0 -0.000445487 -0 -1 -1 0 0
35.2462 33.4853 40.2672 0.5456 0.0529 0 1 0 -0.000445487 -0 -1 -1 0 0
39.4756 33.4853 43.9155 0.5 0 0 1 0 -0.000445487 -0 -1 -1 0 0
-80.186 29.2176 18.6255 0.2831 0.9505 0 1 0 0.00111012 0 -0.999999 -1 0 0.000293832
-69.0868 29.2176 32.5434 0.1091 0.8117 0 1 0 0.00111012 0 -0.999999 -1 0 0.000293832
-53.048 29.2176 40.2673 0.0125 0.6113 0 1 0 0.00111012 0 -0.999999 -1 0 0.000293832
-80.186 29.2176 -16.0852 0.7169 0.9505 0 1 0 -0 0 -1 -1 0 -1.60947e-005
-84.1472 29.2176 1.27008 0.5 1 0 1 0 -0 0 -1 -1 0 -1.60947e-005
-80.186 29.2176 18.6255 0.2831 0.9505 0 1 0 -0 0 -1 -1 0 -1.60947e-005
-53.048 29.2176 -37.727 0.9875 0.6113 0 1 0 -0.00111026 0 -0.999999 -1 0 -0.00029952
-69.0868 29.2176 -30.0031 0.8909 0.8117 0 1 0 -0.00111026 0 -0.999999 -1 0 -0.00029952
-80.186 29.2176 -16.0852 0.7169 0.9505 0 1 0 -0.00111026 0 -0.999999 -1 0 -0.00029952
-53.048 29.2176 -37.727 0.9875 0.6113 0 1 0 0 0 -1 -1 0 -0.000382524
-80.186 29.2176 -16.0852 0.7169 0.9505 0 1 0 0 0 -1 -1 0 -0.000382524
-80.186 29.2176 18.6255 0.2831 0.9505 0 1 0 0 0 -1 -1 0 -0.000382524
-36.5632 29.2176 -26.5603 0.8479 0.4052 0 1 0 0.000296884 0 -1 -1 0 0
-39.1119 29.2176 -37.727 0.9875 0.4371 0 1 0 0.000296884 0 -1 -1 0 0
-53.048 29.2176 -37.727 0.9875 0.6113 0 1 0 0.000296884 0 -1 -1 0 0
-40.3707 29.2176 -18.8307 0.7513 0.4528 0 1 0 -0.000634837 0 -1 -0.999999 0 0.00148347
-35.3849 29.2176 -25.0828 0.8294 0.3905 0 1 0 -0.000634837 0 -1 -0.999999 0 0.00148347
-36.5632 29.2176 -26.5603 0.8479 0.4052 0 1 0 -0.000634837 0 -1 -0.999999 0 0.00148347
-40.3707 29.2176 -18.8307 0.7513 0.4528 0 1 0 2.32291e-005 0 -1 -1 0 0.000166077
-36.5632 29.2176 -26.5603 0.8479 0.4052 0 1 0 2.32291e-005 0 -1 -1 0 0.000166077
-53.048 29.2176 -37.727 0.9875 0.6113 0 1 0 2.32291e-005 0 -1 -1 0 0.000166077
-40.3707 29.2176 -18.8307 0.7513 0.4528 0 1 0 8.02525e-005 0 -1 -1 0 -6.71432e-006
-53.048 29.2176 -37.727 0.9875 0.6113 0 1 0 8.02525e-005 0 -1 -1 0 -6.71432e-006
-80.186 29.2176 18.6255 0.2831 0.9505 0 1 0 8.02525e-005 0 -1 -1 0 -6.71432e-006
-44.7617 29.2176 0.407532 0.5108 0.5077 0 1 0 -6.0869e-005 0 -1 -1 0 0.000116551
-40.3707 29.2176 -18.8307 0.7513 0.4528 0 1 0 -6.0869e-005 0 -1 -1 0 0.000116551
-80.186 29.2176 18.6255 0.2831 0.9505 0 1 0 -6.0869e-005 0 -1 -1 0 0.000116551
-40.3707 29.2176 19.6456 0.2703 0.4528 0 1 0 4.80655e-005 0 -1 -1 0 9.49385e-005
-44.7617 29.2176 0.407532 0.5108 0.5077 0 1 0 4.80655e-005 0 -1 -1 0 9.49385e-005
-80.186 29.2176 18.6255 0.2831 0.9505 0 1 0 4.80655e-005 0 -1 -1 0 9.49385e-005
-36.5632 29.2176 26.5602 0.1839 0.4052 0 1 0 -0.000947151 0 -1 -0.999999 0 -0.00161189
-35.7098 29.2176 25.4901 0.1973 0.3945 0 1 0 -0.000947151 0 -1 -0.999999 0 -0.00161189
-40.3707 29.2176 19.6456 0.2703 0.4528 0 1 0 -0.000947151 0 -1 -0.999999 0 -0.00161189
-36.5632 29.2176 26.5602 0.1839 0.4052 0 1 0 6.3385e-005 0 -1 -1 0 0.00010795
-40.3707 29.2176 19.6456 0.2703 0.4528 0 1 0 6.3385e-005 0 -1 -1 0 0.00010795
-80.186 29.2176 18.6255 0.2831 0.9505 0 1 0 6.3385e-005 0 -1 -1 0 0.00010795
-36.5632 29.2176 26.5602 0.1839 0.4052 0 1 0 -0.000164252 0 -1 -1 0 -2.81401e-005
-80.186 29.2176 18.6255 0.2831 0.9505 0 1 0 -0.000164252 0 -1 -1 0 -2.81401e-005
-53.048 29.2176 40.2673 0.0125 0.6113 0 1 0 -0.000164252 0 -1 -1 0 -2.81401e-005
-36.5632 29.2176 26.5602 0.1839 0.4052 0 1 0 9.98578e-005 0 -1 -1 0 0
-53.048 29.2176 40.2673 0.0125 0.6113 0 1 0 9.98578e-005 0 -1 -1 0 0
-39.6917 29.2176 40.2673 0.0125 0.4443 0 1 0 9.98578e-005 0 -1 -1 0 0
-35.7098 29.2176 25.4901 0.3269 0.1005 -0.7818 0 -0.6235 0.623512 -0 -0.781814 0 -1 0
-36.5632 29.2176 26.5602 0.3214 0.1005 -0.901 0 -0.4339 0.623512 -0 -0.781814 0 -1 0
-36.5632 33.4853 26.5602 0.3214 0 -0.901 -0 -0.4339 0.623512 -0 -0.781814 0 -1 0
-35.7098 33.4853 25.4901 0.3269 0 -0.7818 0 -0.6235 0.623512 0 -0.781814 0 -1 0
35.2462 30.0064 -37.727 0.4226 0.0529 0 1 0 -0.000641143 0 -1 -1 0 -0
38.0631 30.0064 -37.727 0.4226 0.0177 0 1 0 -0.000641143 0 -1 -1 0 -0
39.4756 30.0064 -43.9157 0.5 0 0 1 0 -0.000641143 0 -1 -1 0 -0
27.2229 30.0064 -34.2585 0.3793 0.1532 0 1 0 0.0108366 0 -0.999941 -0.999995 -0 0.00311914
27.4507 30.0064 -33.9729 0.3757 0.1503 0 1 0 0.0108366 0 -0.999941 -0.999995 -0 0.00311914
35.2462 30.0064 -37.727 0.4226 0.0529 0 1 0 0.0108366 0 -0.999941 -0.999995 -0 0.00311914
9.44424 30.0064 -42.8203 0.4863 0.3754 0 1 0 -0.000260739 0 -1 -1 0 0.000247451
27.2229 30.0064 -34.2585 0.3793 0.1532 0 1 0 -0.000260739 0 -1 -1 0 0.000247451
35.2462 30.0064 -37.727 0.4226 0.0529 0 1 0 -0.000260739 0 -1 -1 0 0.000247451
-36.5632 30.0064 -26.5603 0.2831 0.9505 0 1 0 -0.000915131 0 -1 -1 -0 0.00104607
-35.3849 30.0064 -25.0828 0.2646 0.9358 0 1 0 -0.000915131 0 -1 -1 -0 0.00104607
-28.0674 30.0064 -34.2585 0.3793 0.8443 0 1 0 -0.000915131 0 -1 -1 -0 0.00104607
-36.5632 30.0064 -61.271 0.7169 0.9505 0 1 0 -0 0 -1 -1 0 -1.60947e-005
-40.5244 30.0064 -43.9157 0.5 1 0 1 0 -0 0 -1 -1 0 -1.60947e-005
-36.5632 30.0064 -26.5603 0.2831 0.9505 0 1 0 -0 0 -1 -1 0 -1.60947e-005
-36.5632 30.0064 -61.271 0.7169 0.9505 0 1 0 -0 -0 -1 -1 0 8.22874e-005
-36.5632 30.0064 -26.5603 0.2831 0.9505 0 1 0 -0 -0 -1 -1 0 8.22874e-005
-28.0674 30.0064 -34.2585 0.3793 0.8443 0 1 0 -0 -0 -1 -1 0 8.22874e-005
-36.5632 30.0064 -61.271 0.7169 0.9505 0 1 0 4.79842e-005 0 -1 -1 0 1.95257e-005
-28.0674 30.0064 -34.2585 0.3793 0.8443 0 1 0 4.79842e-005 0 -1 -1 0 1.95257e-005
-10.2887 30.0064 -42.8203 0.4863 0.6221 0 1 0 4.79842e-005 0 -1 -1 0 1.95257e-005
-36.5632 30.0064 -61.271 0.7169 0.9505 0 1 0 -0.000358692 0 -1 -1 0 0
-10.2887 30.0064 -42.8203 0.4863 0.6221 0 1 0 -0.000358692 0 -1 -1 0 0
9.44424 30.0064 -42.8203 0.4863 0.3754 0 1 0 -0.000358692 0 -1 -1 0 0
-9.42516 30.0064 -82.9127 0.9875 0.6113 0 1 0 -0.00111081 0 -0.999999 -1 0 -0.000305624
-25.464 30.0064 -75.1889 0.8909 0.8117 0 1 0 -0.00111081 0 -0.999999 -1 0 -0.000305624
-36.5632 30.0064 -61.271 0.7169 0.9505 0 1 0 -0.00111081 0 -0.999999 -1 0 -0.000305624
24.4152 30.0064 -75.1889 0.8909 0.1883 0 1 0 -0.00162743 0 -0.999999 -1 0 0
8.37644 30.0064 -82.9127 0.9875 0.3887 0 1 0 -0.00162743 0 -0.999999 -1 0 0
-9.42516 30.0064 -82.9127 0.9875 0.6113 0 1 0 -0.00162743 0 -0.999999 -1 0 0
24.4152 30.0064 -75.1889 0.8909 0.1883 0 1 0 6.02609e-005 0 -1 -1 0 4.45919e-005
-9.42516 30.0064 -82.9127 0.9875 0.6113 0 1 0 6.02609e-005 0 -1 -1 0 4.45919e-005
-36.5632 30.0064 -61.271 0.7169 0.9505 0 1 0 6.02609e-005 0 -1 -1 0 4.45919e-005
24.4152 30.0064 -75.1889 0.8909 0.1883 0 1 0 8.31488e-005 0 -1 -1 0 -4.29581e-005
-36.5632 30.0064 -61.271 0.7169 0.9505 0 1 0 8.31488e-005 0 -1 -1 0 -4.29581e-005
9.44424 30.0064 -42.8203 0.4863 0.3754 0 1 0 8.31488e-005 0 -1 -1 0 -4.29581e-005
24.4152 30.0064 -75.1889 0.8909 0.1883 0 1 0 5.20711e-005 -0 -1 -1 0 9.83546e-005
9.44424 30.0064 -42.8203 0.4863 0.3754 0 1 0 5.20711e-005 -0 -1 -1 0 9.83546e-005
35.2462 30.0064 -37.727 0.4226 0.0529 0 1 0 5.20711e-005 -0 -1 -1 0 9.83546e-005
24.4152 30.0064 -75.1889 0.8909 0.1883 0 1 0 -0.000106116 0 -1 -1 0 -0.000487503
35.2462 30.0064 -37.727 0.4226 0.0529 0 1 0 -0.000106116 0 -1 -1 0 -0.000487503
39.4756 30.0064 -43.9157 0.5 0 0 1 0 -0.000106116 0 -1 -1 0 -0.000487503
35.5144 30.0064 -61.2709 0.7169 0.0495 0 1 0 -0.000234786 -0 -1 -1 0 0.000568235
24.4152 30.0064 -75.1889 0.8909 0.1883 0 1 0 -0.000234786 -0 -1 -1 0 0.000568235
39.4756 30.0064 -43.9157 0.5 0 0 1 0 -0.000234786 -0 -1 -1 0 0.000568235
-35.3849 29.2176 -25.0828 0.171 0.0186 -0.7818 0 0.6235 -0.623506 0 -0.781819 -0 -1 -0
-35.3849 30.0064 -25.0828 0.171 0 -0.7818 0 0.6235 -0.623506 0 -0.781819 -0 -1 -0
-36.5632 30.0064 -26.5603 0.1786 0 -0.901 0 0.4339 -0.623506 0 -0.781819 -0 -1 -0
-36.5632 29.2176 -26.5603 0.1786 0.0186 -0.901 -0 0.4339 -0.623506 0 -0.781819 0 -1 0
-28.0674 33.4853 35.0734 0.1071 0.0338 -0.6235 0 0.7818 -0.623491 0 -0.78183 -0 -1 -0
-28.0674 35.9119 35.0734 0.1071 0 -0.6235 0 0.7818 -0.623491 0 -0.78183 -0 -1 -0
-40.3707 35.9119 19.6456 0.1786 0 -0.901 0 0.4339 -0.623491 0 -0.78183 -0 -1 -0
-35.7098 33.4853 25.4901 0.1515 0.0338 -0.7818 0 0.6235 -0.623488 -0 -0.781833 -0.00153074 -0.999997 -0.00197441
-28.0674 33.4853 35.0734 0.1071 0.0338 -0.6235 0 0.7818 -0.623488 -0 -0.781833 -0.00153074 -0.999997 -0.00197441
-40.3707 35.9119 19.6456 0.1786 0 -0.901 0 0.4339 -0.623488 -0 -0.781833 -0.00153074 -0.999997 -0.00197441
-35.7098 33.4853 25.4901 0.1515 0.0338 -0.7818 0 0.6235 -0.623496 -0.00015226 -0.781826 0 -1 0
-40.3707 35.9119 19.6456 0.1786 0 -0.901 0 0.4339 -0.623496 -0.00015226 -0.781826 0 -1 0
-40.3707 29.2176 19.6456 0.1786 0.0932 -0.901 0 0.4339 -0.623496 -0.00015226 -0.781826 0 -1 0
-35.7098 29.2176 25.4901 0.1515 0.0932 -0.7818 0 0.6235 -0.623496 0 -0.781826 -0 -1 -0
-35.7098 33.4853 25.4901 0.1515 0.0338 -0.7818 0 0.6235 -0.623496 0 -0.781826 -0 -1 -0
-40.3707 29.2176 19.6456 0.1786 0.0932 -0.901 0 0.4339 -0.623496 0 -0.781826 -0 -1 -0
-10.2887 33.4853 43.6351 0.0357 0.0338 -0.2225 0 0.9749 -0.90097 0 -0.433881 -0 -1 -0
-10.2887 35.9119 43.6351 0.0357 0 -0.2225 0 0.9749 -0.90097 0 -0.433881 -0 -1 -0
-28.0674 35.9119 35.0734 0.1071 0 -0.6235 0 0.7818 -0.90097 0 -0.433881 -0 -1 -0
-28.0674 33.4853 35.0734 0.1071 0.0338 -0.6235 0 0.7818 -0.90097 0 -0.433881 0 -1 0
9.44424 33.4853 43.6351 0.9643 0.0338 0.2225 -0 0.9749 -1 0 0 -0 -1 0
9.44424 35.9119 43.6351 0.9643 0 0.2225 0 0.9749 -1 0 0 -0 -1 0
-10.2887 35.9119 43.6351 1.0357 0 -0.2225 0 0.9749 -1 0 0 -0 -1 0
-10.2887 33.4853 43.6351 1.0357 0.0338 -0.2225 0 0.9749 -1 0 0 0 -1 0
27.2229 35.9119 35.0734 0.8929 0 0.6235 -0 0.7818 -0.90097 0 0.433881 0 -1 0
9.44424 35.9119 43.6351 0.9643 0 0.2225 0 0.9749 -0.90097 0 0.433881 0 -1 0
9.44424 33.4853 43.6351 0.9643 0.0338 0.2225 -0 0.9749 -0.90097 0 0.433881 0 -1 0
25.842 34.0774 35.7384 0.8984 0.0255 0.4339 -0 0.901 -0.900975 -0 0.433871 0 -1 0
27.2229 34.0774 35.0734 0.8929 0.0255 0.6235 0 0.7818 -0.900975 -0 0.433871 0 -1 0
27.2229 35.9119 35.0734 0.8929 0 0.6235 -0 0.7818 -0.900975 -0 0.433871 0 -1 0
25.842 34.0774 35.7384 0.8984 0.0255 0.4339 -0 0.901 -0.90097 0.000283662 0.433882 -0.00691374 -0.999971 0.00331807
27.2229 35.9119 35.0734 0.8929 0 0.6235 -0 0.7818 -0.90097 0.000283662 0.433882 -0.00691374 -0.999971 0.00331807
9.44424 33.4853 43.6351 0.9643 0.0338 0.2225 -0 0.9749 -0.90097 0.000283662 0.433882 -0.00691374 -0.999971 0.00331807
25.842 33.4853 35.7384 0.8984 0.0338 0.4339 0 0.901 -0.90097 0 0.433882 -0 -1 0
25.842 34.0774 35.7384 0.8984 0.0255 0.4339 -0 0.901 -0.90097 0 0.433882 -0 -1 0
9.44424 33.4853 43.6351 0.9643 0.0338 0.2225 -0 0.9749 -0.90097 0 0.433882 -0 -1 0
-28.0674 35.9119 -34.2585 0.3929 0 -0.6235 0 -0.7818 0.623498 0 -0.781825 0 -1 0
-28.0674 30.0064 -34.2585 0.3929 0.0822 -0.6235 0 -0.7818 0.623498 0 -0.781825 0 -1 0
-35.3849 30.0064 -25.0828 0.3504 0.0822 -0.7818 0 -0.6235 0.623498 0 -0.781825 0 -1 0
-40.3707 35.9119 -18.8307 0.3214 0 -0.901 0 -0.4339 0.623491 0 -0.781831 -0.000736933 -0.999999 0.000896445
-28.0674 35.9119 -34.2585 0.3929 0 -0.6235 0 -0.7818 0.623491 0 -0.781831 -0.000736933 -0.999999 0.000896445
-35.3849 30.0064 -25.0828 0.3504 0.0822 -0.7818 0 -0.6235 0.623491 0 -0.781831 -0.000736933 -0.999999 0.000896445
-40.3707 35.9119 -18.8307 0.3214 0 -0.901 0 -0.4339 0.62348 -0.00136469 -0.781838 0 -1 0
-35.3849 30.0064 -25.0828 0.3504 0.0822 -0.7818 0 -0.6235 0.62348 -0.00136469 -0.781838 0 -1 0
-35.3849 29.2176 -25.0828 0.3504 0.0932 -0.7818 0 -0.6235 0.62348 -0.00136469 -0.781838 0 -1 0
-40.3707 29.2176 -18.8307 0.3214 0.0932 -0.901 0 -0.4339 0.623481 0 -0.781838 0 -1 -0
-40.3707 35.9119 -18.8307 0.3214 0 -0.901 0 -0.4339 0.623481 0 -0.781838 0 -1 -0
-35.3849 29.2176 -25.0828 0.3504 0.0932 -0.7818 0 -0.6235 0.623481 0 -0.781838 0 -1 -0
-44.7617 29.2176 0.407532 0.25 0.0932 -1 0 0 0.222521 0 -0.974928 0 -1 -0
-44.7617 35.9119 0.407532 0.25 0 -1 0 0 0.222521 0 -0.974928 0 -1 -0
-40.3707 35.9119 -18.8307 0.3214 0 -0.901 0 -0.4339 0.222521 0 -0.974928 0 -1 -0
-40.3707 29.2176 -18.8307 0.3214 0.0932 -0.901 0 -0.4339 0.222521 0 -0.974928 0 -1 0
-40.3707 29.2176 19.6456 0.1786 0.0932 -0.901 0 0.4339 -0.222522 0 -0.974928 -0 -1 -0
-40.3707 35.9119 19.6456 0.1786 0 -0.901 0 0.4339 -0.222522 0 -0.974928 -0 -1 -0
-44.7617 35.9119 0.407532 0.25 0 -1 0 0 -0.222522 0 -0.974928 -0 -1 -0
-44.7617 29.2176 0.407532 0.25 0.0932 -1 0 0 -0.222522 0 -0.974928 0 -1 0
27.4507 30.0064 -33.9729 0.6085 0.0822 0.7818 0 -0.6235 0.623579 -0 0.78176 0 -1 0
27.2229 30.0064 -34.2585 0.6071 0.0822 0.6235 0 -0.7818 0.623579 -0 0.78176 0 -1 0
27.2229 35.9119 -34.2585 0.6071 0 0.6235 -0 -0.7818 0.623579 -0 0.78176 0 -1 0
27.4507 34.0774 -33.9729 0.6085 0.0255 0.7818 -0 -0.6235 0.623547 -0.0100396 0.781721 0 -1 0
27.4507 30.0064 -33.9729 0.6085 0.0822 0.7818 0 -0.6235 0.623547 -0.0100396 0.781721 0 -1 0
27.2229 35.9119 -34.2585 0.6071 0 0.6235 -0 -0.7818 0.623547 -0.0100396 0.781721 0 -1 0
27.4507 34.0774 -33.9729 0.6085 0.0255 0.7818 -0 -0.6235 0.623491 0 0.78183 -0.00714809 -0.999934 -0.00899923
27.2229 35.9119 -34.2585 0.6071 0 0.6235 -0 -0.7818 0.623491 0 0.78183 -0.00714809 -0.999934 -0.00899923
39.5262 35.9119 -18.8307 0.6786 0 0.901 -0 -0.4339 0.623491 0 0.78183 -0.00714809 -0.999934 -0.00899923
27.4507 34.0774 -33.9729 0.6085 0.0255 0.7818 -0 -0.6235 0.623489 0 0.781832 0 -1 0
39.5262 35.9119 -18.8307 0.6786 0 0.901 -0 -0.4339 0.623489 0 0.781832 0 -1 0
39.5262 34.0774 -18.8307 0.6786 0.0255 0.901 0 -0.4339 0.623489 0 0.781832 0 -1 0
9.44424 30.0064 -42.8203 0.5357 0.0822 0.2225 0 -0.9749 0.900968 0 0.433886 0 -1 0
9.44424 35.9119 -42.8203 0.5357 0 0.2225 0 -0.9749 0.900968 0 0.433886 0 -1 0
27.2229 35.9119 -34.2585 0.6071 0 0.6235 -0 -0.7818 0.900968 0 0.433886 0 -1 0
27.2229 30.0064 -34.2585 0.6071 0.0822 0.6235 0 -0.7818 0.900968 0 0.433886 0 -1 0
-10.2887 30.0064 -42.8203 0.4643 0.0822 -0.2225 0 -0.9749 1 0 0 0 -1 0
-10.2887 35.9119 -42.8203 0.4643 0 -0.2225 0 -0.9749 1 0 0 0 -1 0
9.44424 35.9119 -42.8203 0.5357 0 0.2225 0 -0.9749 1 0 0 0 -1 0
9.44424 30.0064 -42.8203 0.5357 0.0822 0.2225 0 -0.9749 1 0 0 0 -1 0
-28.0674 30.0064 -34.2585 0.3929 0.0822 -0.6235 0 -0.7818 0.900968 0 -0.433886 0 -1 -0
-28.0674 35.9119 -34.2585 0.3929 0 -0.6235 0 -0.7818 0.900968 0 -0.433886 0 -1 -0
-10.2887 35.9119 -42.8203 0.4643 0 -0.2225 0 -0.9749 0.900968 0 -0.433886 0 -1 -0
-10.2887 30.0064 -42.8203 0.4643 0.0822 -0.2225 0 -0.9749 0.900968 0 -0.433886 0 -1 0
9.44424 35.9119 43.6351 0.0125 0.3887 0 1 0 -0.00111357 0 -0.999999 -1 0 -0.000308629
27.2229 35.9119 35.0734 0.1091 0.1883 0 1 0 -0.00111357 0 -0.999999 -1 0 -0.000308629
39.5261 35.9119 19.6456 0.2831 0.0495 0 1 0 -0.00111357 0 -0.999999 -1 0 -0.000308629
-28.0674 35.9119 35.0734 0.1091 0.8117 0 1 0 -0.00160877 0 -0.999999 -1 0 0
-10.2887 35.9119 43.6351 0.0125 0.6113 0 1 0 -0.00160877 0 -0.999999 -1 0 0
9.44424 35.9119 43.6351 0.0125 0.3887 0 1 0 -0.00160877 0 -0.999999 -1 0 0
-44.7617 35.9119 0.407532 0.5 1 0 1 0 -0.000240379 0 -1 -1 0 0.000599129
-40.3707 35.9119 19.6456 0.2831 0.9505 0 1 0 -0.000240379 0 -1 -1 0 0.000599129
-28.0674 35.9119 35.0734 0.1091 0.8117 0 1 0 -0.000240379 0 -1 -1 0 0.000599129
-44.7617 35.9119 0.407532 0.5 1 0 1 0 0.000133864 0 -1 -1 0 0.000149804
-28.0674 35.9119 35.0734 0.1091 0.8117 0 1 0 0.000133864 0 -1 -1 0 0.000149804
9.44424 35.9119 43.6351 0.0125 0.3887 0 1 0 0.000133864 0 -1 -1 0 0.000149804
-28.0674 35.9119 -34.2585 0.8909 0.8117 0 1 0 0.000240346 0 -1 -1 0 -0.000609143
-40.3707 35.9119 -18.8307 0.7169 0.9505 0 1 0 0.000240346 0 -1 -1 0 -0.000609143
-44.7617 35.9119 0.407532 0.5 1 0 1 0 0.000240346 0 -1 -1 0 -0.000609143
9.44424 35.9119 -42.8203 0.9875 0.3887 0 1 0 0.00160875 0 -0.999999 -1 0 0
-10.2887 35.9119 -42.8203 0.9875 0.6113 0 1 0 0.00160875 0 -0.999999 -1 0 0
-28.0674 35.9119 -34.2585 0.8909 0.8117 0 1 0 0.00160875 0 -0.999999 -1 0 0
9.44424 35.9119 -42.8203 0.9875 0.3887 0 1 0 -0.000133864 0 -1 -1 0 -0.000146808
-28.0674 35.9119 -34.2585 0.8909 0.8117 0 1 0 -0.000133864 0 -1 -1 0 -0.000146808
-44.7617 35.9119 0.407532 0.5 1 0 1 0 -0.000133864 0 -1 -1 0 -0.000146808
39.5262 35.9119 -18.8307 0.7169 0.0495 0 1 0 0.00110406 0 -0.999999 -1 0 0.000297117
27.2229 35.9119 -34.2585 0.8909 0.1883 0 1 0 0.00110406 0 -0.999999 -1 0 0.000297117
9.44424 35.9119 -42.8203 0.9875 0.3887 0 1 0 0.00110406 0 -0.999999 -1 0 0.000297117
39.5262 35.9119 -18.8307 0.7169 0.0495 0 1 0 -8.47415e-005 0 -1 -1 0 8.55713e-005
9.44424 35.9119 -42.8203 0.9875 0.3887 0 1 0 -8.47415e-005 0 -1 -1 0 8.55713e-005
-44.7617 35.9119 0.407532 0.5 1 0 1 0 -8.47415e-005 0 -1 -1 0 8.55713e-005
39.5262 35.9119 -18.8307 0.7169 0.0495 0 1 0 4.70267e-005 0 -1 -1 0 4.8525e-005
-44.7617 35.9119 0.407532 0.5 1 0 1 0 4.70267e-005 0 -1 -1 0 4.8525e-005
9.44424 35.9119 43.6351 0.0125 0.3887 0 1 0 4.70267e-005 0 -1 -1 0 4.8525e-005
39.5262 35.9119 -18.8307 0.7169 0.0495 0 1 0 2.37946e-006 0 -1 -1 0 -0.0003866
9.44424 35.9119 43.6351 0.0125 0.3887 0 1 0 2.37946e-006 0 -1 -1 0 -0.0003866
39.5261 35.9119 19.6456 0.2831 0.0495 0 1 0 2.37946e-006 0 -1 -1 0 -0.0003866
39.5262 35.9119 -18.8307 0.7169 0.0495 0 1 0 2.37946e-006 -0 -1 -1 0 1.45195e-005
39.5261 35.9119 19.6456 0.2831 0.0495 0 1 0 2.37946e-006 -0 -1 -1 0 1.45195e-005
43.9171 35.9119 0.40741 0.5 0 0 1 0 2.37946e-006 -0 -1 -1 0 1.45195e-005
39.5261 34.0774 19.6456 0.8214 0.0255 0.901 0 0.4339 -0.623488 0 0.781833 -0 -1 0
39.5261 35.9119 19.6456 0.8214 0 0.901 0 0.4339 -0.623488 0 0.781833 -0 -1 0
27.2229 35.9119 35.0734 0.8929 0 0.6235 -0 0.7818 -0.623488 0 0.781833 -0 -1 0
27.2229 34.0774 35.0734 0.8929 0.0255 0.6235 0 0.7818 -0.623488 0 0.781833 0 -1 0
39.5262 34.0774 -18.8307 0.6786 0.0255 0.901 0 -0.4339 0.222518 0 0.974929 0 -1 0
39.5262 35.9119 -18.8307 0.6786 0 0.901 -0 -0.4339 0.222518 0 0.974929 0 -1 0
43.9171 35.9119 0.40741 0.75 0 1 0 0 0.222518 0 0.974929 0 -1 0
43.9171 34.0774 0.40741 0.75 0.0255 1 0 0 0.222518 0 0.974929 0 -1 0
43.9171 34.0774 0.40741 0.75 0.0255 1 0 0 -0.222521 0 0.974928 -0 -1 0
43.9171 35.9119 0.40741 0.75 0 1 0 0 -0.222521 0 0.974928 -0 -1 0
39.5261 35.9119 19.6456 0.8214 0 0.901 0 0.4339 -0.222521 0 0.974928 -0 -1 0
39.5261 34.0774 19.6456 0.8214 0.0255 0.901 0 0.4339 -0.222521 0 0.974928 0 -1 0
84.1471 34.0774 1.27008 0.75 0 1 0 0 -0.222524 0 0.974927 0 -1 0
80.1858 34.0774 18.6254 0.8214 0 0.901 0 0.4339 -0.222524 0 0.974927 0 -1 0
80.1858 -8.36731 18.6254 0.8214 1 0.901 0 0.4339 -0.222524 0 0.974927 0 -1 0
84.1471 -8.36731 1.27008 0.75 1 1 0 0 -0.222524 -0 0.974927 0 -1 0
80.1858 34.0774 -16.0852 0.6786 0 0.901 0 -0.4339 0.222525 0 0.974927 0 -1 0
84.1471 34.0774 1.27008 0.75 0 1 0 0 0.222525 0 0.974927 0 -1 0
84.1471 -8.36731 1.27008 0.75 1 1 0 0 0.222525 0 0.974927 0 -1 0
80.1858 -8.36731 -16.0852 0.6786 1 0.901 0 -0.4339 0.222525 -0 0.974927 0 -1 0
53.048 -8.36731 -37.727 0.9875 0.3887 0 -1 0 0.00111968 -0 -0.999999 -1 -0 0.000309091
69.0867 -8.36731 -30.0032 0.8909 0.1883 0 -1 0 0.00111968 -0 -0.999999 -1 -0 0.000309091
80.1858 -8.36731 -16.0852 0.7169 0.0495 0 -1 0 0.00111968 -0 -0.999999 -1 -0 0.000309091
35.5144 -8.36731 -26.5603 0.8479 0.6079 0 -1 0 -0.000307524 -0 -1 -1 -0 -0
38.0631 -8.36731 -37.727 0.9875 0.576 0 -1 0 -0.000307524 -0 -1 -1 -0 -0
53.048 -8.36731 -37.727 0.9875 0.3887 0 -1 0 -0.000307524 -0 -1 -1 -0 -0
39.5262 -8.36731 -18.8307 0.7513 0.5578 0 -1 0 -0.00140347 -0 -0.999999 -0.999999 -0 -0.00157235
34.4382 -8.36731 -25.2108 0.831 0.6214 0 -1 0 -0.00140347 -0 -0.999999 -0.999999 -0 -0.00157235
35.5144 -8.36731 -26.5603 0.8479 0.6079 0 -1 0 -0.00140347 -0 -0.999999 -0.999999 -0 -0.00157235
39.5262 -8.36731 -18.8307 0.7513 0.5578 0 -1 0 -0.000424413 0 -1 -1 -0 -0.00015651
35.5144 -8.36731 -26.5603 0.8479 0.6079 0 -1 0 -0.000424413 0 -1 -1 -0 -0.00015651
53.048 -8.36731 -37.727 0.9875 0.3887 0 -1 0 -0.000424413 0 -1 -1 -0 -0.00015651
43.9171 -8.36731 0.40741 0.5108 0.5029 0 -1 0 -3.71611e-005 0 -1 -1 -0 0.000122292
39.5262 -8.36731 -18.8307 0.7513 0.5578 0 -1 0 -3.71611e-005 0 -1 -1 -0 0.000122292
53.048 -8.36731 -37.727 0.9875 0.3887 0 -1 0 -3.71611e-005 0 -1 -1 -0 0.000122292
35.5143 -8.36731 26.5602 0.1839 0.6079 0 -1 0 0.000681079 0 -1 -0.999991 -0 -0.0043337
34.7631 -8.36731 25.6182 0.1956 0.6173 0 -1 0 0.000681079 0 -1 -0.999991 -0 -0.0043337
39.5261 -8.36731 19.6456 0.2703 0.5578 0 -1 0 0.000681079 0 -1 -0.999991 -0 -0.0043337
53.048 -8.36731 40.2672 0.0125 0.3887 0 -1 0 -8.27682e-005 -0 -1 -1 -0 0
38.6428 -8.36731 40.2672 0.0125 0.5688 0 -1 0 -8.27682e-005 -0 -1 -1 -0 0
35.5143 -8.36731 26.5602 0.1839 0.6079 0 -1 0 -8.27682e-005 -0 -1 -1 -0 0
53.048 -8.36731 40.2672 0.0125 0.3887 0 -1 0 0.000433342 -0 -1 -1 -0 0.000393264
35.5143 -8.36731 26.5602 0.1839 0.6079 0 -1 0 0.000433342 -0 -1 -1 -0 0.000393264
39.5261 -8.36731 19.6456 0.2703 0.5578 0 -1 0 0.000433342 -0 -1 -1 -0 0.000393264
53.048 -8.36731 40.2672 0.0125 0.3887 0 -1 0 3.87369e-005 -0 -1 -1 -0 2.80621e-005
39.5261 -8.36731 19.6456 0.2703 0.5578 0 -1 0 3.87369e-005 -0 -1 -1 -0 2.80621e-005
43.9171 -8.36731 0.40741 0.5108 0.5029 0 -1 0 3.87369e-005 -0 -1 -1 -0 2.80621e-005
53.048 -8.36731 40.2672 0.0125 0.3887 0 -1 0 0 -0 -1 -1 -0 0.000135833
43.9171 -8.36731 0.40741 0.5108 0.5029 0 -1 0 0 -0 -1 -1 -0 0.000135833
53.048 -8.36731 -37.727 0.9875 0.3887 0 -1 0 0 -0 -1 -1 -0 0.000135833
80.1858 -8.36731 18.6254 0.2831 0.0495 0 -1 0 -0.00110152 -0 -0.999999 -1 -0 -0.000290228
69.0866 -8.36731 32.5433 0.1091 0.1883 0 -1 0 -0.00110152 -0 -0.999999 -1 -0 -0.000290228
53.048 -8.36731 40.2672 0.0125 0.3887 0 -1 0 -0.00110152 -0 -0.999999 -1 -0 -0.000290228
80.1858 -8.36731 18.6254 0.2831 0.0495 0 -1 0 -0 -0 -1 -1 0 -0.000169834
53.048 -8.36731 40.2672 0.0125 0.3887 0 -1 0 -0 -0 -1 -1 0 -0.000169834
53.048 -8.36731 -37.727 0.9875 0.3887 0 -1 0 -0 -0 -1 -1 0 -0.000169834
80.1858 -8.36731 18.6254 0.2831 0.0495 0 -1 0 0 -0 -1 -1 -0 0.000381067
53.048 -8.36731 -37.727 0.9875 0.3887 0 -1 0 0 -0 -1 -1 -0 0.000381067
80.1858 -8.36731 -16.0852 0.7169 0.0495 0 -1 0 0 -0 -1 -1 -0 0.000381067
84.1471 -8.36731 1.27008 0.5 0 0 -1 0 -0 -0 -1 -1 0 8.3246e-006
80.1858 -8.36731 18.6254 0.2831 0.0495 0 -1 0 -0 -0 -1 -1 0 8.3246e-006
80.1858 -8.36731 -16.0852 0.7169 0.0495 0 -1 0 -0 -0 -1 -1 0 8.3246e-006
80.1858 34.0774 18.6254 0.8214 0 0.901 0 0.4339 -0.623493 0 0.781829 0 -1 0
69.0866 34.0774 32.5433 0.8929 0 0.6235 0 0.7818 -0.623493 0 0.781829 0 -1 0
69.0866 -8.36731 32.5433 0.8929 1 0.6235 0 0.7818 -0.623493 0 0.781829 0 -1 0
80.1858 -8.36731 18.6254 0.8214 1 0.901 0 0.4339 -0.623493 -0 0.781829 0 -1 0
69.0866 34.0774 32.5433 0.1091 0.1883 0 1 0 0.00024341 0 -1 -1 0 -0.000610842
80.1858 34.0774 18.6254 0.2831 0.0495 0 1 0 0.00024341 0 -1 -1 0 -0.000610842
84.1471 34.0774 1.27008 0.5 0 0 1 0 0.00024341 0 -1 -1 0 -0.000610842
35.2462 34.0774 40.2672 0.0125 0.6113 0 1 0 0.0016005 0 -0.999999 -1 0 -0
53.048 34.0774 40.2672 0.0125 0.3887 0 1 0 0.0016005 0 -0.999999 -1 0 -0
69.0866 34.0774 32.5433 0.1091 0.1883 0 1 0 0.0016005 0 -0.999999 -1 0 -0
27.2229 34.0774 35.0734 0.0775 0.7116 0 1 0 0.00322087 -0 -0.999995 -0.999997 0 -0.00257224
25.842 34.0774 35.7384 0.0691 0.7288 0 1 0 0.00322087 -0 -0.999995 -0.999997 0 -0.00257224
35.2462 34.0774 40.2672 0.0125 0.6113 0 1 0 0.00322087 -0 -0.999995 -0.999997 0 -0.00257224
27.2229 34.0774 35.0734 0.0775 0.7116 0 1 0 0.000113445 0 -1 -1 -0 0.000113016
35.2462 34.0774 40.2672 0.0125 0.6113 0 1 0 0.000113445 0 -1 -1 -0 0.000113016
69.0866 34.0774 32.5433 0.1091 0.1883 0 1 0 0.000113445 0 -1 -1 -0 0.000113016
39.5261 34.0774 19.6456 0.2703 0.5578 0 1 0 -4.80918e-005 -0 -1 -1 0 3.83888e-005
27.2229 34.0774 35.0734 0.0775 0.7116 0 1 0 -4.80918e-005 -0 -1 -1 0 3.83888e-005
69.0866 34.0774 32.5433 0.1091 0.1883 0 1 0 -4.80918e-005 -0 -1 -1 0 3.83888e-005
43.9171 34.0774 0.40741 0.5108 0.5029 0 1 0 -5.11511e-005 -0 -1 -1 0 -8.72286e-005
39.5261 34.0774 19.6456 0.2703 0.5578 0 1 0 -5.11511e-005 -0 -1 -1 0 -8.72286e-005
69.0866 34.0774 32.5433 0.1091 0.1883 0 1 0 -5.11511e-005 -0 -1 -1 0 -8.72286e-005
35.2462 34.0774 -37.727 0.9875 0.6113 0 1 0 9.17862e-005 -0 -1 -1 0 -0.000689999
27.4507 34.0774 -33.9729 0.9405 0.7087 0 1 0 9.17862e-005 -0 -1 -1 0 -0.000689999
39.5262 34.0774 -18.8307 0.7513 0.5578 0 1 0 9.17862e-005 -0 -1 -1 0 -0.000689999
35.2462 34.0774 -37.727 0.9875 0.6113 0 1 0 -0.00719802 0 -0.999974 -0.997749 0 0.0670561
39.5262 34.0774 -18.8307 0.7513 0.5578 0 1 0 -0.00719802 0 -0.999974 -0.997749 0 0.0670561
43.9171 34.0774 0.40741 0.5108 0.5029 0 1 0 -0.00719802 0 -0.999974 -0.997749 0 0.0670561
35.2462 34.0774 -37.727 0.9875 0.6113 0 1 0 5.98458e-005 0 -1 -1 0 -6.7646e-005
43.9171 34.0774 0.40741 0.5108 0.5029 0 1 0 5.98458e-005 0 -1 -1 0 -6.7646e-005
69.0866 34.0774 32.5433 0.1091 0.1883 0 1 0 5.98458e-005 0 -1 -1 0 -6.7646e-005
69.0867 34.0774 -30.0032 0.8909 0.1883 0 1 0 -0.00161218 0 -0.999999 -1 0 0
53.048 34.0774 -37.727 0.9875 0.3887 0 1 0 -0.00161218 0 -0.999999 -1 0 0
35.2462 34.0774 -37.727 0.9875 0.6113 0 1 0 -0.00161218 0 -0.999999 -1 0 0
69.0867 34.0774 -30.0032 0.8909 0.1883 0 1 0 1.46376e-006 0 -1 -1 0 0.000132418
35.2462 34.0774 -37.727 0.9875 0.6113 0 1 0 1.46376e-006 0 -1 -1 0 0.000132418
69.0866 34.0774 32.5433 0.1091 0.1883 0 1 0 1.46376e-006 0 -1 -1 0 0.000132418
69.0867 34.0774 -30.0032 0.8909 0.1883 0 1 0 1.46376e-006 -0 -1 -1 0 -1.94392e-006
69.0866 34.0774 32.5433 0.1091 0.1883 0 1 0 1.46376e-006 -0 -1 -1 0 -1.94392e-006
84.1471 34.0774 1.27008 0.5 0 0 1 0 1.46376e-006 -0 -1 -1 0 -1.94392e-006
80.1858 34.0774 -16.0852 0.7169 0.0495 0 1 0 -0.000246046 -0 -1 -1 0 0.000588369
69.0867 34.0774 -30.0032 0.8909 0.1883 0 1 0 -0.000246046 -0 -1 -1 0 0.000588369
84.1471 34.0774 1.27008 0.5 0 0 1 0 -0.000246046 -0 -1 -1 0 0.000588369
69.0867 34.0774 -30.0032 0.6071 0 0.6235 0 -0.7818 0.623486 0 0.781834 0 -1 0
80.1858 34.0774 -16.0852 0.6786 0 0.901 0 -0.4339 0.623486 0 0.781834 0 -1 0
80.1858 -8.36731 -16.0852 0.6786 1 0.901 0 -0.4339 0.623486 0 0.781834 0 -1 0
69.0867 -8.36731 -30.0032 0.6071 1 0.6235 0 -0.7818 0.623486 -0 0.781834 0 -1 0
53.048 34.0774 -37.727 0.5357 0 0.2225 0 -0.9749 0.90097 0 0.433881 0 -1 0
69.0867 34.0774 -30.0032 0.6071 0 0.6235 0 -0.7818 0.90097 0 0.433881 0 -1 0
69.0867 -8.36731 -30.0032 0.6071 1 0.6235 0 -0.7818 0.90097 0 0.433881 0 -1 0
53.048 -8.36731 -37.727 0.5357 1 0.2225 0 -0.9749 0.90097 -0 0.433881 0 -1 0
35.2462 30.0064 -37.727 0.4643 0.0959 -0.2225 0 -0.9749 1 0 0 0 -1 0
35.2462 34.0774 -37.727 0.4643 0 -0.2225 0 -0.9749 1 0 0 0 -1 0
53.048 34.0774 -37.727 0.5357 0 0.2225 0 -0.9749 1 0 0 0 -1 0
38.0631 30.0064 -37.727 0.4756 0.0959 0 0 -1 1 -0 -0 -0.000693196 -1 -0
35.2462 30.0064 -37.727 0.4643 0.0959 -0.2225 0 -0.9749 1 -0 -0 -0.000693196 -1 -0
53.048 34.0774 -37.727 0.5357 0 0.2225 0 -0.9749 1 -0 -0 -0.000693196 -1 -0
38.0631 30.0064 -37.727 0.4756 0.0959 0 0 -1 1 3.58309e-005 0 0 -1 0
53.048 34.0774 -37.727 0.5357 0 0.2225 0 -0.9749 1 3.58309e-005 0 0 -1 0
53.048 -8.36731 -37.727 0.5357 1 0.2225 0 -0.9749 1 3.58309e-005 0 0 -1 0
38.0631 30.0064 -37.727 0.4756 0.0959 0 0 -1 1 0 0 0 -1 0
53.048 -8.36731 -37.727 0.5357 1 0.2225 0 -0.9749 1 0 0 0 -1 0
38.0631 -8.36731 -37.727 0.4756 1 0 0 -1 1 0 0 0 -1 0
35.2462 34.0774 40.2672 1.0357 0 -0.2225 0 0.9749 -1 0 0 0 -1 0
35.2462 33.4853 40.2672 1.0357 0.0139 -0.2225 0 0.9749 -1 0 0 0 -1 0
38.6428 33.4853 40.2672 1.0221 0.0139 0 0 1 -1 0 0 0 -1 0
53.048 34.0774 40.2672 0.9643 0 0.2225 0 0.9749 -1 0 0 0.00980391 -0.999952 0
35.2462 34.0774 40.2672 1.0357 0 -0.2225 0 0.9749 -1 0 0 0.00980391 -0.999952 0
38.6428 33.4853 40.2672 1.0221 0.0139 0 0 1 -1 0 0 0.00980391 -0.999952 0
53.048 34.0774 40.2672 0.9643 0 0.2225 0 0.9749 -1 -0.000149347 0 0 -1 0
38.6428 33.4853 40.2672 1.0221 0.0139 0 0 1 -1 -0.000149347 0 0 -1 0
38.6428 -8.36731 40.2672 1.0221 1 0 0 1 -1 -0.000149347 0 0 -1 0
53.048 34.0774 40.2672 0.9643 0 0.2225 0 0.9749 -1 0 0 0 -1 0
38.6428 -8.36731 40.2672 1.0221 1 0 0 1 -1 0 0 0 -1 0
53.048 -8.36731 40.2672 0.9643 1 0.2225 0 0.9749 -1 0 0 0 -1 0
69.0866 34.0774 32.5433 0.8929 0 0.6235 0 0.7818 -0.900967 0 0.433889 0 -1 0
53.048 34.0774 40.2672 0.9643 0 0.2225 0 0.9749 -0.900967 0 0.433889 0 -1 0
53.048 -8.36731 40.2672 0.9643 1 0.2225 0 0.9749 -0.900967 0 0.433889 0 -1 0
69.0866 -8.36731 32.5433 0.8929 1 0.6235 0 0.7818 -0.900967 -0 0.433889 0 -1 0
25.842 33.4853 35.7384 0.0776 0.0139 -0.4339 0 0.901 -0.900969 -0 -0.433883 0 -1 0
35.2462 33.4853 40.2672 0.0357 0.0139 -0.2225 0 0.9749 -0.900969 -0 -0.433883 0 -1 0
35.2462 34.0774 40.2672 0.0357 0 -0.2225 0 0.9749 -0.900969 -0 -0.433883 0 -1 0
25.842 34.0774 35.7384 0.0776 0 -0.4339 0 0.901 -0.900969 0 -0.433883 0 -1 0
27.4507 30.0064 -33.9729 0.4296 0.0959 -0.4339 0 -0.901 0.90097 0 -0.433881 0 -1 -0
27.4507 34.0774 -33.9729 0.4296 0 -0.4339 0 -0.901 0.90097 0 -0.433881 0 -1 -0
35.2462 34.0774 -37.727 0.4643 0 -0.2225 0 -0.9749 0.90097 0 -0.433881 0 -1 -0
35.2462 30.0064 -37.727 0.4643 0.0959 -0.2225 0 -0.9749 0.90097 0 -0.433881 0 -1 0
Index count: 924
0
1
2
2
3
0
4
5
6
6
7
4
8
9
10
11
12
13
14
15
16
17
18
19
20
21
22
23
24
25
26
27
28
29
30
31
32
33
34
35
36
37
38
39
40
41
42
43
44
45
46
47
48
49
50
51
52
53
54
55
56
57
58
59
60
61
62
63
64
65
66
67
68
69
70
70
71
68
72
73
74
74
75
72
76
77
78
79
80
81
82
83
84
85
86
87
88
89
90
90
91
88
92
93
94
94
95
92
96
97
98
98
99
96
100
101
102
102
103
100
104
105
106
107
108
109
110
111
112
113
114
115
116
117
118
118
119
116
120
121
122
122
123
120
124
125
126
127
128
129
130
131
132
133
134
135
136
137
138
139
140
141
142
143
144
145
146
147
148
149
150
151
152
153
154
155
156
157
158
159
160
161
162
163
164
165
166
167
168
168
169
166
170
171
172
172
173
170
174
175
176
177
178
179
180
181
182
183
184
185
186
187
188
189
190
191
192
193
194
195
196
197
198
199
200
201
202
203
204
205
206
207
208
209
210
211
212
213
214
215
216
217
218
218
219
216
220
221
222
223
224
225
226
227
228
229
230
231
232
233
234
235
236
237
238
239
240
241
242
243
244
245
246
247
248
249
250
251
252
253
254
255
256
257
258
259
260
261
262
263
264
264
265
262
266
267
268
269
270
271
272
273
274
275
276
277
278
279
280
281
282
283
284
285
286
287
288
289
290
291
292
293
294
295
296
297
298
299
300
301
302
303
304
304
305
302
306
307
308
308
309
306
310
311
312
312
313
310
314
315
316
316
317
314
318
319
320
320
321
318
322
323
324
324
325
322
326
327
328
328
329
326
330
331
332
333
334
335
336
337
338
339
340
341
342
343
344
344
345
342
346
347
348
348
349
346
350
351
352
352
353
350
354
355
356
356
357
354
358
359
360
360
361
358
362
363
364
364
365
362
366
367
368
368
369
366
370
371
372
373
374
375
376
377
378
379
380
381
382
383
384
385
386
387
388
389
390
391
392
384
393
394
395
395
396
393
397
398
399
399
400
397
401
402
403
403
404
401
405
406
407
407
408
405
409
410
411
411
412
409
413
414
415
415
416
413
417
418
419
420
421
422
423
424
425
426
427
428
429
430
431
432
433
434
435
436
437
438
439
440
441
442
443
444
445
446
447
448
449
450
451
452
453
454
455
456
457
458
459
460
461
462
463
464
465
466
467
468
469
470
471
472
473
474
475
476
477
478
479
480
481
482
483
484
485
486
487
488
489
490
491
492
493
494
495
496
497
498
499
500
501
502
503
503
504
501
505
506
507
508
509
510
511
512
513
514
515
516
517
518
519
520
521
522
523
524
525
526
527
528
529
530
531
532
533
534
535
536
537
538
539
540
541
542
543
544
545
546
547
548
549
550
551
552
552
553
550
554
555
556
557
558
559
560
561
562
563
564
565
566
567
568
568
569
566
570
571
572
572
573
570
574
575
576
577
578
579
580
581
582
583
584
585
586
587
588
589
590
591
592
593
594
595
596
597
598
599
600
600
601
598
602
603
604
604
605
602
606
607
608
609
610
611
612
613
614
615
616
617
618
619
620
620
621
618
622
623
624
624
625
622
626
627
628
628
629
626
630
631
632
633
634
635
636
637
638
639
640
641
642
643
644
645
646
647
648
649
650
651
652
653
654
655
656
657
658
659
660
661
662
663
664
665
666
667
668
668
669
666
670
671
672
672
673
670
674
675
676
676
677
674
678
679
680
680
681
678
682
683
684
684
685
682
686
687
688
689
690
691
692
693
694
695
696
697
698
699
700
701
702
703
704
705
706
707
708
709
710
711
712
713
714
715
716
717
718
719
720
721
722
723
724
725
726
727
728
729
730
730
731
728
732
733
734
735
736
737
738
739
740
741
742
743
744
745
746
747
748
749
750
751
752
753
754
755
756
757
758
759
760
761
762
763
764
765
766
767
768
769
770
771
772
773
773
774
771
775
776
777
777
778
775
779
780
781
782
783
784
785
786
787
788
789
790
791
792
793
794
795
796
797
798
799
800
801
802
803
804
805
805
806
803
807
808
809
809
810
807
811
812
813
813
814
811
