Vertex Count: 186
-11.6117 -4.5398 10.6441 0.9124 0.0876 -0 -1 -0 -1 0 0 0 0 -1
-11.6117 -4.5398 -10.6442 0.9124 0.9124 -0 -1 -0 -1 0 0 0 0 -1
11.6118 -4.5398 -10.6442 0.0876 0.9124 -0 -1 -0 -1 0 0 0 0 -1
11.6118 -4.5398 10.6441 0.0876 0.0876 -0 -1 0 -1 0 0 -0 0 -1
-11.6117 -1.1876 -10.6442 0.0876 0.9124 -0 1 0 1 0 0 0 0 -1
-11.6117 -1.1876 10.6441 0.0876 0.0876 -0 1 0 1 0 0 0 0 -1
11.6118 -1.1876 10.6441 0.9124 0.0876 -0 1 0 1 0 0 0 0 -1
11.6118 -1.1876 -10.6442 0.9124 0.9124 -0 1 0 1 0 0 0 0 -1
-11.6117 -1.1876 -12.9062 0.0876 0 0 0 -1 1 0 0 0 -1 0
11.6118 -1.1876 -12.9062 0.9124 0 0 0 -1 1 0 0 0 -1 0
11.6118 -4.5398 -12.9062 0.9124 1 0 0 -1 1 0 0 0 -1 0
-11.6117 -4.5398 -12.9062 0.0876 1 -0 -0 -1 1 -0 -0 0 -1 0
14.0794 -1.1876 -10.6442 0.0876 0 1 0 -0 0 0 1 0 -1 0
14.0794 -1.1876 10.6441 0.9124 0 1 0 -0 0 0 1 0 -1 0
14.0794 -4.5398 10.6441 0.9124 1 1 0 -0 0 0 1 0 -1 0
14.0794 -4.5398 -10.6442 0.0876 1 1 0 0 -0 -0 1 0 -1 0
11.6118 -1.1876 12.9061 0.0876 0 0 0 1 -1 0 0 0 -1 0
-11.6117 -1.1876 12.9061 0.9124 0 0 0 1 -1 0 0 0 -1 0
-11.6117 -4.5398 12.9061 0.9124 1 0 0 1 -1 0 0 0 -1 0
11.6118 -4.5398 12.9061 0.0876 1 -0 0 1 -1 -0 -0 0 -1 0
-14.0794 -1.1876 10.6441 0.0876 0 -1 -0 -0 0 0 -1 0 -1 0
-14.0794 -1.1876 -10.6442 0.9124 0 -1 -0 -0 0 0 -1 0 -1 0
-14.0794 -4.5398 -10.6442 0.9124 1 -1 -0 -0 0 0 -1 0 -1 0
-14.0794 -4.5398 10.6441 0.0876 1 -1 0 0 -0 -0 -1 0 -1 0
14.0794 -4.5398 -10.6442 0 0.9124 -0 -1 -0 -1 0 0 0 0 -1
14.0794 -4.5398 10.6441 0 0.0876 -0 -1 0 -1 0 0 -0 0 -1
-14.0794 -4.5398 10.6441 1 0.0876 -0 -1 0 -1 0 0 -0 0 -1
-14.0794 -4.5398 -10.6442 1 0.9124 -0 -1 -0 -1 0 0 0 0 -1
14.0794 -1.1876 10.6441 1 0.0876 -0 1 0 1 0 0 0 0 -1
14.0794 -1.1876 -10.6442 1 0.9124 -0 1 0 1 0 0 0 0 -1
-14.0794 -1.1876 -10.6442 0 0.9124 -0 1 0 1 0 0 0 0 -1
-14.0794 -1.1876 10.6441 0 0.0876 -0 1 0 1 0 0 0 0 -1
14.0794 -1.1876 -12.9062 1 0 0 0 -1 1 0 0 0 -1 0
14.0794 -4.5398 -12.9062 1 1 0 0 -1 1 0 0 0 -1 0
-14.0794 -4.5398 -12.9062 0 1 -0 -0 -1 1 -0 -0 0 -1 0
-14.0794 -1.1876 -12.9062 0 0 -0 -0 -1 1 -0 -0 0 -1 0
-14.0794 -1.1876 12.9061 1 0 0 0 1 -1 0 0 0 -1 0
-14.0794 -4.5398 12.9061 1 1 0 0 1 -1 0 0 0 -1 0
14.0794 -4.5398 12.9061 0 1 -0 0 1 -1 -0 -0 0 -1 0
14.0794 -1.1876 12.9061 0 0 -0 0 1 -1 -0 -0 0 -1 0
-11.6117 -4.5398 -12.9062 0.9124 1 -0 -1 -0 -1 0 0 0 0 -1
11.6118 -4.5398 -12.9062 0.0876 1 -0 -1 -0 -1 0 0 0 0 -1
11.6118 -4.5398 12.9061 0.0876 0 -0 -1 0 -1 0 0 -0 0 -1
-11.6117 -4.5398 12.9061 0.9124 0 -0 -1 0 -1 0 0 -0 0 -1
-11.6117 -1.1876 12.9061 0.0876 0 -0 1 0 1 0 0 0 0 -1
11.6118 -1.1876 12.9061 0.9124 0 -0 1 0 1 0 0 0 0 -1
11.6118 -1.1876 -12.9062 0.9124 1 -0 1 0 1 0 0 0 0 -1
-11.6117 -1.1876 -12.9062 0.0876 1 -0 1 0 1 0 0 0 0 -1
14.0794 -1.1876 12.9061 1 0 1 0 -0 0 0 1 0 -1 0
14.0794 -4.5398 12.9061 1 1 1 0 -0 0 0 1 0 -1 0
14.0794 -4.5398 -12.9062 0 1 1 0 0 -0 -0 1 0 -1 0
14.0794 -1.1876 -12.9062 0 0 1 0 0 -0 -0 1 0 -1 0
-14.0794 -1.1876 -12.9062 1 0 -1 -0 -0 0 0 -1 0 -1 0
-14.0794 -4.5398 -12.9062 1 1 -1 -0 -0 0 0 -1 0 -1 0
-14.0794 -4.5398 12.9061 0 1 -1 0 0 -0 -0 -1 0 -1 0
-14.0794 -1.1876 12.9061 0 0 -1 0 0 -0 -0 -1 0 -1 0
11.6118 -24.5266 -10.6442 0.0876 0.9124 -0 -1 -0 -1 0 0 0 0 -1
11.6118 -24.5266 -12.9062 0.0876 1 -0 -1 -0 -1 0 0 0 0 -1
14.0794 -24.5266 -12.9062 0 1 -0 -1 -0 -1 0 0 0 0 -1
14.0794 -24.5266 -10.6442 0 0.9124 -0 -1 0 -1 0 0 -0 0 -1
14.0794 -24.5266 10.6441 0 0.0876 -0 -1 0 -1 0 0 -0 0 -1
14.0794 -24.5266 12.9061 0 0 -0 -1 0 -1 0 0 -0 0 -1
11.6118 -24.5266 12.9061 0.0876 0 -0 -1 0 -1 0 0 -0 0 -1
11.6118 -24.5266 10.6441 0.0876 0.0876 -0 -1 -0 -1 0 0 0 0 -1
-11.6117 -24.5266 10.6441 0.9124 0.0876 -0 -1 0 -1 0 0 -0 0 -1
-11.6117 -24.5266 12.9061 0.9124 0 -0 -1 0 -1 0 0 -0 0 -1
-14.0794 -24.5266 12.9061 1 0 -0 -1 0 -1 0 0 -0 0 -1
-14.0794 -24.5266 10.6441 1 0.0876 -0 -1 -0 -1 0 0 0 0 -1
-14.0794 -24.5266 -10.6442 1 0.9124 -0 -1 -0 -1 0 0 0 0 -1
-14.0794 -24.5266 -12.9062 1 1 -0 -1 -0 -1 0 0 0 0 -1
-11.6117 -24.5266 -12.9062 0.9124 1 -0 -1 -0 -1 0 0 0 0 -1
-11.6117 -24.5266 -10.6442 0.9124 0.9124 -0 -1 0 -1 0 0 -0 0 -1
11.6118 24.5266 10.6441 0.9124 0.0876 -0 1 0 1 0 0 0 0 -1
11.6118 24.5266 12.9061 0.9124 0 -0 1 0 1 0 0 0 0 -1
14.0794 24.5266 12.9061 1 0 -0 1 0 1 0 0 0 0 -1
14.0794 24.5266 10.6441 1 0.0876 -0 1 0 1 0 0 0 0 -1
14.0794 -1.1876 -12.9062 1 1 -0 1 0 1 0 0 0 0 -1
-14.0794 -1.1876 -12.9062 0 1 -0 1 0 1 0 0 0 0 -1
-14.0794 24.5266 10.6441 0 0.0876 -0 1 0 1 0 0 0 0 -1
-14.0794 24.5266 12.9061 0 0 -0 1 0 1 0 0 0 0 -1
-11.6117 24.5266 12.9061 0.0876 0 -0 1 0 1 0 0 0 0 -1
-11.6117 24.5266 10.6441 0.0876 0.0876 -0 1 0 1 0 0 0 0 -1
11.6118 -24.5266 -12.9062 0.0876 1 0 0 0 0 0 0 0 1 0
11.6118 -4.5398 -12.9062 0.0876 1 0 0 0 0 0 0 0 1 0
14.0794 -4.5398 -12.9062 0 1 0 0 0 0 0 0 0 1 0
14.0794 -24.5266 -12.9062 0 1 0 -0 0 0 0 0 -0 1 0
11.6118 -24.5266 -10.6442 0.0876 0.9124 -0 0 0 0 1 0 0 0 -0
11.6118 -4.5398 -10.6442 0.0876 0.9124 -0 0 0 0 1 0 0 0 -0
11.6118 -4.5398 -12.9062 0.0876 1 -0 0 0 0 1 0 0 0 -0
11.6118 -24.5266 -12.9062 0.0876 1 0 0 -0 -0 1 -0 0 0 0
14.0794 -24.5266 -10.6442 0 0.9124 0 -0 0 0 0 0 -0 -1 0
14.0794 -4.5398 -10.6442 0 0.9124 0 -0 0 0 0 0 -0 -1 0
11.6118 -4.5398 -10.6442 0.0876 0.9124 0 -0 0 0 0 0 -0 -1 0
11.6118 -24.5266 -10.6442 0.0876 0.9124 0 0 -0 0 0 0 0 -1 0
14.0794 -24.5266 -12.9062 0 1 0 0 0 -0 -1 -0 0 0 0
14.0794 -4.5398 -12.9062 0 1 0 0 0 -0 -1 -0 0 0 0
14.0794 -4.5398 -10.6442 0 0.9124 0 0 0 -0 -1 -0 0 0 0
14.0794 -24.5266 -10.6442 0 0.9124 0 0 0 0 -1 0 0 0 -0
14.0794 -24.5266 10.6441 0 0.0876 0 0 0 -0 -1 -0 0 0 0
14.0794 -4.5398 10.6441 0 0.0876 0 0 0 -0 -1 -0 0 0 0
14.0794 -4.5398 12.9061 0 0 0 0 0 -0 -1 -0 0 0 0
14.0794 -24.5266 12.9061 0 0 0 0 0 0 -1 0 0 0 -0
11.6118 -24.5266 10.6441 0.0876 0.0876 0 0 0 0 0 0 0 1 0
11.6118 -4.5398 10.6441 0.0876 0.0876 0 0 0 0 0 0 0 1 0
14.0794 -4.5398 10.6441 0 0.0876 0 0 0 0 0 0 0 1 0
14.0794 -24.5266 10.6441 0 0.0876 0 -0 0 0 0 0 -0 1 0
11.6118 -24.5266 12.9061 0.0876 0 -0 0 0 0 1 0 0 0 -0
11.6118 -4.5398 12.9061 0.0876 0 -0 0 0 0 1 0 0 0 -0
11.6118 -4.5398 10.6441 0.0876 0.0876 -0 0 0 0 1 0 0 0 -0
11.6118 -24.5266 10.6441 0.0876 0.0876 0 0 -0 -0 1 -0 0 0 0
14.0794 -24.5266 12.9061 0 0 0 -0 0 0 0 0 -0 -1 0
14.0794 -4.5398 12.9061 0 0 0 -0 0 0 0 0 -0 -1 0
11.6118 -4.5398 12.9061 0.0876 0 0 -0 0 0 0 0 -0 -1 0
11.6118 -24.5266 12.9061 0.0876 0 0 0 -0 0 0 0 0 -1 0
-11.6117 -24.5266 12.9061 0.9124 0 0 -0 0 0 0 0 -0 -1 0
-11.6117 -4.5398 12.9061 0.9124 0 0 -0 0 0 0 0 -0 -1 0
-14.0794 -4.5398 12.9061 1 0 0 -0 0 0 0 0 -0 -1 0
-14.0794 -24.5266 12.9061 1 0 0 0 -0 0 0 0 0 -1 0
-11.6117 -24.5266 10.6441 0.9124 0.0876 0 0 0 -0 -1 -0 0 0 0
-11.6117 -4.5398 10.6441 0.9124 0.0876 0 0 0 -0 -1 -0 0 0 0
-11.6117 -4.5398 12.9061 0.9124 0 0 0 0 -0 -1 -0 0 0 0
-11.6117 -24.5266 12.9061 0.9124 0 0 0 0 0 -1 0 0 0 -0
-14.0794 -24.5266 10.6441 1 0.0876 0 0 0 0 0 0 0 1 0
-14.0794 -4.5398 10.6441 1 0.0876 0 0 0 0 0 0 0 1 0
-11.6117 -4.5398 10.6441 0.9124 0.0876 0 0 0 0 0 0 0 1 0
-11.6117 -24.5266 10.6441 0.9124 0.0876 0 -0 0 0 0 0 -0 1 0
-14.0794 -24.5266 12.9061 1 0 -0 0 0 0 1 0 0 0 -0
-14.0794 -4.5398 12.9061 1 0 -0 0 0 0 1 0 0 0 -0
-14.0794 -4.5398 10.6441 1 0.0876 -0 0 0 0 1 0 0 0 -0
-14.0794 -24.5266 10.6441 1 0.0876 0 0 -0 -0 1 -0 0 0 0
-14.0794 -24.5266 -10.6442 1 0.9124 -0 0 0 0 1 0 0 0 -0
-14.0794 -4.5398 -10.6442 1 0.9124 -0 0 0 0 1 0 0 0 -0
-14.0794 -4.5398 -12.9062 1 1 -0 0 0 0 1 0 0 0 -0
-14.0794 -24.5266 -12.9062 1 1 0 0 -0 -0 1 -0 0 0 0
-11.6117 -24.5266 -10.6442 0.9124 0.9124 0 -0 0 0 0 0 -0 -1 0
-11.6117 -4.5398 -10.6442 0.9124 0.9124 0 -0 0 0 0 0 -0 -1 0
-14.0794 -4.5398 -10.6442 1 0.9124 0 -0 0 0 0 0 -0 -1 0
-14.0794 -24.5266 -10.6442 1 0.9124 0 0 -0 0 0 0 0 -1 0
-11.6117 -24.5266 -12.9062 0.9124 1 0 0 0 -0 -1 -0 0 0 0
-11.6117 -4.5398 -12.9062 0.9124 1 0 0 0 -0 -1 -0 0 0 0
-11.6117 -4.5398 -10.6442 0.9124 0.9124 0 0 0 -0 -1 -0 0 0 0
-11.6117 -24.5266 -10.6442 0.9124 0.9124 0 0 0 0 -1 0 0 0 -0
-14.0794 -24.5266 -12.9062 1 1 0 0 0 0 0 0 0 1 0
-14.0794 -4.5398 -12.9062 1 1 0 0 0 0 0 0 0 1 0
-11.6117 -4.5398 -12.9062 0.9124 1 0 0 0 0 0 0 0 1 0
-11.6117 -24.5266 -12.9062 0.9124 1 0 -0 0 0 0 0 -0 1 0
11.6118 15.0123 12.9061 0.9124 0 0 0 0 0 0 0 0 1 0
11.6118 -1.1876 12.9061 0.9124 0 0 0 0 0 0 0 0 1 0
14.0794 -1.1876 12.9061 1 0 0 0 0 0 0 0 0 1 0
11.6118 24.5266 12.9061 0.9124 0 0 0 0 0 0 0 0 1 0
14.0794 24.5266 12.9061 1 0 -0 0 -0 -0 0 0 0 1 -0
11.6118 15.0123 12.9061 0.9124 0 0 0 -0 0 1 0 0 -0 0
11.6118 15.0123 10.6441 0.9124 0.0876 0 0 -0 0 1 0 0 -0 0
11.6118 -1.1876 10.6441 0.9124 0.0876 0 0 -0 0 1 0 0 -0 0
11.6118 -1.1876 12.9061 0.9124 0 0 0 0 0 1 0 0 0 0
14.0794 24.5266 10.6441 1 0.0876 0 0 -0 0 0 0 0 -1 0
14.0794 -1.1876 10.6441 1 0.0876 0 0 -0 0 0 0 0 -1 0
11.6118 -1.1876 10.6441 0.9124 0.0876 0 0 -0 0 0 0 0 -1 0
11.6118 15.0123 10.6441 0.9124 0.0876 0 0 -0 0 0 0 0 -1 0
11.6118 24.5266 10.6441 0.9124 0.0876 0 0 -0 0 0 0 0 -1 0
14.0794 24.5266 12.9061 1 0 0 0 0 0 -1 0 0 0 -0
14.0794 -1.1876 12.9061 1 0 0 0 0 0 -1 0 0 0 -0
14.0794 -1.1876 10.6441 1 0.0876 0 0 0 0 -1 0 0 0 -0
14.0794 24.5266 10.6441 1 0.0876 0 0 0 -0 -1 -0 0 0 0
-14.0794 24.5266 10.6441 0 0.0876 0 0 -0 -0 1 -0 0 0 0
-14.0794 -1.1876 10.6441 0 0.0876 0 0 -0 -0 1 -0 0 0 0
-14.0794 -1.1876 12.9061 0 0 0 0 -0 -0 1 -0 0 0 0
-14.0794 24.5266 12.9061 0 0 -0 0 0 0 1 0 0 0 -0
-11.6117 15.0123 10.6441 0.0876 0.0876 0 0 -0 0 0 0 0 -1 0
-11.6117 -1.1876 10.6441 0.0876 0.0876 0 0 -0 0 0 0 0 -1 0
-14.0794 -1.1876 10.6441 0 0.0876 0 0 -0 0 0 0 0 -1 0
-11.6117 24.5266 10.6441 0.0876 0.0876 0 0 -0 0 0 0 0 -1 0
-14.0794 24.5266 10.6441 0 0.0876 0 0 -0 0 0 0 0 -1 0
-11.6117 15.0123 10.6441 0.0876 0.0876 0 0 0 0 -1 0 0 -0 0
-11.6117 15.0123 12.9061 0.0876 0 0 0 0 0 -1 0 0 -0 0
-11.6117 -1.1876 12.9061 0.0876 0 0 0 0 0 -1 0 0 -0 0
-11.6117 -1.1876 10.6441 0.0876 0.0876 -0 0 0 0 -1 0 0 0 0
-14.0794 24.5266 12.9061 0 0 0 0 0 0 0 0 0 1 0
-14.0794 -1.1876 12.9061 0 0 0 0 0 0 0 0 0 1 0
-11.6117 -1.1876 12.9061 0.0876 0 0 0 0 0 0 0 0 1 0
-11.6117 15.0123 12.9061 0.0876 0 0 0 0 0 0 0 0 1 0
-11.6117 24.5266 12.9061 0.0876 0 0 0 0 0 0 0 0 1 0
-11.6117 15.0123 10.6441 0.0876 0.0876 0 1 0 1 0 0 -0 -0 -1
11.6118 15.0123 10.6441 0.9124 0.0876 0 1 0 1 0 0 -0 -0 -1
11.6118 15.0123 12.9061 0.9124 0 0 1 0 1 0 0 -0 -0 -1
-11.6117 15.0123 12.9061 0.0876 0 0 1 -0 1 -0 -0 -0 -0 -1

Index count: 360
0
1
2
2
3
0
4
5
6
6
7
4
8
9
10
10
11
8
12
13
14
14
15
12
16
17
18
18
19
16
20
21
22
22
23
20
3
2
24
24
25
3
1
0
26
26
27
1
7
6
28
28
29
7
5
4
30
30
31
5
9
32
33
33
10
9
11
34
35
35
8
11
17
36
37
37
18
17
19
38
39
39
16
19
1
40
41
41
2
1
3
42
43
43
0
3
5
44
45
45
6
5
7
46
47
47
4
7
13
48
49
49
14
13
15
50
51
51
12
15
21
52
53
53
22
21
23
54
55
55
20
23
56
57
58
58
59
56
60
61
62
62
63
60
64
65
66
66
67
64
68
69
70
70
71
68
72
73
74
74
75
72
29
76
46
46
7
29
4
47
77
77
30
4
78
79
80
80
81
78
82
83
84
84
85
82
86
87
88
88
89
86
90
91
92
92
93
90
94
95
96
96
97
94
98
99
100
100
101
98
102
103
104
104
105
102
106
107
108
108
109
106
110
111
112
112
113
110
114
115
116
116
117
114
118
119
120
120
121
118
122
123
124
124
125
122
126
127
128
128
129
126
130
131
132
132
133
130
134
135
136
136
137
134
138
139
140
140
141
138
142
143
144
144
145
142
146
147
148
149
146
148
150
149
148
151
152
153
153
154
151
155
156
157
158
159
155
158
155
157
160
161
162
162
163
160
164
165
166
166
167
164
168
169
170
171
168
170
172
171
170
173
174
175
175
176
173
177
178
179
180
181
177
180
177
179
80
73
72
72
81
80
180
146
149
149
181
180
182
183
184
184
185
182
171
159
158
158
168
171
