bounding box: -200 -150 -4.97879 200 150 4.97882
Material name: lion_hunter_1.mat
Vertex Count: 6
133 84 4.97882 1 0 0 -0 -1 1 0 0 0 -1 0
133 -84 4.97882 1 1 0 -0 -1 1 0 0 0 -1 0
37.0733 -84 4.97882 0.6394 1 0 -0 -1 1 0 0 0 -1 0
37.0733 84 4.97882 0.6394 0 0 -0 -1 1 0 0 0 -1 0
-133 84 4.97882 0 0 0 -0 -1 1 0 0 0 -1 0
-133 -84 4.97882 0 1 0 -0 -1 1 0 0 0 -1 0
Index count: 12
0
1
2
3
0
2
4
3
2
5
4
2
Material name: wallOldBrick.mat
Vertex Count: 52
133 150 -4.97879 2.685 0.52 0 -0 -1 1 -0 0 -0 1 -0
200 150 -4.97879 3.02 0.52 0 -0 -1 1 -0 0 -0 1 -0
200 84 -4.97879 3.02 0.19 0 -0 -1 1 -0 0 -0 1 -0
-133 -150 -4.97879 1.355 -0.98 0 -0 -1 1 -0 -0 -0 1 -0
-200 -150 -4.97879 1.02 -0.98 0 -0 -1 1 -0 -0 -0 1 -0
-200 -84 -4.97879 1.02 -0.65 0 -0 -1 1 -0 -0 -0 1 -0
133 -84 -4.97879 2.685 -0.65 0 -0 -1 1 -0 0 -0 1 -0
200 -84 -4.97879 3.02 -0.65 0 -0 -1 1 -0 0 -0 1 -0
200 -150 -4.97879 3.02 -0.98 0 -0 -1 1 -0 0 -0 1 -0
133 -150 -4.97879 2.685 -0.98 0 -0 -1 1 -0 -0 -0 1 -0
0 -84 -4.97879 2.02 -0.65 0 -0 -1 1 -0 0 -0 1 -0
0 -150 -4.97879 2.02 -0.98 0 -0 -1 1 -0 -0 -0 1 -0
-133 -84 -4.97879 1.355 -0.65 0 -0 -1 1 -0 0 -0 1 -0
-200 84 -4.97879 1.02 0.19 0 -0 -1 1 -0 -0 -0 1 -0
-133 84 -4.97879 1.355 0.19 0 -0 -1 1 -0 -0 -0 1 -0
-200 150 -4.97879 1.02 0.52 0 -0 -1 1 -0 -0 -0 1 -0
-133 150 -4.97879 1.355 0.52 0 -0 -1 1 -0 -0 -0 1 0
0 84 -4.97879 2.02 0.19 0 -0 -1 1 -0 -0 -0 1 -0
0 150 -4.97879 2.02 0.52 0 -0 -1 1 -0 -0 -0 1 0
133 84 -4.97879 2.685 0.19 0 -0 -1 1 -0 -0 -0 1 -0
37.0733 -84 4.97882 1.3668 0.4751 0 1 -0 1 0 0 -0.00133564 0 -0.999999
0 -84 -4.97879 1.1815 0.5249 0 1 -0 1 0 0 -0.00133564 0 -0.999999
-133 -84 -4.97879 0.5165 0.5249 0 1 -0 1 0 0 -0.00133564 0 -0.999999
-133 -84 -4.97879 0.5165 0.5249 0 1 -0 1 0 0 0 0 -1
-133 -84 4.97882 0.5165 0.4751 0 1 -0 1 0 0 0 0 -1
37.0733 -84 4.97882 1.3668 0.4751 0 1 -0 1 0 0 0 0 -1
133 -84 4.97882 1.8465 0.4751 0 1 -0 1 0 0 0 0 -1
133 -84 -4.97879 1.8465 0.5249 0 1 -0 1 0 0 0 0 -1
0 -84 -4.97879 1.1815 0.5249 0 1 -0 1 0 0 0 0 -1
0 -84 -4.97879 1.1815 0.5249 0 1 -0 1 0 0 -0.00185277 0 -0.999998
37.0733 -84 4.97882 1.3668 0.4751 0 1 -0 1 0 0 -0.00185277 0 -0.999998
133 -84 4.97882 1.8465 0.4751 0 1 -0 1 0 0 -0.00185277 0 -0.999998
133 84 4.97882 -0.1737 0.8567 -1 0 0 -0 0 1 0 1 0
133 84 -4.97879 -0.2235 0.8567 -1 0 0 -0 0 1 0 1 0
133 -84 -4.97879 -0.2235 0.0167 -1 0 0 -0 0 1 0 1 0
133 -84 4.97882 -0.1737 0.0167 -1 0 0 0 0 1 0 1 0
37.0733 84 4.97882 -0.0124 0.5249 0 -1 0 -1 -0 -0 -0.000672286 -0 1
0 84 -4.97879 0.173 0.4751 0 -1 0 -1 -0 -0 -0.000672286 -0 1
133 84 -4.97879 -0.492 0.4751 0 -1 0 -1 -0 -0 -0.000672286 -0 1
133 84 -4.97879 -0.492 0.4751 0 -1 0 -1 -0 -0 0 -0 1
133 84 4.97882 -0.492 0.5249 0 -1 0 -1 -0 -0 0 -0 1
37.0733 84 4.97882 -0.0124 0.5249 0 -1 0 -1 -0 -0 0 -0 1
-133 84 4.97882 0.838 0.5249 0 -1 0 -1 -0 -0 -0 -0 1
-133 84 -4.97879 0.838 0.4751 0 -1 0 -1 -0 -0 -0 -0 1
0 84 -4.97879 0.173 0.4751 0 -1 0 -1 -0 -0 -0 -0 1
0 84 -4.97879 0.173 0.4751 0 -1 0 -1 -0 -0 -0.000525718 0 1
37.0733 84 4.97882 -0.0124 0.5249 0 -1 0 -1 -0 -0 -0.000525718 0 1
-133 84 4.97882 0.838 0.5249 0 -1 0 -1 -0 -0 -0.000525718 0 1
-133 -84 4.97882 0.4723 0.2064 1 0 0 -0 -0 1 0 -1 0
-133 -84 -4.97879 0.4225 0.2064 1 0 0 -0 -0 1 0 -1 0
-133 84 -4.97879 0.4225 -0.6336 1 0 0 -0 -0 1 0 -1 0
-133 84 4.97882 0.4723 -0.6336 1 0 0 0 0 1 0 -1 0
Index count: 96
0
1
2
3
4
5
6
7
8
6
8
9
10
6
9
10
9
11
12
10
11
12
11
3
12
3
5
12
5
13
14
12
13
14
13
15
14
15
16
17
14
16
17
16
18
19
17
18
19
18
0
19
0
2
19
2
7
19
7
6
20
21
22
23
24
25
26
27
28
29
30
31
32
33
34
34
35
32
36
37
38
39
40
41
42
43
44
45
46
47
48
49
50
50
51
48
