Vertex Count: 307
-31.0063 -21.3076 17.2935 0.2695 0.9655 -0 -1 -0 -0 -0 1 -1 0 0
-31.0063 -21.3076 -16.7327 0.033 0.9655 -0 -1 -0 -0 -0 1 -1 0 0
30.5884 -21.3076 -16.7327 0.033 0.5373 -0 -1 -0 -0 -0 1 -1 0 0
30.5884 -21.3076 17.2935 0.2695 0.5373 0 -1 0 0 0 1 -1 0 0
-35.8965 25.1527 -2.5458 0.4554 0.4996 0 1 -0.00047686 -0 -0.00047686 -1 -1 0 0
-35.8965 25.1557 3.7419 0.4117 0.4996 0 1 -0.00047686 -0 -0.00047686 -1 -1 0 0
35.8965 25.1557 3.7419 0.4117 0.000500023 0 1 -0.00047686 -0 -0.00047686 -1 -1 0 0
35.8965 25.1527 -2.5458 0.4554 0.000500023 0 1 -0.00047686 0 -0.00047686 -1 -1 0 0
-2.0815 1.5497 -22.5442 0.4089 0.7644 0 -0 -1 -0.00119578 -0.999999 0 -0.999999 0.0010366 -0
3.7114 1.5868 -22.5442 0.4086 0.7242 0 -0 -1 -0.00119578 -0.999999 0 -0.999999 0.0010366 -0
3.2611 -1.4158 -22.5442 0.4295 0.7273 0 -0 -1 -0.00119578 -0.999999 0 -0.999999 0.0010366 -0
3.2611 -1.4158 -22.5442 0.4295 0.7273 -0 -0 -1 0.000606022 -1 0 -1 0 0
-1.7342 -1.4158 -22.5442 0.4295 0.762 -0 -0 -1 0.000606022 -1 0 -1 0 0
-2.0815 1.5497 -22.5442 0.4089 0.7644 -0 -0 -1 0.000606022 -1 0 -1 0 0
35.8965 7.9147 22.6049 0.5954 0.8797 1 0 0 0 0 -1 0 1 -0
35.8965 -21.3076 22.6049 0.5954 0.6765 1 0 0 0 0 -1 0 1 -0
35.8965 -21.3076 17.2935 0.6323 0.6765 1 0 0 0 0 -1 0 1 -0
35.8965 7.9147 22.6049 0.5954 0.8797 1 -0 0 0 0 -1 0 1 8.38992e-005
35.8965 -21.3076 17.2935 0.6323 0.6765 1 -0 0 0 0 -1 0 1 8.38992e-005
35.8965 -21.3076 -16.7327 0.8688 0.6765 1 -0 0 0 0 -1 0 1 8.38992e-005
35.8965 -21.3076 -16.7327 0.8688 0.6765 1 -0 0 0 0 -1 0 1 0
35.8965 -21.3076 -21.4089 0.9013 0.6765 1 -0 0 0 0 -1 0 1 0
35.8965 16.8582 18.7584 0.6221 0.9418 1 0 0 0 0.000743908 -1 -0 1 -0.000418853
35.8965 7.9147 22.6049 0.5954 0.8797 1 0 0 0 0.000743908 -1 -0 1 -0.000418853
35.8965 -21.3076 -21.4089 0.9013 0.6765 1 0 0 0 0.000743908 -1 -0 1 -0.000418853
35.8965 23.1075 10.0295 0.6828 0.9853 1 0 0 0 -0.000559305 -1 -0 1 0.000257088
35.8965 16.8582 18.7584 0.6221 0.9418 1 0 0 0 -0.000559305 -1 -0 1 0.000257088
35.8965 -21.3076 -21.4089 0.9013 0.6765 1 0 0 0 -0.000559305 -1 -0 1 0.000257088
35.8965 25.1557 3.7419 0.7265 0.9995 1 0 0 0 0.000749864 -1 -0 1 7.786e-006
35.8965 23.1075 10.0295 0.6828 0.9853 1 0 0 0 0.000749864 -1 -0 1 7.786e-006
35.8965 -21.3076 -21.4089 0.9013 0.6765 1 0 0 0 0.000749864 -1 -0 1 7.786e-006
35.8965 22.7565 -8.8335 0.8139 0.9828 1 -0 0 0 -0.000476853 -1 0 1 0
35.8965 25.1527 -2.5458 0.7702 0.9995 1 -0 0 0 -0.000476853 -1 0 1 0
35.8965 25.1557 3.7419 0.7265 0.9995 1 -0 0 0 -0.000476853 -1 0 1 0
35.8965 22.7565 -8.8335 0.8139 0.9828 1 0 0 -0 0.000272914 -1 -0 1 -1.96417e-007
35.8965 25.1557 3.7419 0.7265 0.9995 1 0 0 -0 0.000272914 -1 -0 1 -1.96417e-007
35.8965 -21.3076 -21.4089 0.9013 0.6765 1 0 0 -0 0.000272914 -1 -0 1 -1.96417e-007
35.8965 16.1522 -17.164 0.8718 0.9369 1 0 -0 -0 -0.000179863 -1 -0 1 1.51646e-005
35.8965 22.7565 -8.8335 0.8139 0.9828 1 0 -0 -0 -0.000179863 -1 -0 1 1.51646e-005
35.8965 -21.3076 -21.4089 0.9013 0.6765 1 0 -0 -0 -0.000179863 -1 -0 1 1.51646e-005
35.8965 7.9147 -21.4089 0.9013 0.8797 1 0 -0 -0 -0.00271818 -0.999996 -0 1 -0
35.8965 16.1522 -17.164 0.8718 0.9369 1 0 -0 -0 -0.00271818 -0.999996 -0 1 -0
35.8965 -21.3076 -21.4089 0.9013 0.6765 1 0 -0 -0 -0.00271818 -0.999996 -0 1 -0
-35.8965 7.9147 22.6049 0.0627 0.000500023 -0 0 1 0 -1 0 1 0 0
-35.8965 -21.3076 22.6049 0.2658 0.000500023 -0 0 1 0 -1 0 1 0 0
-31.0063 -21.3076 22.6049 0.2658 0.0345 -0 0 1 0 -1 0 1 0 0
-35.8965 7.9147 22.6049 0.0627 0.000500023 -0 0 1 -1.8806e-005 -1 0 1 0 0
-31.0063 -21.3076 22.6049 0.2658 0.0345 -0 0 1 -1.8806e-005 -1 0 1 0 0
30.5884 -21.3076 22.6049 0.2658 0.4627 -0 0 1 -1.8806e-005 -1 0 1 0 0
-35.8965 7.9147 22.6049 0.0627 0.000500023 -0 0 1 -9.90552e-005 -1 0 1 0 0
30.5884 -21.3076 22.6049 0.2658 0.4627 -0 0 1 -9.90552e-005 -1 0 1 0 0
35.8965 -21.3076 22.6049 0.2658 0.4996 -0 0 1 -9.90552e-005 -1 0 1 0 0
35.8965 7.9147 22.6049 0.0627 0.4996 0 0 1 0 -1 0 1 -0 0
35.8965 -21.3076 22.6049 0.2658 0.4996 0 0 1 0 -1 0 1 -0 0
-35.8965 7.9147 -21.4089 0.5954 0.5286 -1 0 0 0 0 1 0 1 0
-35.8965 -21.3076 -21.4089 0.5954 0.3254 -1 0 0 0 0 1 0 1 0
-35.8965 -21.3076 -16.7327 0.6279 0.3254 -1 0 0 0 0 1 0 1 0
-35.8965 7.9147 -21.4089 0.5954 0.5286 -1 0 0 0 0 1 0 1 -1.02632e-005
-35.8965 -21.3076 -16.7327 0.6279 0.3254 -1 0 0 0 0 1 0 1 -1.02632e-005
-35.8965 -21.3076 17.2935 0.8644 0.3254 -1 0 0 0 0 1 0 1 -1.02632e-005
-35.8965 7.9147 -21.4089 0.5954 0.5286 -1 0 0 0 0 1 0 1 0.000602291
-35.8965 -21.3076 17.2935 0.8644 0.3254 -1 0 0 0 0 1 0 1 0.000602291
-35.8965 -21.3076 22.6049 0.9013 0.3254 -1 0 0 0 0 1 0 1 0.000602291
-35.8965 16.1522 -17.164 0.6249 0.5858 -1 -0 0 0 0.000693498 1 -0 1 3.10544e-005
-35.8965 7.9147 -21.4089 0.5954 0.5286 -1 -0 0 0 0.000693498 1 -0 1 3.10544e-005
-35.8965 -21.3076 22.6049 0.9013 0.3254 -1 -0 0 0 0.000693498 1 -0 1 3.10544e-005
-35.8965 22.7565 -8.8335 0.6828 0.6318 -1 0 0 0 -0.000848285 1 -0 1 -1.69218e-005
-35.8965 16.1522 -17.164 0.6249 0.5858 -1 0 0 0 -0.000848285 1 -0 1 -1.69218e-005
-35.8965 -21.3076 22.6049 0.9013 0.3254 -1 0 0 0 -0.000848285 1 -0 1 -1.69218e-005
-35.8965 25.1557 3.7419 0.7702 0.6484 -1 0 -0 -0 0.00047686 1 0 1 -3.41956e-006
-35.8965 25.1527 -2.5458 0.7265 0.6484 -1 0 -0 -0 0.00047686 1 0 1 -3.41956e-006
-35.8965 22.7565 -8.8335 0.6828 0.6318 -1 0 -0 -0 0.00047686 1 0 1 -3.41956e-006
-35.8965 23.1075 10.0295 0.8139 0.6342 -1 0 -0 -0 0.000242442 1 0 1 2.93973e-005
-35.8965 25.1557 3.7419 0.7702 0.6484 -1 0 -0 -0 0.000242442 1 0 1 2.93973e-005
-35.8965 22.7565 -8.8335 0.6828 0.6318 -1 0 -0 -0 0.000242442 1 0 1 2.93973e-005
-35.8965 23.1075 10.0295 0.8139 0.6342 -1 0 0 0 0.00030639 1 -0 1 -1.46631e-006
-35.8965 22.7565 -8.8335 0.6828 0.6318 -1 0 0 0 0.00030639 1 -0 1 -1.46631e-006
-35.8965 -21.3076 22.6049 0.9013 0.3254 -1 0 0 0 0.00030639 1 -0 1 -1.46631e-006
-35.8965 16.8582 18.7584 0.8746 0.5908 -1 -0 -0 -0 -0.0010092 0.999999 -0 1 -0.000195722
-35.8965 23.1075 10.0295 0.8139 0.6342 -1 -0 -0 -0 -0.0010092 0.999999 -0 1 -0.000195722
-35.8965 -21.3076 22.6049 0.9013 0.3254 -1 -0 -0 -0 -0.0010092 0.999999 -0 1 -0.000195722
-35.8965 7.9147 22.6049 0.9013 0.5286 -1 0 0 -0 0.000394716 1 -0 1 0
-35.8965 16.8582 18.7584 0.8746 0.5908 -1 0 0 -0 0.000394716 1 -0 1 0
-35.8965 -21.3076 22.6049 0.9013 0.3254 -1 0 0 -0 0.000394716 1 -0 1 0
-35.8965 16.8582 18.7584 0.0005 0.000500023 -0 0.395097 0.91864 0 -0.918639 0.395097 1 0 0
-35.8965 7.9147 22.6049 0.0627 0.000500023 -0 0.395097 0.91864 0 -0.918639 0.395097 1 0 0
35.8965 7.9147 22.6049 0.0627 0.4996 -0 0.395097 0.91864 0 -0.918639 0.395097 1 0 0
35.8965 16.8582 18.7584 0.0005 0.4996 -0 0.395097 0.91864 0 -0.918639 0.395097 1 0 0
-35.8965 23.1075 10.0295 0.368 0.4996 0 0.8131 0.582124 -0 0.582124 -0.8131 -1 0 0
-35.8965 16.8582 18.7584 0.3073 0.4996 0 0.8131 0.582124 -0 0.582124 -0.8131 -1 0 0
35.8965 16.8582 18.7584 0.3073 0.000500023 0 0.8131 0.582124 -0 0.582124 -0.8131 -1 0 0
35.8965 23.1075 10.0295 0.368 0.000500023 0 0.8131 0.582124 0 0.582124 -0.8131 -1 0 0
-35.8965 25.1557 3.7419 0.4117 0.4996 0 0.950824 0.309733 -0 0.309733 -0.950824 -1 0 0
-35.8965 23.1075 10.0295 0.368 0.4996 0 0.950824 0.309733 -0 0.309733 -0.950824 -1 0 0
35.8965 23.1075 10.0295 0.368 0.000500023 0 0.950824 0.309733 -0 0.309733 -0.950824 -1 0 0
35.8965 25.1557 3.7419 0.4117 0.000500023 0 0.950824 0.309733 0 0.309733 -0.950824 -1 0 0
-1.2905 15.1384 -18.9455 0.3144 0.7589 0 0.461544 -0.887117 0.000798458 -0.887117 -0.461544 -1 -0 -0
2.8386 15.1384 -18.9455 0.3144 0.7302 0 0.461544 -0.887117 0.000798458 -0.887117 -0.461544 -1 -0 -0
4.3268 8.1048 -22.6049 0.3633 0.7199 0 0.461544 -0.887117 0.000798458 -0.887117 -0.461544 -1 -0 -0
4.3268 8.1048 -22.6049 0.3633 0.7199 -0.000993024 0.46092 -0.887441 0.000759903 -0.887441 -0.460921 -0.999999 0.000275926 0.00126228
-2.565 8.1067 -22.5962 0.3633 0.7678 -0.000993024 0.46092 -0.887441 0.000759903 -0.887441 -0.460921 -0.999999 0.000275926 0.00126228
-1.2905 15.1384 -18.9455 0.3144 0.7589 -0.000993024 0.46092 -0.887441 0.000759903 -0.887441 -0.460921 -0.999999 0.000275926 0.00126228
-2.4926 22.7565 -8.8335 0.4991 0.2674 0 0.783619 -0.621242 0 -0.621242 -0.783619 -1 -0 -0
4.0093 22.7565 -8.8335 0.4991 0.2222 0 0.783619 -0.621242 0 -0.621242 -0.783619 -1 -0 -0
4.0093 16.1522 -17.164 0.5571 0.2222 0 0.783619 -0.621242 0 -0.621242 -0.783619 -1 -0 -0
-2.4926 16.1522 -17.164 0.5571 0.2674 0 0.783619 -0.621242 0 -0.621242 -0.783619 -1 0 0
35.8965 25.1527 -2.5458 0.4554 0.000500023 0 0.934444 -0.356111 0 -0.356111 -0.934444 -1 0 0
35.8965 22.7565 -8.8335 0.4991 0.000500023 0 0.934444 -0.356111 0 -0.356111 -0.934444 -1 0 0
4.0093 22.7565 -8.8335 0.4991 0.2222 0 0.934444 -0.356111 0 -0.356111 -0.934444 -1 0 0
35.8965 25.1527 -2.5458 0.4554 0.000500023 0 0.934444 -0.356111 0.000551868 -0.356111 -0.934444 -1 0 0
4.0093 22.7565 -8.8335 0.4991 0.2222 0 0.934444 -0.356111 0.000551868 -0.356111 -0.934444 -1 0 0
-2.4926 22.7565 -8.8335 0.4991 0.2674 0 0.934444 -0.356111 0.000551868 -0.356111 -0.934444 -1 0 0
35.8965 25.1527 -2.5458 0.4554 0.000500023 0 0.934444 -0.356111 0.000994917 -0.35611 -0.934443 -1 0 0
-2.4926 22.7565 -8.8335 0.4991 0.2674 0 0.934444 -0.356111 0.000994917 -0.35611 -0.934443 -1 0 0
-35.8965 22.7565 -8.8335 0.4991 0.4996 0 0.934444 -0.356111 0.000994917 -0.35611 -0.934443 -1 0 0
35.8965 25.1527 -2.5458 0.4554 0.000500023 0 0.934444 -0.356111 0 -0.356111 -0.934444 -1 0 0
-35.8965 22.7565 -8.8335 0.4991 0.4996 0 0.934444 -0.356111 0 -0.356111 -0.934444 -1 0 0
-35.8965 25.1527 -2.5458 0.4554 0.4996 0 0.934444 -0.356111 0 -0.356111 -0.934444 -1 0 0
35.8965 -21.3076 -16.7327 0.033 0.5004 -0 -1 -0 -0 -0 1 -1 0 0
35.8965 -21.3076 17.2935 0.2695 0.5004 0 -1 0 0 0 1 -1 0 0
-35.8965 -21.3076 17.2935 0.2695 0.9995 0 -1 0 0 0 1 -1 0 0
-35.8965 -21.3076 -16.7327 0.033 0.9995 -0 -1 -0 -0 -0 1 -1 0 0
-31.0063 -21.3076 -21.4089 0.0005 0.9655 -0 -1 -0 -0 -0 1 -1 0 0
-2.4925 -21.3076 -21.4089 0.0005 0.7673 -0 -1 -0 -0 -0 1 -1 0 0
-31.0063 -21.3076 -16.7327 0.033 0.9655 0 -1 0 0.00240095 0 0.999997 -1 0 0
-2.4925 -21.3076 -21.4089 0.0005 0.7673 0 -1 0 0.00240095 0 0.999997 -1 0 0
3.84 -21.3076 -21.4089 0.0005 0.7233 0 -1 0 0.00240095 0 0.999997 -1 0 0
-31.0063 -21.3076 -16.7327 0.033 0.9655 0 -1 0 -0.00339025 0 0.999994 -1 0 0
3.84 -21.3076 -21.4089 0.0005 0.7233 0 -1 0 -0.00339025 0 0.999994 -1 0 0
30.5884 -21.3076 -21.4089 0.0005 0.5373 0 -1 0 -0.00339025 0 0.999994 -1 0 0
30.5884 -21.3076 -21.4089 0.0005 0.5373 0 -1 0 0 0 1 -1 -0 0
30.5884 -21.3076 22.6049 0.3065 0.5373 0 -1 0 0 0 1 -1 0 0
-31.0063 -21.3076 22.6049 0.3065 0.9655 0 -1 0 0 0 1 -1 0 0
30.5884 -25.1557 -16.7327 0.9352 0.9341 -0 -1 -0 -0 -0 1 -1 0 0
30.5884 -25.1557 -21.4089 0.9027 0.9341 -0 -1 -0 -0 -0 1 -1 0 0
35.8965 -25.1557 -21.4089 0.9027 0.8972 -0 -1 -0 -0 -0 1 -1 0 0
35.8965 -25.1557 -16.7327 0.9352 0.8972 0 -1 0 0 0 1 -1 0 0
35.8965 -25.1557 17.2935 0.5954 0.2974 -0 -1 0 -1 0 0 -0 0 -1
35.8965 -25.1557 22.6049 0.5954 0.2604 -0 -1 0 -1 0 0 -0 0 -1
30.5884 -25.1557 22.6049 0.6323 0.2604 -0 -1 0 -1 0 0 -0 0 -1
30.5884 -25.1557 17.2935 0.6323 0.2974 -0 -1 -0 -1 0 0 0 0 -1
-31.0063 -25.1557 17.2935 0.9027 0.6484 -0 -1 0 -1 0 0 -0 0 -1
-31.0063 -25.1557 22.6049 0.9027 0.6115 -0 -1 0 -1 0 0 -0 0 -1
-35.8965 -25.1557 22.6049 0.9367 0.6115 -0 -1 0 -1 0 0 -0 0 -1
-35.8965 -25.1557 17.2935 0.9367 0.6484 -0 -1 -0 -1 0 0 0 0 -1
-35.8965 -25.1557 -16.7327 0.9617 0.9995 -0 -1 -0 -0 -0 1 -1 0 0
-35.8965 -25.1557 -21.4089 0.9292 0.9995 -0 -1 -0 -0 -0 1 -1 0 0
-31.0063 -25.1557 -21.4089 0.9292 0.9655 -0 -1 -0 -0 -0 1 -1 0 0
-31.0063 -25.1557 -16.7327 0.9617 0.9655 0 -1 0 0 0 1 -1 0 0
30.5884 -25.1557 -21.4089 0.5945 0.5373 0 0 -1 -0 -1 -0 -1 0 0
30.5884 -21.3076 -21.4089 0.5677 0.5373 0 0 -1 -0 -1 -0 -1 0 0
35.8965 -21.3076 -21.4089 0.5677 0.5004 0 0 -1 -0 -1 -0 -1 0 0
35.8965 -25.1557 -21.4089 0.5945 0.5004 -0 -0 -1 0 -1 0 -1 0 0
30.5884 -25.1557 -16.7327 0.9893 0.9995 -1 0 0 -0 -1 0 0 0 1
30.5884 -21.3076 -16.7327 0.9626 0.9995 -1 0 0 -0 -1 0 0 0 1
30.5884 -21.3076 -21.4089 0.9626 0.967 -1 0 0 -0 -1 0 0 0 1
30.5884 -25.1557 -21.4089 0.9893 0.967 -1 0 0 0 -1 0 0 0 1
35.8965 -25.1557 -16.7327 0.9294 0.6102 0 -0 1 0 -1 -0 1 0 0
35.8965 -21.3076 -16.7327 0.9027 0.6102 0 -0 1 0 -1 -0 1 0 0
30.5884 -21.3076 -16.7327 0.9027 0.5733 0 -0 1 0 -1 -0 1 0 0
30.5884 -25.1557 -16.7327 0.9294 0.5733 -0 0 1 0 -1 0 1 0 0
35.8965 -25.1557 -21.4089 0.9013 0.6498 1 -0 0 0 0 -1 0 1 0
35.8965 -25.1557 -16.7327 0.8688 0.6498 1 0 0 0 0 -1 0 1 -0
35.8965 -25.1557 17.2935 0.6323 0.6498 1 -0 0 0 0 -1 0 1 0
35.8965 -25.1557 22.6049 0.5954 0.6498 1 0 0 0 0 -1 0 1 -0
30.5884 -25.1557 17.2935 0.9648 0.6484 0 0 -1 -0 -1 -0 -1 0 0
30.5884 -21.3076 17.2935 0.938 0.6484 0 0 -1 -0 -1 -0 -1 0 0
35.8965 -21.3076 17.2935 0.938 0.6115 0 0 -1 -0 -1 -0 -1 0 0
35.8965 -25.1557 17.2935 0.9648 0.6115 -0 -0 -1 0 -1 0 -1 0 0
30.5884 -25.1557 22.6049 0.6604 0.2974 -1 0 0 -0 -1 0 0 0 1
30.5884 -21.3076 22.6049 0.6336 0.2974 -1 0 0 -0 -1 0 0 0 1
30.5884 -21.3076 17.2935 0.6336 0.2604 -1 0 0 -0 -1 0 0 0 1
30.5884 -25.1557 17.2935 0.6604 0.2604 -1 0 0 0 -1 0 0 0 1
35.8965 -25.1557 22.6049 0.2926 0.4996 0 -0 1 0 -1 -0 1 0 0
30.5884 -21.3076 22.6049 0.2658 0.4627 0 -0 1 0 -1 -0 1 0 0
30.5884 -25.1557 22.6049 0.2926 0.4627 -0 0 1 0 -1 0 1 0 0
-31.0063 -25.1557 22.6049 0.2926 0.0345 0 -0 1 0 -1 -0 1 0 0
-35.8965 -25.1557 22.6049 0.2926 0.000500023 -0 0 1 0 -1 0 1 0 0
-31.0063 -25.1557 17.2935 0.6221 0.2591 1 -0 0 -0 -1 -0 0 0 -1
-31.0063 -21.3076 17.2935 0.5954 0.2591 1 -0 0 -0 -1 -0 0 0 -1
-31.0063 -21.3076 22.6049 0.5954 0.2222 1 -0 0 -0 -1 -0 0 0 -1
-31.0063 -25.1557 22.6049 0.6221 0.2222 1 0 0 0 -1 0 0 0 -1
-35.8965 -25.1557 17.2935 0.9628 0.9341 0 0 -1 -0 -1 -0 -1 0 0
-35.8965 -21.3076 17.2935 0.9361 0.9341 0 0 -1 -0 -1 -0 -1 0 0
-31.0063 -21.3076 17.2935 0.9361 0.9001 0 0 -1 -0 -1 -0 -1 0 0
-31.0063 -25.1557 17.2935 0.9628 0.9001 -0 -0 -1 0 -1 0 -1 0 0
-35.8965 -25.1557 22.6049 0.9013 0.2987 -1 0 0 0 0 1 0 1 0
-35.8965 -21.3076 22.6049 0.9013 0.3254 -1 0 0 0 0 1 0 1 0
-35.8965 -21.3076 17.2935 0.8644 0.3254 -1 0 0 0 0 1 0 1 0
-35.8965 -25.1557 17.2935 0.8644 0.2987 -1 0 0 0 0 1 0 1 0
-35.8965 -25.1557 -16.7327 0.6279 0.2987 -1 0 0 0 0 1 0 1 0
-35.8965 -25.1557 -21.4089 0.5954 0.2987 -1 0 0 0 0 1 0 1 0
-31.0063 -25.1557 -16.7327 0.9294 0.8963 0 -0 1 0 -1 -0 1 0 0
-31.0063 -21.3076 -16.7327 0.9027 0.8963 0 -0 1 0 -1 -0 1 0 0
-35.8965 -21.3076 -16.7327 0.9027 0.8623 0 -0 1 0 -1 -0 1 0 0
-35.8965 -25.1557 -16.7327 0.9294 0.8623 -0 0 1 0 -1 0 1 0 0
-31.0063 -25.1557 -21.4089 0.6221 0.2213 1 -0 0 -0 -1 -0 0 0 -1
-31.0063 -21.3076 -21.4089 0.5954 0.2213 1 -0 0 -0 -1 -0 0 0 -1
-31.0063 -21.3076 -16.7327 0.5954 0.1888 1 -0 0 -0 -1 -0 0 0 -1
-31.0063 -25.1557 -16.7327 0.6221 0.1888 1 0 0 0 -1 0 0 0 -1
-35.8965 -25.1557 -21.4089 0.5945 0.9995 0 0 -1 -0 -1 -0 -1 0 0
-35.8965 -21.3076 -21.4089 0.5677 0.9995 0 0 -1 -0 -1 -0 -1 0 0
-31.0063 -21.3076 -21.4089 0.5677 0.9655 0 0 -1 -0 -1 -0 -1 0 0
-31.0063 -25.1557 -21.4089 0.5945 0.9655 -0 -0 -1 0 -1 0 -1 0 0
35.8965 7.9147 -21.4089 0.3646 0.5004 -0 -0 -1 0 -1 0 -1 0 0
35.8965 7.9147 -21.4089 0.3646 0.5004 -0 0 -1 -5.35366e-005 -1 0 -1 0 0
30.5884 -21.3076 -21.4089 0.5677 0.5373 -0 0 -1 -5.35366e-005 -1 0 -1 0 0
3.84 -21.3076 -21.4089 0.5677 0.7233 -0 0 -1 -5.35366e-005 -1 0 -1 0 0
5.1124 1.1753 -21.4089 0.4115 0.7144 -0 0 -1 -0.000494216 -1 0 -1 0 0
5.7486 7.9147 -21.4089 0.3646 0.71 -0 0 -1 -0.000494216 -1 0 -1 0 0
35.8965 7.9147 -21.4089 0.3646 0.5004 -0 0 -1 -0.000494216 -1 0 -1 0 0
4.4762 -3.0671 -21.4089 0.4409 0.7189 -0 -0 -1 0.00271299 -0.999996 0 -1 0.000948741 0
5.1124 1.1753 -21.4089 0.4115 0.7144 -0 -0 -1 0.00271299 -0.999996 0 -1 0.000948741 0
35.8965 7.9147 -21.4089 0.3646 0.5004 -0 -0 -1 0.00271299 -0.999996 0 -1 0.000948741 0
4.4762 -3.0671 -21.4089 0.4409 0.7189 0 -0 -1 -0.000193 -1 0 -1 -0.000188679 -0
35.8965 7.9147 -21.4089 0.3646 0.5004 0 -0 -1 -0.000193 -1 0 -1 -0.000188679 -0
3.84 -21.3076 -21.4089 0.5677 0.7233 0 -0 -1 -0.000193 -1 0 -1 -0.000188679 -0
-35.8965 7.9147 -21.4089 0.3646 0.9995 0 0 -1 -0 -1 -0 -1 0 0
-3.9833 7.9147 -21.4089 0.3646 0.7777 0 0 -1 -0 -1 -0 -1 0 0
-31.0063 -21.3076 -21.4089 0.5677 0.9655 0 0 -1 -0.00040464 -1 -0 -1 0 0
-35.8965 -21.3076 -21.4089 0.5677 0.9995 0 0 -1 -0.00040464 -1 -0 -1 0 0
-3.9833 7.9147 -21.4089 0.3646 0.7777 0 0 -1 -0.00040464 -1 -0 -1 0 0
-2.9894 -3.0671 -21.4089 0.4409 0.7708 -0 0 -1 -0.000362989 -1 0 -1 0 0
-2.4925 -21.3076 -21.4089 0.5677 0.7673 -0 0 -1 -0.000362989 -1 0 -1 0 0
-31.0063 -21.3076 -21.4089 0.5677 0.9655 -0 0 -1 -0.000362989 -1 0 -1 0 0
-3.4863 1.1753 -21.4089 0.4115 0.7742 -0 -0 -1 0.00167588 -0.999999 0 -0.999998 0.00187894 0
-2.9894 -3.0671 -21.4089 0.4409 0.7708 -0 -0 -1 0.00167588 -0.999999 0 -0.999998 0.00187894 0
-31.0063 -21.3076 -21.4089 0.5677 0.9655 -0 -0 -1 0.00167588 -0.999999 0 -0.999998 0.00187894 0
-3.4863 1.1753 -21.4089 0.4115 0.7742 0 0 -1 -0.000909029 -1 0 -0.999999 -0.00128172 0
-31.0063 -21.3076 -21.4089 0.5677 0.9655 0 0 -1 -0.000909029 -1 0 -0.999999 -0.00128172 0
-3.9833 7.9147 -21.4089 0.3646 0.7777 0 0 -1 -0.000909029 -1 0 -0.999999 -0.00128172 0
4.0093 16.1522 -17.164 0.3073 0.7221 0 0.458071 -0.888916 0 -0.888916 -0.458071 -1 -0 -0
35.8965 16.1522 -17.164 0.3073 0.5004 0 0.458071 -0.888916 0 -0.888916 -0.458071 -1 -0 -0
35.8965 7.9147 -21.4089 0.3646 0.5004 0 0.458071 -0.888916 0 -0.888916 -0.458071 -1 -0 -0
35.8965 7.9147 -21.4089 0.3646 0.5004 0 0.458071 -0.888916 -0.000119311 -0.888916 -0.458071 -1 0 0
5.7486 7.9147 -21.4089 0.3646 0.71 0 0.458071 -0.888916 -0.000119311 -0.888916 -0.458071 -1 0 0
4.0093 16.1522 -17.164 0.3073 0.7221 0 0.458071 -0.888916 -0.000119311 -0.888916 -0.458071 -1 0 0
-3.9833 7.9147 -21.4089 0.3646 0.7777 0 0.458071 -0.888916 0 -0.888916 -0.458071 -1 0 0
-35.8965 7.9147 -21.4089 0.3646 0.9995 0 0.458071 -0.888916 0 -0.888916 -0.458071 -1 0 0
-35.8965 16.1522 -17.164 0.3073 0.9995 0 0.458071 -0.888916 0 -0.888916 -0.458071 -1 0 0
-35.8965 16.1522 -17.164 0.3073 0.9995 0 0.458071 -0.888916 0.000585472 -0.888916 -0.458071 -1 -0 -0
-2.4926 16.1522 -17.164 0.3073 0.7673 0 0.458071 -0.888916 0.000585472 -0.888916 -0.458071 -1 -0 -0
-3.9833 7.9147 -21.4089 0.3646 0.7777 0 0.458071 -0.888916 0.000585472 -0.888916 -0.458071 -1 -0 -0
35.8965 22.7565 -8.8335 0.4991 0.000500023 0 0.783619 -0.621242 0 -0.621242 -0.783619 -1 -0 -0
35.8965 16.1522 -17.164 0.5571 0.000500023 0 0.783619 -0.621242 0 -0.621242 -0.783619 -1 -0 -0
-35.8965 16.1522 -17.164 0.5571 0.4996 0 0.783619 -0.621242 0 -0.621242 -0.783619 -1 0 0
-35.8965 22.7565 -8.8335 0.4991 0.4996 0 0.783619 -0.621242 0 -0.621242 -0.783619 -1 0 0
-2.565 8.1067 -22.5962 0.3633 0.7678 -0.00126477 -0.00919278 -0.999957 0.000503207 -0.999958 0.00919215 -0.999999 0.000275926 0.00126228
4.3268 8.1048 -22.6049 0.3633 0.7199 -0.00126477 -0.00919278 -0.999957 0.000503207 -0.999958 0.00919215 -0.999999 0.000275926 0.00126228
3.7114 1.5868 -22.5442 0.4086 0.7242 -0.00126477 -0.00919278 -0.999957 0.000503207 -0.999958 0.00919215 -0.999999 0.000275926 0.00126228
3.7114 1.5868 -22.5442 0.4086 0.7242 5.0764e-005 -0.00792647 -0.999969 -0.000982012 -0.999968 0.00792642 -0.999999 0.00104155 -5.90216e-005
-2.0815 1.5497 -22.5442 0.4089 0.7644 5.0764e-005 -0.00792647 -0.999969 -0.000982012 -0.999968 0.00792642 -0.999999 0.00104155 -5.90216e-005
-2.565 8.1067 -22.5962 0.3633 0.7678 5.0764e-005 -0.00792647 -0.999969 -0.000982012 -0.999968 0.00792642 -0.999999 0.00104155 -5.90216e-005
3.84 -21.3076 -21.4089 0.5677 0.7233 -0 0 -1 -0.000373818 -1 0 -1 0 0
-2.4925 -21.3076 -21.4089 0.5677 0.7673 -0 0 -1 -0.000373818 -1 0 -1 0 0
-2.9894 -3.0671 -21.4089 0.4409 0.7708 -0 0 -1 -0.000373818 -1 0 -1 0 0
-2.9894 -3.0671 -21.4089 0.4409 0.7708 0 0 -1 -0.000179629 -1 0 -1 -0 0
4.4762 -3.0671 -21.4089 0.4409 0.7189 0 0 -1 -0.000179629 -1 0 -1 -0 0
3.84 -21.3076 -21.4089 0.5677 0.7233 0 0 -1 -0.000179629 -1 0 -1 -0 0
-1.2905 15.1384 -18.9455 0.5694 0.259 0 0.869124 -0.494594 -0.00303436 -0.494592 -0.86912 -1 0 0
-2.4926 16.1522 -17.164 0.5571 0.2674 0 0.869124 -0.494594 -0.00303436 -0.494592 -0.86912 -1 0 0
4.0093 16.1522 -17.164 0.5571 0.2222 0 0.869124 -0.494594 -0.00303436 -0.494592 -0.86912 -1 0 0
4.0093 16.1522 -17.164 0.5571 0.2222 0 0.869124 -0.494594 -0.0026103 -0.494592 -0.869121 -1 0 0
2.8386 15.1384 -18.9455 0.5694 0.2303 0 0.869124 -0.494594 -0.0026103 -0.494592 -0.869121 -1 0 0
-1.2905 15.1384 -18.9455 0.5694 0.259 0 0.869124 -0.494594 -0.0026103 -0.494592 -0.869121 -1 0 0
-2.565 8.1067 -22.5962 0.9027 0.9369 -0.608845 0.447663 -0.654908 -0.732256 0.000405103 0.68103 0.304101 0.894202 0.328521
-3.9833 7.9147 -21.4089 0.9155 0.9354 -0.608845 0.447663 -0.654908 -0.732256 0.000405103 0.68103 0.304101 0.894202 0.328521
-2.4926 16.1522 -17.164 0.9279 0.9995 -0.608845 0.447663 -0.654908 -0.732256 0.000405103 0.68103 0.304101 0.894202 0.328521
-2.4926 16.1522 -17.164 0.9279 0.9995 -0.598861 0.451834 -0.661219 -0.74151 -0.000934024 0.670942 0.304271 0.892101 0.334028
-1.2905 15.1384 -18.9455 0.9133 0.9916 -0.598861 0.451834 -0.661219 -0.74151 -0.000934024 0.670942 0.304271 0.892101 0.334028
-2.565 8.1067 -22.5962 0.9027 0.9369 -0.598861 0.451834 -0.661219 -0.74151 -0.000934024 0.670942 0.304271 0.892101 0.334028
-2.0815 1.5497 -22.5442 0.4089 0.7644 -0.620493 -0.0457585 -0.782876 -0.000684285 -0.998264 0.0588902 -0.783685 -0.0004292 0.621159
-3.4863 1.1753 -21.4089 0.4115 0.7742 -0.620493 -0.0457585 -0.782876 -0.000684285 -0.998264 0.0588902 -0.783685 -0.0004292 0.621159
-3.9833 7.9147 -21.4089 0.3646 0.7777 -0.620493 -0.0457585 -0.782876 -0.000684285 -0.998264 0.0588902 -0.783685 -0.0004292 0.621159
-3.9833 7.9147 -21.4089 0.3646 0.7777 -0.636764 -0.0530541 -0.769231 -0.000540244 -0.997599 0.0692519 -0.770221 -0.00272587 0.637772
-2.565 8.1067 -22.5962 0.3633 0.7678 -0.636764 -0.0530541 -0.769231 -0.000540244 -0.997599 0.0692519 -0.770221 -0.00272587 0.637772
-2.0815 1.5497 -22.5442 0.4089 0.7644 -0.636764 -0.0530541 -0.769231 -0.000540244 -0.997599 0.0692519 -0.770221 -0.00272587 0.637772
-1.7342 -1.4158 -22.5442 0.4295 0.762 -0.615245 -0.0720619 -0.785035 0.00243551 -0.995982 0.0895169 -0.786925 -0.00341838 0.61704
-2.9894 -3.0671 -21.4089 0.4409 0.7708 -0.615245 -0.0720619 -0.785035 0.00243551 -0.995982 0.0895169 -0.786925 -0.00341838 0.61704
-3.4863 1.1753 -21.4089 0.4115 0.7742 -0.615245 -0.0720619 -0.785035 0.00243551 -0.995982 0.0895169 -0.786925 -0.00341838 0.61704
-3.4863 1.1753 -21.4089 0.4115 0.7742 -0.615236 -0.0720525 -0.785043 0.00106264 -0.995889 0.0905715 -0.787086 -6.03779e-005 0.616843
-2.0815 1.5497 -22.5442 0.4089 0.7644 -0.615236 -0.0720525 -0.785043 0.00106264 -0.995889 0.0905715 -0.787086 -6.03779e-005 0.616843
-1.7342 -1.4158 -22.5442 0.4295 0.762 -0.615236 -0.0720525 -0.785043 0.00106264 -0.995889 0.0905715 -0.787086 -6.03779e-005 0.616843
3.2611 -1.4158 -22.5442 0.4295 0.7273 -0 -0.56654 -0.824034 0.00338945 -0.82403 0.566537 -1 0 0
4.4762 -3.0671 -21.4089 0.4409 0.7189 -0 -0.56654 -0.824034 0.00338945 -0.82403 0.566537 -1 0 0
-2.9894 -3.0671 -21.4089 0.4409 0.7708 -0 -0.56654 -0.824034 0.00338945 -0.82403 0.566537 -1 0 0
-2.9894 -3.0671 -21.4089 0.4409 0.7708 -0 -0.56654 -0.824034 0.0058009 -0.824021 0.56653 -1 0 0
-1.7342 -1.4158 -22.5442 0.4295 0.762 -0 -0.56654 -0.824034 0.0058009 -0.824021 0.56653 -1 0 0
3.2611 -1.4158 -22.5442 0.4295 0.7273 -0 -0.56654 -0.824034 0.0058009 -0.824021 0.56653 -1 0 0
3.7114 1.5868 -22.5442 0.4086 0.7242 0.61057 -0.0915624 -0.786651 0.00159377 -0.99315 0.116835 -0.790176 -0.00376254 -0.612868
5.1124 1.1753 -21.4089 0.4115 0.7144 0.61057 -0.0915624 -0.786651 0.00159377 -0.99315 0.116835 -0.790176 -0.00376254 -0.612868
4.4762 -3.0671 -21.4089 0.4409 0.7189 0.61057 -0.0915624 -0.786651 0.00159377 -0.99315 0.116835 -0.790176 -0.00376254 -0.612868
4.4762 -3.0671 -21.4089 0.4409 0.7189 0.610561 -0.0915658 -0.786659 -0.000515539 -0.993339 0.115223 -0.789544 0.00730883 -0.613651
3.2611 -1.4158 -22.5442 0.4295 0.7273 0.610561 -0.0915658 -0.786659 -0.000515539 -0.993339 0.115223 -0.789544 0.00730883 -0.613651
3.7114 1.5868 -22.5442 0.4086 0.7242 0.610561 -0.0915658 -0.786659 -0.000515539 -0.993339 0.115223 -0.789544 0.00730883 -0.613651
4.3268 8.1048 -22.6049 0.3633 0.7199 0.63783 -0.0602112 -0.76782 -0.000627294 -0.99698 0.0776605 -0.769146 0.00175923 -0.63907
5.7486 7.9147 -21.4089 0.3646 0.71 0.63783 -0.0602112 -0.76782 -0.000627294 -0.99698 0.0776605 -0.769146 0.00175923 -0.63907
5.1124 1.1753 -21.4089 0.4115 0.7144 0.63783 -0.0602112 -0.76782 -0.000627294 -0.99698 0.0776605 -0.769146 0.00175923 -0.63907
5.1124 1.1753 -21.4089 0.4115 0.7144 0.616547 -0.0655181 -0.784587 -0.000100662 -0.996538 0.0831383 -0.7864 -0.00314946 -0.617709
3.7114 1.5868 -22.5442 0.4086 0.7242 0.616547 -0.0655181 -0.784587 -0.000100662 -0.996538 0.0831383 -0.7864 -0.00314946 -0.617709
4.3268 8.1048 -22.6049 0.3633 0.7199 0.616547 -0.0655181 -0.784587 -0.000100662 -0.996538 0.0831383 -0.7864 -0.00314946 -0.617709
2.8386 15.1384 -18.9455 0.8512 0.2987 0.596048 0.463665 -0.655547 -0.180894 0.872978 0.452976 0.782545 -0.152563 0.603612
4.0093 16.1522 -17.164 0.8615 0.3115 0.596048 0.463665 -0.655547 -0.180894 0.872978 0.452976 0.782545 -0.152563 0.603612
5.7486 7.9147 -21.4089 0.796 0.3118 0.596048 0.463665 -0.655547 -0.180894 0.872978 0.452976 0.782545 -0.152563 0.603612
5.7486 7.9147 -21.4089 0.796 0.3118 0.605655 0.464345 -0.646194 -0.183102 0.871613 0.454713 0.7755 -0.162506 0.610075
4.3268 8.1048 -22.6049 0.7951 0.2988 0.605655 0.464345 -0.646194 -0.183102 0.871613 0.454713 0.7755 -0.162506 0.610075
2.8386 15.1384 -18.9455 0.8512 0.2987 0.605655 0.464345 -0.646194 -0.183102 0.871613 0.454713 0.7755 -0.162506 0.610075

Index count: 396
0
1
2
2
3
0
4
5
6
6
7
4
8
9
10
11
12
13
14
15
16
17
18
19
14
20
21
22
23
24
25
26
27
28
29
30
31
32
33
34
35
36
37
38
39
40
41
42
43
44
45
46
47
48
49
50
51
52
43
53
54
55
56
57
58
59
60
61
62
63
64
65
66
67
68
69
70
71
72
73
74
75
76
77
78
79
80
81
82
83
84
85
86
86
87
84
88
89
90
90
91
88
92
93
94
94
95
92
96
97
98
99
100
101
102
103
104
104
105
102
106
107
108
109
110
111
112
113
114
115
116
117
3
2
118
118
119
3
1
0
120
120
121
1
1
122
123
124
125
126
127
128
129
1
130
2
3
131
132
132
0
3
133
134
135
135
136
133
137
138
139
139
140
137
141
142
143
143
144
141
145
146
147
147
148
145
149
150
151
151
152
149
153
154
155
155
156
153
157
158
159
159
160
157
161
21
20
20
162
161
163
16
15
15
164
163
165
166
167
167
168
165
169
170
171
171
172
169
173
53
174
174
175
173
176
45
44
44
177
176
178
179
180
180
181
178
182
183
184
184
185
182
186
187
188
188
189
186
190
56
55
55
191
190
192
193
194
194
195
192
196
197
198
198
199
196
200
201
202
202
203
200
204
151
150
205
206
207
208
209
210
211
212
213
214
215
216
201
217
218
219
220
221
222
223
224
225
226
227
228
229
230
231
232
233
234
235
236
237
238
239
240
241
242
103
243
244
244
104
103
105
245
246
246
102
105
247
248
249
250
251
252
253
254
255
256
257
258
259
260
261
262
263
264
265
266
267
268
269
270
271
272
273
274
275
276
277
278
279
280
281
282
283
284
285
286
287
288
289
290
291
292
293
294
295
296
297
298
299
300
301
302
303
304
305
306
