Vertex Count: 24
10.1896 0 10.0127 0 0 -0 -1 -0 -1 0 0 0 0 -1
-9.8104 0 10.0127 1 0 -0 -1 -0 -1 0 0 0 0 -1
-9.8104 0 -9.9873 1 1 -0 -1 -0 -1 0 0 0 0 -1
10.1896 0 -9.9873 0 1 0 -1 0 -1 -0 -0 0 0 -1
10.1896 20 10.0127 1 0 -0 1 0 1 0 0 0 0 -1
10.1896 20 -9.9873 1 1 -0 1 0 1 0 0 0 0 -1
-9.8104 20 -9.9873 0 1 -0 1 0 1 0 0 0 0 -1
-9.8104 20 10.0127 0 0 -0 1 0 1 0 0 0 0 -1
10.1896 20 -9.9873 1 0 0 0 -1 1 0 0 0 -1 0
10.1896 0 -9.9873 1 1 0 0 -1 1 0 0 0 -1 0
-9.8104 0 -9.9873 0 1 0 0 -1 1 0 0 0 -1 0
-9.8104 20 -9.9873 0 0 0 0 -1 1 0 0 0 -1 0
10.1896 20 10.0127 1 0 1 0 -0 0 0 1 0 -1 0
10.1896 0 10.0127 1 1 1 0 -0 0 0 1 0 -1 0
10.1896 0 -9.9873 0 1 1 0 -0 0 0 1 0 -1 0
10.1896 20 -9.9873 0 0 1 0 -0 0 0 1 0 -1 0
-9.8104 20 10.0127 1 0 0 0 1 -1 0 0 0 -1 0
-9.8104 0 10.0127 1 1 0 0 1 -1 0 0 0 -1 0
10.1896 0 10.0127 0 1 0 0 1 -1 0 0 0 -1 0
10.1896 20 10.0127 0 0 0 0 1 -1 0 0 -0 -1 0
-9.8104 20 -9.9873 1 0 -1 -0 -0 0 0 -1 0 -1 0
-9.8104 0 -9.9873 1 1 -1 -0 -0 0 0 -1 0 -1 0
-9.8104 0 10.0127 0 1 -1 -0 -0 0 0 -1 0 -1 0
-9.8104 20 10.0127 0 0 -1 0 -0 0 0 -1 0 -1 -0

Index count: 36
0
1
2
2
3
0
4
5
6
6
7
4
8
9
10
10
11
8
12
13
14
14
15
12
16
17
18
18
19
16
20
21
22
22
23
20
