bounding box: -50 -50 -50 50 50 50
Material name: peschanil.mat
Vertex Count: 29
50 -50 50 0 0 0 -1 0 0 0 2.01652e-039 0 2.01654e-039 0
-50 -50 50 1 0 0 -1 0 0 0 0 0 4.2039e-045 1.79366e-043
-50 -50 -50 0 0 0 -1 0 8.40779e-045 0 0 0 0 0
-50 -50 -50 0 0 0 -1 0 0 0 2.01652e-039 0 2.01654e-039 0
50 -50 -50 0 1 0 -1 0 0 0 0 0 4.2039e-045 1.79366e-043
50 -50 50 0 0 0 -1 0 8.40779e-045 0 0 0 0 0
50 0 -50 1 0.5 0 0 -1 0 0 2.01652e-039 0 2.01654e-039 0
-50 -50 -50 0 1 0 0 -1 8.40779e-045 0 0 0 0 0
-50 -50 -50 0 1 0 0 -1 1 0 0 0 -1 0
-50 0 -50 0 0.5 0 0 -1 1 0 0 0 -1 0
50 0 -50 1 0.5 0 0 -1 1 0 0 0 -1 0
50 0 50 1 0.5 1 0 0 1 0 0 0 -1 0
50 -50 50 0 0.5 1 0 0 1 0 0 0 -1 0
50 -50 -50 0 1 1 0 0 1 0 0 0 -1 0
50 -50 -50 0 1 1 0 0 0 0 1 0 -1 0
50 0 -50 0 0.5 1 0 0 0 0 1 0 -1 0
50 0 50 1 0.5 1 0 0 0 0 1 0 -1 0
-50 0 50 1 0.5 0 0 1 0 0 1 0 -1 0
-50 -50 50 0 0.5 0 0 1 0 0 1 0 -1 0
50 -50 50 0 1 0 0 1 0 0 1 0 -1 0
50 -50 50 0 1 0 0 1 -1 0 0 -0 -1 0
50 0 50 0 0.5 0 0 1 -1 0 0 -0 -1 0
-50 0 50 1 0.5 0 0 1 -1 0 0 -0 -1 0
-50 0 -50 1 0.5 -1 0 0 -1 0 0 -0 -1 0
-50 -50 -50 0 0.5 -1 0 0 -1 0 0 -0 -1 0
-50 -50 50 0 1 -1 0 0 -1 0 0 -0 -1 0
-50 -50 50 0 1 -1 0 0 0 0 -1 0 -1 -0
-50 0 50 0 0.5 -1 0 0 0 0 -1 0 -1 -0
-50 0 -50 1 0.5 -1 0 0 0 0 -1 0 -1 -0
Index count: 30
0
1
2
3
4
5
6
4
7
8
9
10
11
12
13
14
15
16
17
18
19
20
21
22
23
24
25
26
27
28
Material name: round_plar_panel.mat
Vertex Count: 22
50 50 50 1 0 0 1 0 0 0 -1 0 -1 -0
50 50 -50 0 0.5 0 1 0 0 0 -1 0 -1 -0
-50 50 -50 0 1 0 1 0 0 0 -1 0 -1 -0
-50 50 -50 0 1 0 1 0 1 0 0 0 0 -1
-50 50 50 0 0 0 1 0 1 0 0 0 0 -1
50 50 50 1 0 0 1 0 1 0 0 0 0 -1
50 50 -50 1 0 0 0 -1 1 0 0 0 -1 0
50 0 -50 1 0.5 0 0 -1 1 0 0 0 -1 0
-50 0 -50 0 0.5 0 0 -1 1 0 0 0 -1 0
-50 50 -50 0 0 0 0 -1 1 0 0 0 -1 0
50 50 50 1 0 1 0 0 0 0 1 0 -1 0
50 0 50 1 0.5 1 0 0 0 0 1 0 -1 0
50 0 -50 0 0.5 1 0 0 0 0 1 0 -1 0
50 50 -50 0 0 1 0 0 0 0 1 0 -1 0
-50 50 50 1 0 0 0 1 -1 0 0 0 -1 0
-50 0 50 1 0.5 0 0 1 -1 0 0 0 -1 0
50 0 50 0 0.5 0 0 1 -1 0 0 0 -1 0
50 50 50 0 0 0 0 1 -1 0 0 -0 -1 0
-50 50 -50 1 0 -1 0 0 0 0 -1 0 -1 0
-50 0 -50 1 0.5 -1 0 0 0 0 -1 0 -1 0
-50 0 50 0 0.5 -1 0 0 0 0 -1 0 -1 0
-50 50 50 0 0 -1 0 0 0 0 -1 0 -1 -0
Index count: 30
0
1
2
3
4
5
6
7
8
8
9
6
10
11
12
12
13
10
14
15
16
16
17
14
18
19
20
20
21
18
