Vertex Count: 24

Data:

10.1896 0 10.0127 0 0 -0 -1 -0
-9.8104 0 10.0127 1 0 -0 -1 -0
-9.8104 0 -9.9873 1 1 -0 -1 -0
10.1896 0 -9.9873 0 1 0 -1 0
10.1896 20 10.0127 1 0 -0 1 0
10.1896 20 -9.9873 1 1 -0 1 0
-9.8104 20 -9.9873 0 1 -0 1 0
-9.8104 20 10.0127 0 0 -0 1 0
10.1896 20 -9.9873 1 0 0 0 -1
10.1896 0 -9.9873 1 1 0 0 -1
-9.8104 0 -9.9873 0 1 0 0 -1
-9.8104 20 -9.9873 0 0 0 0 -1
10.1896 20 10.0127 1 0 1 0 -0
10.1896 0 10.0127 1 1 1 0 -0
10.1896 0 -9.9873 0 1 1 0 -0
10.1896 20 -9.9873 0 0 1 0 -0
-9.8104 20 10.0127 1 0 0 0 1
-9.8104 0 10.0127 1 1 0 0 1
10.1896 0 10.0127 0 1 0 0 1
10.1896 20 10.0127 0 0 0 0 1
-9.8104 20 -9.9873 1 0 -1 -0 -0
-9.8104 0 -9.9873 1 1 -1 -0 -0
-9.8104 0 10.0127 0 1 -1 -0 -0
-9.8104 20 10.0127 0 0 -1 0 -0

Index count: 36
1
2
3
2
4
0
5
6
7
6
8
4
9
10
11
10
12
8
13
14
15
14
16
12
17
18
19
18
20
16
21
22
23
22
24
20
