Vertex Count: 36

Data:

10.1896 0 10.0127 0 0 0 -1 0
-9.8104 0 10.0127 1 0 0 -1 0
-9.8104 0 -9.9873 1 1 0 -1 0
-9.8104 0 -9.9873 1 1 0 -1 0
10.1896 0 -9.9873 0 1 0 -1 0
10.1896 0 10.0127 0 0 0 -1 0
10.1896 20 10.0127 1 0 0 1 0
10.1896 20 -9.9873 1 1 0 1 0
-9.8104 20 -9.9873 0 1 0 1 0
-9.8104 20 -9.9873 0 1 0 1 0
-9.8104 20 10.0127 0 0 0 1 0
10.1896 20 10.0127 1 0 0 1 0
10.1896 20 -9.9873 1 0 0 0 -1
10.1896 0 -9.9873 1 1 0 0 -1
-9.8104 0 -9.9873 0 1 0 0 -1
-9.8104 0 -9.9873 0 1 0 0 -1
-9.8104 20 -9.9873 0 0 0 0 -1
10.1896 20 -9.9873 1 0 0 0 -1
10.1896 20 10.0127 1 0 1 0 0
10.1896 0 10.0127 1 1 1 0 0
10.1896 0 -9.9873 0 1 1 0 0
10.1896 0 -9.9873 0 1 1 0 0
10.1896 20 -9.9873 0 0 1 0 0
10.1896 20 10.0127 1 0 1 0 0
-9.8104 20 10.0127 1 0 0 0 1
-9.8104 0 10.0127 1 1 0 0 1
10.1896 0 10.0127 0 1 0 0 1
10.1896 0 10.0127 0 1 0 0 1
10.1896 20 10.0127 0 0 0 0 1
-9.8104 20 10.0127 1 0 0 0 1
-9.8104 20 -9.9873 1 0 -1 0 0
-9.8104 0 -9.9873 1 1 -1 0 0
-9.8104 0 10.0127 0 1 -1 0 0
-9.8104 0 10.0127 0 1 -1 0 0
-9.8104 20 10.0127 0 0 -1 0 0
-9.8104 20 -9.9873 1 0 -1 0 0
