bounding box: -95.0448 -350 -95.0449 95.0449 350 95.0448
Material name: lord_and_klinopis.mat
Vertex Count: 128
53.476 -330 2.52936 0.75 0.6608 1 0 -0 -0.173648 0 0.984808 -0 -1 0
53.476 -237.999 2.52936 0.75 0.3602 1 0 -0 -0.173648 0 0.984808 -0 -1 0
50.2194 -237.999 20.9984 0.8048 0.3602 0.9397 0 0.342 -0.173648 0 0.984808 -0 -1 0
50.2194 -330 20.9984 0.8048 0.6608 0.9397 0 0.342 -0.173648 0 0.984808 0 -1 0
50.2194 -330 20.9984 0.8048 0.6608 0.9397 0 0.342 -0.500002 0 0.866025 -0 -1 0
50.2194 -237.999 20.9984 0.8048 0.3602 0.9397 0 0.342 -0.500002 0 0.866025 -0 -1 0
40.8423 -237.999 37.2398 0.8599 0.3602 0.766 0 0.6428 -0.500002 0 0.866025 -0 -1 0
40.8423 -330 37.2398 0.8599 0.6608 0.766 0 0.6428 -0.500002 0 0.866025 0 -1 0
53.476 -125.999 2.52936 0.75 -0.00559998 1 0 -0 -0.173648 0 0.984808 0 -1 0
50.2194 -125.999 20.9984 0.8048 -0.00559998 0.9397 0 0.342 -0.173648 0 0.984808 0 -1 0
50.2194 -237.999 20.9984 0.8048 0.3602 0.9397 0 0.342 -0.173648 0 0.984808 0 -1 0
53.476 -237.999 2.52936 0.75 0.3602 1 0 -0 -0.173648 -0 0.984808 0 -1 0
50.2194 -330 -15.9398 0.6952 0.6608 0.9397 0 -0.342 0.173648 0 0.984808 0 -1 0
50.2194 -237.999 -15.9398 0.6952 0.3602 0.9397 0 -0.342 0.173648 0 0.984808 0 -1 0
53.476 -237.999 2.52936 0.75 0.3602 1 0 -0 0.173648 0 0.984808 0 -1 0
53.476 -330 2.52936 0.75 0.6608 1 0 -0 0.173648 0 0.984808 0 -1 0
40.8423 -330 37.2398 0.8599 0.6608 0.766 0 0.6428 -0.766045 0 0.642787 -0 -1 0
40.8423 -237.999 37.2398 0.8599 0.3602 0.766 0 0.6428 -0.766045 0 0.642787 -0 -1 0
26.476 -237.999 49.2946 0.9156 0.3602 0.5 0 0.866 -0.766045 0 0.642787 -0 -1 0
26.476 -330 49.2946 0.9156 0.6608 0.5 0 0.866 -0.766045 0 0.642787 0 -1 0
50.2194 -125.999 20.9984 0.8048 -0.00559998 0.9397 0 0.342 -0.500002 0 0.866024 0 -1 0
40.8423 -125.999 37.2398 0.8599 -0.00559998 0.766 0 0.6428 -0.500002 0 0.866024 0 -1 0
40.8423 -237.999 37.2398 0.8599 0.3602 0.766 0 0.6428 -0.500002 0 0.866024 0 -1 0
50.2194 -237.999 20.9984 0.8048 0.3602 0.9397 0 0.342 -0.500002 -0 0.866024 0 -1 0
50.2194 -125.999 -15.9398 0.6952 -0.00559998 0.9397 0 -0.342 0.173648 0 0.984808 0 -1 0
53.476 -125.999 2.52936 0.75 -0.00559998 1 0 -0 0.173648 0 0.984808 0 -1 0
40.8423 -330 -32.1812 0.6401 0.6608 0.766 0 -0.6428 0.5 0 0.866026 0 -1 0
40.8423 -237.999 -32.1812 0.6401 0.3602 0.766 0 -0.6428 0.5 0 0.866026 0 -1 0
50.2194 -237.999 -15.9398 0.6952 0.3602 0.9397 0 -0.342 0.5 0 0.866026 0 -1 0
50.2194 -330 -15.9398 0.6952 0.6608 0.9397 0 -0.342 0.5 0 0.866026 0 -1 0
26.476 -330 49.2946 0.9156 0.6608 0.5 0 0.866 -0.939692 0 0.342023 -0 -1 0
26.476 -237.999 49.2946 0.9156 0.3602 0.5 0 0.866 -0.939692 0 0.342023 -0 -1 0
8.85297 -237.999 55.709 0.9718 0.3602 0.1736 0 0.9848 -0.939692 0 0.342023 -0 -1 0
8.85297 -330 55.709 0.9718 0.6608 0.1736 0 0.9848 -0.939692 0 0.342023 0 -1 0
40.8423 -125.999 37.2398 0.8599 -0.00559998 0.766 0 0.6428 -0.766045 0 0.642787 0 -1 0
26.476 -125.999 49.2946 0.9156 -0.00559998 0.5 0 0.866 -0.766045 0 0.642787 0 -1 0
26.476 -237.999 49.2946 0.9156 0.3602 0.5 0 0.866 -0.766045 0 0.642787 0 -1 0
40.8423 -237.999 37.2398 0.8599 0.3602 0.766 0 0.6428 -0.766045 -0 0.642787 0 -1 0
40.8423 -125.999 -32.1812 0.6401 -0.00559998 0.766 0 -0.6428 0.5 0 0.866026 0 -1 0
50.2194 -125.999 -15.9398 0.6952 -0.00559998 0.9397 0 -0.342 0.5 0 0.866026 0 -1 0
50.2194 -237.999 -15.9398 0.6952 0.3602 0.9397 0 -0.342 0.5 0 0.866026 0 -1 0
40.8423 -237.999 -32.1812 0.6401 0.3602 0.766 0 -0.6428 0.5 -0 0.866026 0 -1 0
26.476 -330 -44.2361 0.5844 0.6608 0.5 0 -0.866 0.766045 0 0.642787 0 -1 0
26.476 -237.999 -44.2361 0.5844 0.3602 0.5 0 -0.866 0.766045 0 0.642787 0 -1 0
40.8423 -237.999 -32.1812 0.6401 0.3602 0.766 0 -0.6428 0.766045 0 0.642787 0 -1 0
40.8423 -330 -32.1812 0.6401 0.6608 0.766 0 -0.6428 0.766045 0 0.642787 0 -1 0
8.85297 -330 55.709 -0.0282 0.6608 0.1736 0 0.9848 -1 0 0 -0 -1 0
8.85297 -237.999 55.709 -0.0282 0.3602 0.1736 0 0.9848 -1 0 0 -0 -1 0
-9.901 -237.999 55.709 0.0282 0.3602 -0.1736 0 0.9848 -1 0 0 -0 -1 0
-9.901 -330 55.709 0.0282 0.6608 -0.1736 0 0.9848 -1 0 0 0 -1 0
26.476 -125.999 49.2946 0.9156 -0.00559998 0.5 0 0.866 -0.939692 0 0.342023 0 -1 0
8.85297 -125.999 55.709 0.9718 -0.00559998 0.1736 0 0.9848 -0.939692 0 0.342023 0 -1 0
26.476 -125.999 -44.2361 0.5844 -0.00559998 0.5 0 -0.866 0.766045 0 0.642787 0 -1 0
40.8423 -125.999 -32.1812 0.6401 -0.00559998 0.766 0 -0.6428 0.766045 0 0.642787 0 -1 0
40.8423 -237.999 -32.1812 0.6401 0.3602 0.766 0 -0.6428 0.766045 0 0.642787 0 -1 0
26.476 -237.999 -44.2361 0.5844 0.3602 0.5 0 -0.866 0.766045 -0 0.642787 0 -1 0
8.85284 -330 -50.6502 0.5282 0.6608 0.1736 0 -0.9848 0.939694 0 0.342015 0 -1 0
8.85284 -237.999 -50.6502 0.5282 0.3602 0.1736 0 -0.9848 0.939694 0 0.342015 0 -1 0
26.476 -237.999 -44.2361 0.5844 0.3602 0.5 0 -0.866 0.939694 0 0.342015 0 -1 0
26.476 -330 -44.2361 0.5844 0.6608 0.5 0 -0.866 0.939694 0 0.342015 0 -1 0
-9.901 -330 55.709 0.0282 0.6608 -0.1736 0 0.9848 -0.939692 0 -0.342022 -0 -1 -0
-9.901 -237.999 55.709 0.0282 0.3602 -0.1736 0 0.9848 -0.939692 0 -0.342022 -0 -1 -0
-27.524 -237.999 49.2946 0.0844 0.3602 -0.5 0 0.866 -0.939692 0 -0.342022 -0 -1 -0
-27.524 -330 49.2946 0.0844 0.6608 -0.5 0 0.866 -0.939692 0 -0.342022 0 -1 0
8.85297 -125.999 55.709 0.9718 -0.00559998 0.1736 0 0.9848 -1 0 0 0 -1 0
-9.901 -125.999 55.709 1.0282 -0.00559998 -0.1736 0 0.9848 -1 0 0 0 -1 0
-9.901 -237.999 55.709 1.0282 0.3602 -0.1736 0 0.9848 -1 0 0 0 -1 0
8.85297 -237.999 55.709 0.9718 0.3602 0.1736 0 0.9848 -1 -0 -0 0 -1 0
8.85284 -125.999 -50.6502 0.5282 -0.00559998 0.1736 0 -0.9848 0.939694 0 0.342015 0 -1 0
26.476 -125.999 -44.2361 0.5844 -0.00559998 0.5 0 -0.866 0.939694 0 0.342015 0 -1 0
-9.901 -330 -50.6502 0.4718 0.6608 -0.1736 0 -0.9848 1 0 0 0 -1 0
-9.901 -237.999 -50.6502 0.4718 0.3602 -0.1736 0 -0.9848 1 0 0 0 -1 0
8.85284 -237.999 -50.6502 0.5282 0.3602 0.1736 0 -0.9848 1 0 0 0 -1 0
8.85284 -330 -50.6502 0.5282 0.6608 0.1736 0 -0.9848 1 0 0 0 -1 0
-27.524 -330 49.2946 0.0844 0.6608 -0.5 0 0.866 -0.766045 0 -0.642787 -0 -1 -0
-27.524 -237.999 49.2946 0.0844 0.3602 -0.5 0 0.866 -0.766045 0 -0.642787 -0 -1 -0
-41.8904 -237.999 37.2398 0.1401 0.3602 -0.766 0 0.6428 -0.766045 0 -0.642787 -0 -1 -0
-41.8904 -330 37.2398 0.1401 0.6608 -0.766 0 0.6428 -0.766045 0 -0.642787 0 -1 0
-9.901 -125.999 55.709 0.0282 -0.00559998 -0.1736 0 0.9848 -0.939692 0 -0.342022 0 -1 0
-27.524 -125.999 49.2946 0.0844 -0.00559998 -0.5 0 0.866 -0.939692 0 -0.342022 0 -1 0
-9.901 -125.999 -50.6502 0.4718 -0.00559998 -0.1736 0 -0.9848 1 0 0 0 -1 0
8.85284 -125.999 -50.6502 0.5282 -0.00559998 0.1736 0 -0.9848 1 0 0 0 -1 0
-27.524 -330 -44.2361 0.4156 0.6608 -0.5 0 -0.866 0.939694 0 -0.342016 0 -1 -0
-27.524 -237.999 -44.2361 0.4156 0.3602 -0.5 0 -0.866 0.939694 0 -0.342016 0 -1 -0
-9.901 -237.999 -50.6502 0.4718 0.3602 -0.1736 0 -0.9848 0.939694 0 -0.342016 0 -1 -0
-9.901 -330 -50.6502 0.4718 0.6608 -0.1736 0 -0.9848 0.939694 0 -0.342016 0 -1 0
-41.8904 -330 37.2398 0.1401 0.6608 -0.766 0 0.6428 -0.500002 0 -0.866024 -0 -1 -0
-41.8904 -237.999 37.2398 0.1401 0.3602 -0.766 0 0.6428 -0.500002 0 -0.866024 -0 -1 -0
-51.2675 -237.999 20.9984 0.1952 0.3602 -0.9397 0 0.342 -0.500002 0 -0.866024 -0 -1 -0
-51.2675 -330 20.9984 0.1952 0.6608 -0.9397 0 0.342 -0.500002 0 -0.866024 0 -1 0
-27.524 -125.999 49.2946 0.0844 -0.00559998 -0.5 0 0.866 -0.766045 0 -0.642787 0 -1 0
-41.8904 -125.999 37.2398 0.1401 -0.00559998 -0.766 0 0.6428 -0.766045 0 -0.642787 0 -1 0
-41.8904 -237.999 37.2398 0.1401 0.3602 -0.766 0 0.6428 -0.766045 0 -0.642787 0 -1 0
-27.524 -237.999 49.2946 0.0844 0.3602 -0.5 0 0.866 -0.766045 -0 -0.642787 0 -1 0
-27.524 -125.999 -44.2361 0.4156 -0.00559998 -0.5 0 -0.866 0.939694 0 -0.342016 0 -1 0
-9.901 -125.999 -50.6502 0.4718 -0.00559998 -0.1736 0 -0.9848 0.939694 0 -0.342016 0 -1 0
-9.901 -237.999 -50.6502 0.4718 0.3602 -0.1736 0 -0.9848 0.939694 0 -0.342016 0 -1 0
-27.524 -237.999 -44.2361 0.4156 0.3602 -0.5 0 -0.866 0.939694 -0 -0.342016 0 -1 0
-41.8904 -330 -32.1812 0.3599 0.6608 -0.766 0 -0.6428 0.766043 0 -0.64279 0 -1 -0
-41.8904 -237.999 -32.1812 0.3599 0.3602 -0.766 0 -0.6428 0.766043 0 -0.64279 0 -1 -0
-27.524 -237.999 -44.2361 0.4156 0.3602 -0.5 0 -0.866 0.766043 0 -0.64279 0 -1 -0
-27.524 -330 -44.2361 0.4156 0.6608 -0.5 0 -0.866 0.766043 0 -0.64279 0 -1 0
-51.2675 -330 20.9984 0.1952 0.6608 -0.9397 0 0.342 -0.173648 0 -0.984808 -0 -1 -0
-51.2675 -237.999 20.9984 0.1952 0.3602 -0.9397 0 0.342 -0.173648 0 -0.984808 -0 -1 -0
-54.524 -237.999 2.52936 0.25 0.3602 -1 0 0 -0.173648 0 -0.984808 -0 -1 -0
-54.524 -330 2.52936 0.25 0.6608 -1 0 0 -0.173648 0 -0.984808 0 -1 0
-41.8904 -125.999 37.2398 0.1401 -0.00559998 -0.766 0 0.6428 -0.500002 0 -0.866024 0 -1 0
-51.2675 -125.999 20.9984 0.1952 -0.00559998 -0.9397 0 0.342 -0.500002 0 -0.866024 0 -1 0
-41.8904 -125.999 -32.1812 0.3599 -0.00559998 -0.766 0 -0.6428 0.766043 0 -0.64279 0 -1 0
-27.524 -125.999 -44.2361 0.4156 -0.00559998 -0.5 0 -0.866 0.766043 0 -0.64279 0 -1 0
-27.524 -237.999 -44.2361 0.4156 0.3602 -0.5 0 -0.866 0.766043 0 -0.64279 0 -1 0
-41.8904 -237.999 -32.1812 0.3599 0.3602 -0.766 0 -0.6428 0.766043 -0 -0.64279 0 -1 0
-51.2675 -330 -15.9398 0.3048 0.6608 -0.9397 0 -0.342 0.500002 0 -0.866024 0 -1 -0
-51.2675 -237.999 -15.9398 0.3048 0.3602 -0.9397 0 -0.342 0.500002 0 -0.866024 0 -1 -0
-41.8904 -237.999 -32.1812 0.3599 0.3602 -0.766 0 -0.6428 0.500002 0 -0.866024 0 -1 -0
-41.8904 -330 -32.1812 0.3599 0.6608 -0.766 0 -0.6428 0.500002 0 -0.866024 0 -1 0
-54.524 -330 2.52936 0.25 0.6608 -1 0 0 0.173648 0 -0.984808 0 -1 -0
-54.524 -237.999 2.52936 0.25 0.3602 -1 0 0 0.173648 0 -0.984808 0 -1 -0
-51.2675 -237.999 -15.9398 0.3048 0.3602 -0.9397 0 -0.342 0.173648 0 -0.984808 0 -1 -0
-51.2675 -330 -15.9398 0.3048 0.6608 -0.9397 0 -0.342 0.173648 0 -0.984808 0 -1 0
-51.2675 -125.999 20.9984 0.1952 -0.00559998 -0.9397 0 0.342 -0.173648 0 -0.984808 0 -1 0
-54.524 -125.999 2.52936 0.25 -0.00559998 -1 0 0 -0.173648 0 -0.984808 0 -1 0
-51.2675 -125.999 -15.9398 0.3048 -0.00559998 -0.9397 0 -0.342 0.500002 0 -0.866024 0 -1 0
-41.8904 -125.999 -32.1812 0.3599 -0.00559998 -0.766 0 -0.6428 0.500002 0 -0.866024 0 -1 0
-54.524 -125.999 2.52936 0.25 -0.00559998 -1 0 0 0.173648 0 -0.984808 0 -1 0
-51.2675 -125.999 -15.9398 0.3048 -0.00559998 -0.9397 0 -0.342 0.173648 0 -0.984808 0 -1 0
-51.2675 -237.999 -15.9398 0.3048 0.3602 -0.9397 0 -0.342 0.173648 0 -0.984808 0 -1 0
-54.524 -237.999 2.52936 0.25 0.3602 -1 0 0 0.173648 -0 -0.984808 0 -1 0
Index count: 216
0
1
2
2
3
0
4
5
6
6
7
4
8
9
10
10
11
8
12
13
14
14
15
12
16
17
18
18
19
16
20
21
22
22
23
20
24
25
14
14
13
24
26
27
28
28
29
26
30
31
32
32
33
30
34
35
36
36
37
34
38
39
40
40
41
38
42
43
44
44
45
42
46
47
48
48
49
46
50
51
32
32
31
50
52
53
54
54
55
52
56
57
58
58
59
56
60
61
62
62
63
60
64
65
66
66
67
64
68
69
58
58
57
68
70
71
72
72
73
70
74
75
76
76
77
74
78
79
62
62
61
78
80
81
72
72
71
80
82
83
84
84
85
82
86
87
88
88
89
86
90
91
92
92
93
90
94
95
96
96
97
94
98
99
100
100
101
98
102
103
104
104
105
102
106
107
88
88
87
106
108
109
110
110
111
108
112
113
114
114
115
112
116
117
118
118
119
116
120
121
104
104
103
120
122
123
114
114
113
122
124
125
126
126
127
124
Material name: ornament_leaves_pilar_bottom.mat
Vertex Count: 72
53.476 136.272 2.52936 0.75 0.2923 1 -0.0028 -0 -0.173648 0 0.984808 0 -1 0
50.2194 136.272 20.9984 0.8048 0.2923 0.9397 -0.0028 0.342 -0.173648 0 0.984808 0 -1 0
50.2194 -13.9987 20.9984 0.8048 0.8396 0.9397 0 0.342 -0.173648 0 0.984808 0 -1 0
53.476 -13.9987 2.52936 0.75 0.8396 1 -0 -0 -0.173648 -0 0.984808 0 -1 0
50.2194 136.272 20.9984 0.8048 0.2923 0.9397 -0.0028 0.342 -0.500002 0 0.866025 0 -1 0
40.8423 136.272 37.2398 0.8599 0.2923 0.766 -0.0028 0.6428 -0.500002 0 0.866025 0 -1 0
40.8423 -13.9987 37.2398 0.8599 0.8396 0.766 0 0.6428 -0.500002 0 0.866025 0 -1 0
50.2194 -13.9987 20.9984 0.8048 0.8396 0.9397 0 0.342 -0.500002 -0 0.866025 0 -1 0
50.2194 136.272 -15.9398 0.6952 0.2923 0.9397 -0.0028 -0.342 0.173648 0 0.984808 0 -1 0
53.476 136.272 2.52936 0.75 0.2923 1 -0.0028 -0 0.173648 0 0.984808 0 -1 0
53.476 -13.9987 2.52936 0.75 0.8396 1 -0 -0 0.173648 0 0.984808 0 -1 0
50.2194 -13.9987 -15.9398 0.6952 0.8396 0.9397 -0 -0.342 0.173648 -0 0.984808 0 -1 0
40.8423 136.272 37.2398 0.8599 0.2923 0.766 -0.0028 0.6428 -0.766045 0 0.642787 0 -1 0
26.476 136.272 49.2946 0.9156 0.2923 0.5 -0.0028 0.866 -0.766045 0 0.642787 0 -1 0
26.476 -13.9987 49.2946 0.9156 0.8396 0.5 0 0.866 -0.766045 0 0.642787 0 -1 0
40.8423 -13.9987 37.2398 0.8599 0.8396 0.766 0 0.6428 -0.766045 -0 0.642787 0 -1 0
40.8423 136.272 -32.1812 0.6401 0.2923 0.766 -0.0028 -0.6428 0.499999 0 0.866026 0 -1 0
50.2194 136.272 -15.9398 0.6952 0.2923 0.9397 -0.0028 -0.342 0.499999 0 0.866026 0 -1 0
50.2194 -13.9987 -15.9398 0.6952 0.8396 0.9397 -0 -0.342 0.499999 0 0.866026 0 -1 0
40.8423 -13.9987 -32.1812 0.6401 0.8396 0.766 0 -0.6428 0.499999 -0 0.866026 0 -1 0
26.476 136.272 49.2946 0.9156 0.2923 0.5 -0.0028 0.866 -0.939692 0 0.342023 0 -1 0
8.85297 136.272 55.709 0.9718 0.2923 0.1736 -0.0028 0.9848 -0.939692 0 0.342023 0 -1 0
8.85297 -13.9987 55.709 0.9718 0.8396 0.1736 0 0.9848 -0.939692 0 0.342023 0 -1 0
26.476 -13.9987 49.2946 0.9156 0.8396 0.5 0 0.866 -0.939692 -0 0.342023 0 -1 0
26.476 136.272 -44.2361 0.5844 0.2923 0.5 -0.0028 -0.866 0.766045 0 0.642787 0 -1 0
40.8423 136.272 -32.1812 0.6401 0.2923 0.766 -0.0028 -0.6428 0.766045 0 0.642787 0 -1 0
40.8423 -13.9987 -32.1812 0.6401 0.8396 0.766 0 -0.6428 0.766045 0 0.642787 0 -1 0
26.476 -13.9987 -44.2361 0.5844 0.8396 0.5 0 -0.866 0.766045 -0 0.642787 0 -1 0
8.85297 136.272 55.709 0.9718 0.2923 0.1736 -0.0028 0.9848 -1 0 0 0 -1 0
-9.901 136.272 55.709 1.0282 0.2923 -0.1736 -0.0028 0.9848 -1 0 0 0 -1 0
-9.901 -13.9987 55.709 1.0282 0.8396 -0.1736 0 0.9848 -1 0 0 0 -1 0
8.85297 -13.9987 55.709 0.9718 0.8396 0.1736 0 0.9848 -1 -0 -0 0 -1 0
8.85284 136.272 -50.6502 0.5282 0.2923 0.1736 -0.0028 -0.9848 0.939694 0 0.342015 0 -1 0
26.476 136.272 -44.2361 0.5844 0.2923 0.5 -0.0028 -0.866 0.939694 0 0.342015 0 -1 0
26.476 -13.9987 -44.2361 0.5844 0.8396 0.5 0 -0.866 0.939694 0 0.342015 0 -1 0
8.85284 -13.9987 -50.6502 0.5282 0.8396 0.1736 0 -0.9848 0.939694 -0 0.342015 0 -1 0
-9.901 136.272 55.709 0.0282 0.2923 -0.1736 -0.0028 0.9848 -0.939692 0 -0.342022 0 -1 0
-27.524 136.272 49.2946 0.0844 0.2923 -0.5 -0.0028 0.866 -0.939692 0 -0.342022 0 -1 0
-27.524 -13.9987 49.2946 0.0844 0.8396 -0.5 0 0.866 -0.939692 0 -0.342022 0 -1 0
-9.901 -13.9987 55.709 0.0282 0.8396 -0.1736 0 0.9848 -0.939692 -0 -0.342022 0 -1 0
-27.524 136.272 49.2946 0.0844 0.2923 -0.5 -0.0028 0.866 -0.766045 0 -0.642787 0 -1 0
-41.8904 136.272 37.2398 0.1401 0.2923 -0.766 -0.0028 0.6428 -0.766045 0 -0.642787 0 -1 0
-41.8904 -13.9987 37.2398 0.1401 0.8396 -0.766 0 0.6428 -0.766045 0 -0.642787 0 -1 0
-27.524 -13.9987 49.2946 0.0844 0.8396 -0.5 0 0.866 -0.766045 -0 -0.642787 0 -1 0
-41.8904 136.272 37.2398 0.1401 0.2923 -0.766 -0.0028 0.6428 -0.500002 0 -0.866024 0 -1 0
-51.2675 136.272 20.9984 0.1952 0.2923 -0.9397 -0.0028 0.342 -0.500002 0 -0.866024 0 -1 0
-51.2675 -13.9987 20.9984 0.1952 0.8396 -0.9397 0 0.342 -0.500002 0 -0.866024 0 -1 0
-41.8904 -13.9987 37.2398 0.1401 0.8396 -0.766 0 0.6428 -0.500002 -0 -0.866024 0 -1 0
-51.2675 136.272 20.9984 0.1952 0.2923 -0.9397 -0.0028 0.342 -0.173648 0 -0.984808 0 -1 0
-54.524 136.272 2.52936 0.25 0.2923 -1 -0.0028 0 -0.173648 0 -0.984808 0 -1 0
-54.524 -13.9987 2.52936 0.25 0.8396 -1 0 0 -0.173648 0 -0.984808 0 -1 0
-51.2675 -13.9987 20.9984 0.1952 0.8396 -0.9397 0 0.342 -0.173648 -0 -0.984808 0 -1 0
-54.524 136.272 2.52936 0.25 0.2923 -1 -0.0028 0 0.173648 0 -0.984808 0 -1 0
-51.2675 136.272 -15.9398 0.3048 0.2923 -0.9397 -0.0028 -0.342 0.173648 0 -0.984808 0 -1 0
-51.2675 -13.9987 -15.9398 0.3048 0.8396 -0.9397 -0 -0.342 0.173648 0 -0.984808 0 -1 0
-54.524 -13.9987 2.52936 0.25 0.8396 -1 0 0 0.173648 -0 -0.984808 0 -1 0
-51.2675 136.272 -15.9398 0.3048 0.2923 -0.9397 -0.0028 -0.342 0.500002 0 -0.866024 0 -1 0
-41.8904 136.272 -32.1812 0.3599 0.2923 -0.766 -0.0028 -0.6428 0.500002 0 -0.866024 0 -1 0
-41.8904 -13.9987 -32.1812 0.3599 0.8396 -0.766 -0 -0.6428 0.500002 0 -0.866024 0 -1 0
-51.2675 -13.9987 -15.9398 0.3048 0.8396 -0.9397 -0 -0.342 0.500002 -0 -0.866024 0 -1 0
-41.8904 136.272 -32.1812 0.3599 0.2923 -0.766 -0.0028 -0.6428 0.766043 0 -0.64279 0 -1 0
-27.524 136.272 -44.2361 0.4156 0.2923 -0.5 -0.0028 -0.866 0.766043 0 -0.64279 0 -1 0
-27.524 -13.9987 -44.2361 0.4156 0.8396 -0.5 0 -0.866 0.766043 0 -0.64279 0 -1 0
-41.8904 -13.9987 -32.1812 0.3599 0.8396 -0.766 -0 -0.6428 0.766043 -0 -0.64279 0 -1 0
-27.524 136.272 -44.2361 0.4156 0.2923 -0.5 -0.0028 -0.866 0.939694 0 -0.342016 0 -1 0
-9.901 136.272 -50.6502 0.4718 0.2923 -0.1736 -0.0028 -0.9848 0.939694 0 -0.342016 0 -1 0
-9.901 -13.9987 -50.6502 0.4718 0.8396 -0.1736 0 -0.9848 0.939694 0 -0.342016 0 -1 0
-27.524 -13.9987 -44.2361 0.4156 0.8396 -0.5 0 -0.866 0.939694 -0 -0.342016 0 -1 0
-9.901 136.272 -50.6502 0.4718 0.2923 -0.1736 -0.0028 -0.9848 1 0 0 0 -1 0
8.85284 136.272 -50.6502 0.5282 0.2923 0.1736 -0.0028 -0.9848 1 0 0 0 -1 0
8.85284 -13.9987 -50.6502 0.5282 0.8396 0.1736 0 -0.9848 1 0 0 0 -1 0
-9.901 -13.9987 -50.6502 0.4718 0.8396 -0.1736 0 -0.9848 1 -0 -0 0 -1 0
Index count: 108
0
1
2
2
3
0
4
5
6
6
7
4
8
9
10
10
11
8
12
13
14
14
15
12
16
17
18
18
19
16
20
21
22
22
23
20
24
25
26
26
27
24
28
29
30
30
31
28
32
33
34
34
35
32
36
37
38
38
39
36
40
41
42
42
43
40
44
45
46
46
47
44
48
49
50
50
51
48
52
53
54
54
55
52
56
57
58
58
59
56
60
61
62
62
63
60
64
65
66
66
67
64
68
69
70
70
71
68
Material name: ornament_pilar_top_.mat
Vertex Count: 540
53.9532 222.324 2.52936 0.5 0.5511 1 -0.0055 -0 -0.173649 0 0.984808 -0.00557969 -0.999984 0.000194342
50.6678 222.324 21.1617 0.5932 0.5511 0.9397 -0.0055 0.342 -0.173649 0 0.984808 -0.00557969 -0.999984 0.000194342
50.2194 136.272 20.9984 0.5923 0.9814 0.9397 -0.0028 0.342 -0.173649 0 0.984808 -0.00557969 -0.999984 0.000194342
50.2194 136.272 20.9984 0.5923 0.9814 0.9397 -0.0028 0.342 -0.173648 -0 0.984808 -0.00554578 -0.999985 0
53.476 136.272 2.52936 0.5 0.9814 1 -0.0028 -0 -0.173648 -0 0.984808 -0.00554578 -0.999985 0
53.9532 222.324 2.52936 0.5 0.5511 1 -0.0055 -0 -0.173648 -0 0.984808 -0.00554578 -0.999985 0
50.6678 222.324 21.1617 0.5932 0.5511 0.9397 -0.0055 0.342 -0.500003 0 0.866024 -0.00626111 -0.99998 -7.69435e-005
41.2079 222.324 37.5465 0.6751 0.5511 0.766 -0.0055 0.6428 -0.500003 0 0.866024 -0.00626111 -0.99998 -7.69435e-005
40.8423 136.272 37.2398 0.6736 0.9814 0.766 -0.0028 0.6428 -0.500003 0 0.866024 -0.00626111 -0.99998 -7.69435e-005
40.8423 136.272 37.2398 0.6736 0.9814 0.766 -0.0028 0.6428 -0.500002 -0 0.866024 -0.00641729 -0.999979 0.000192798
50.2194 136.272 20.9984 0.5923 0.9814 0.9397 -0.0028 0.342 -0.500002 -0 0.866024 -0.00641729 -0.999979 0.000192798
50.6678 222.324 21.1617 0.5932 0.5511 0.9397 -0.0055 0.342 -0.500002 -0 0.866024 -0.00641729 -0.999979 0.000192798
50.6678 222.324 -16.1029 0.4068 0.5511 0.9397 -0.0055 -0.342 0.173649 0 0.984808 -0.00554578 -0.999985 0
53.9532 222.324 2.52936 0.5 0.5511 1 -0.0055 -0 0.173649 0 0.984808 -0.00554578 -0.999985 0
53.476 136.272 2.52936 0.5 0.9814 1 -0.0028 -0 0.173649 0 0.984808 -0.00554578 -0.999985 0
53.476 136.272 2.52936 0.5 0.9814 1 -0.0028 -0 0.173648 -0 0.984808 -0.00558002 -0.999984 -0.000196522
50.2194 136.272 -15.9398 0.4077 0.9814 0.9397 -0.0028 -0.342 0.173648 -0 0.984808 -0.00558002 -0.999984 -0.000196522
50.6678 222.324 -16.1029 0.4068 0.5511 0.9397 -0.0055 -0.342 0.173648 -0 0.984808 -0.00558002 -0.999984 -0.000196522
41.2079 222.324 37.5465 0.2913 0.5511 0.766 -0.0055 0.6428 -0.766042 0 0.642791 1.44642e-005 -0.999974 -0.00714193
26.7146 222.324 49.7079 0.3638 0.5511 0.5 -0.0055 0.866 -0.766042 0 0.642791 1.44642e-005 -0.999974 -0.00714193
26.476 136.272 49.2946 0.365 0.9814 0.5 -0.0028 0.866 -0.766042 0 0.642791 1.44642e-005 -0.999974 -0.00714193
26.476 136.272 49.2946 0.365 0.9814 0.5 -0.0028 0.866 -0.766045 -0 0.642787 0.000169976 -0.999974 -0.00727096
40.8423 136.272 37.2398 0.2932 0.9814 0.766 -0.0028 0.6428 -0.766045 -0 0.642787 0.000169976 -0.999974 -0.00727096
41.2079 222.324 37.5465 0.2913 0.5511 0.766 -0.0055 0.6428 -0.766045 -0 0.642787 0.000169976 -0.999974 -0.00727096
41.2079 222.324 -32.4879 0.3249 0.5511 0.766 -0.0055 -0.6428 0.5 0 0.866025 -0.006419 -0.999979 -0.000196139
50.6678 222.324 -16.1029 0.4068 0.5511 0.9397 -0.0055 -0.342 0.5 0 0.866025 -0.006419 -0.999979 -0.000196139
50.2194 136.272 -15.9398 0.4077 0.9814 0.9397 -0.0028 -0.342 0.5 0 0.866025 -0.006419 -0.999979 -0.000196139
50.2194 136.272 -15.9398 0.4077 0.9814 0.9397 -0.0028 -0.342 0.499999 -0 0.866026 -0.00625827 -0.99998 8.18222e-005
40.8423 136.272 -32.1812 0.3264 0.9814 0.766 -0.0028 -0.6428 0.499999 -0 0.866026 -0.00625827 -0.99998 8.18222e-005
41.2079 222.324 -32.4879 0.3249 0.5511 0.766 -0.0055 -0.6428 0.499999 -0 0.866026 -0.00625827 -0.99998 8.18222e-005
26.7146 222.324 49.7079 0.3638 0.5511 0.5 -0.0055 0.866 -0.939694 0 0.342018 -3.28792e-005 -0.999983 -0.00579883
8.93579 222.324 56.1788 0.4527 0.5511 0.1736 -0.0055 0.9848 -0.939694 0 0.342018 -3.28792e-005 -0.999983 -0.00579883
8.85297 136.272 55.709 0.4531 0.9814 0.1736 -0.0028 0.9848 -0.939694 0 0.342018 -3.28792e-005 -0.999983 -0.00579883
8.85297 136.272 55.709 0.4531 0.9814 0.1736 -0.0028 0.9848 -0.939692 -0 0.342023 1.6243e-005 -0.999983 -0.0058181
26.476 136.272 49.2946 0.365 0.9814 0.5 -0.0028 0.866 -0.939692 -0 0.342023 1.6243e-005 -0.999983 -0.0058181
26.7146 222.324 49.7079 0.3638 0.5511 0.5 -0.0055 0.866 -0.939692 -0 0.342023 1.6243e-005 -0.999983 -0.0058181
8.93579 222.324 56.1788 0.4527 0.5511 0.1736 -0.0055 0.9848 -1 0 0 3.42516e-005 -0.999985 -0.00546049
-9.98395 222.324 56.1788 0.5473 0.5511 -0.1736 -0.0055 0.9848 -1 0 0 3.42516e-005 -0.999985 -0.00546049
-9.901 136.272 55.709 0.5469 0.9814 -0.1736 -0.0028 0.9848 -1 0 0 3.42516e-005 -0.999985 -0.00546049
-9.901 136.272 55.709 0.5469 0.9814 -0.1736 -0.0028 0.9848 -1 -0 -0 -3.31112e-005 -0.999985 -0.00546049
8.85297 136.272 55.709 0.4531 0.9814 0.1736 -0.0028 0.9848 -1 -0 -0 -3.31112e-005 -0.999985 -0.00546049
8.93579 222.324 56.1788 0.4527 0.5511 0.1736 -0.0055 0.9848 -1 -0 -0 -3.31112e-005 -0.999985 -0.00546049
-9.98395 222.324 56.1788 0.5473 0.5511 -0.1736 -0.0055 0.9848 -0.939693 0 -0.34202 -1.62682e-005 -0.999983 -0.00581786
-27.7626 222.324 49.7079 0.6362 0.5511 -0.5 -0.0055 0.866 -0.939693 0 -0.34202 -1.62682e-005 -0.999983 -0.00581786
-27.524 136.272 49.2946 0.635 0.9814 -0.5 -0.0028 0.866 -0.939693 0 -0.34202 -1.62682e-005 -0.999983 -0.00581786
-27.524 136.272 49.2946 0.635 0.9814 -0.5 -0.0028 0.866 -0.939692 -0 -0.342022 3.40741e-005 -0.999983 -0.00579891
-9.901 136.272 55.709 0.5469 0.9814 -0.1736 -0.0028 0.9848 -0.939692 -0 -0.342022 3.40741e-005 -0.999983 -0.00579891
-9.98395 222.324 56.1788 0.5473 0.5511 -0.1736 -0.0055 0.9848 -0.939692 -0 -0.342022 3.40741e-005 -0.999983 -0.00579891
-27.7626 222.324 49.7079 0.6362 0.5511 -0.5 -0.0055 0.866 -0.766045 0 -0.642787 -0.000165221 -0.999974 -0.00726758
-42.256 222.324 37.5465 0.7087 0.5511 -0.766 -0.0055 0.6428 -0.766045 0 -0.642787 -0.000165221 -0.999974 -0.00726758
-41.8904 136.272 37.2398 0.7068 0.9814 -0.766 -0.0028 0.6428 -0.766045 0 -0.642787 -0.000165221 -0.999974 -0.00726758
-41.8904 136.272 37.2398 0.7068 0.9814 -0.766 -0.0028 0.6428 -0.766045 -0 -0.642787 -1.77115e-005 -0.999974 -0.00714404
-27.524 136.272 49.2946 0.635 0.9814 -0.5 -0.0028 0.866 -0.766045 -0 -0.642787 -1.77115e-005 -0.999974 -0.00714404
-27.7626 222.324 49.7079 0.6362 0.5511 -0.5 -0.0055 0.866 -0.766045 -0 -0.642787 -1.77115e-005 -0.999974 -0.00714404
-42.256 222.324 37.5465 0.3249 0.5511 -0.766 -0.0055 0.6428 -0.499998 0 -0.866026 0.00641827 -0.999979 0.00019575
-51.7158 222.324 21.1617 0.4068 0.5511 -0.9397 -0.0055 0.342 -0.499998 0 -0.866026 0.00641827 -0.999979 0.00019575
-51.2675 136.272 20.9984 0.4077 0.9814 -0.9397 -0.0028 0.342 -0.499998 0 -0.866026 0.00641827 -0.999979 0.00019575
-51.2675 136.272 20.9984 0.4077 0.9814 -0.9397 -0.0028 0.342 -0.500002 -0 -0.866024 0.00625898 -0.99998 -8.18393e-005
-41.8904 136.272 37.2398 0.3264 0.9814 -0.766 -0.0028 0.6428 -0.500002 -0 -0.866024 0.00625898 -0.99998 -8.18393e-005
-42.256 222.324 37.5465 0.3249 0.5511 -0.766 -0.0055 0.6428 -0.500002 -0 -0.866024 0.00625898 -0.99998 -8.18393e-005
-51.7158 222.324 21.1617 0.4068 0.5511 -0.9397 -0.0055 0.342 -0.173649 0 -0.984808 0.00554507 -0.999985 0
-55.0012 222.324 2.52936 0.5 0.5511 -1 -0.0055 0 -0.173649 0 -0.984808 0.00554507 -0.999985 0
-54.524 136.272 2.52936 0.5 0.9814 -1 -0.0028 0 -0.173649 0 -0.984808 0.00554507 -0.999985 0
-54.524 136.272 2.52936 0.5 0.9814 -1 -0.0028 0 -0.173648 -0 -0.984808 0.00557931 -0.999984 0.000196162
-51.2675 136.272 20.9984 0.4077 0.9814 -0.9397 -0.0028 0.342 -0.173648 -0 -0.984808 0.00557931 -0.999984 0.000196162
-51.7158 222.324 21.1617 0.4068 0.5511 -0.9397 -0.0055 0.342 -0.173648 -0 -0.984808 0.00557931 -0.999984 0.000196162
-55.0012 222.324 2.52936 0.5 0.5511 -1 -0.0055 0 0.173649 0 -0.984808 0.00557898 -0.999984 -0.000194699
-51.7158 222.324 -16.1029 0.5932 0.5511 -0.9397 -0.0055 -0.342 0.173649 0 -0.984808 0.00557898 -0.999984 -0.000194699
-51.2675 136.272 -15.9398 0.5923 0.9814 -0.9397 -0.0028 -0.342 0.173649 0 -0.984808 0.00557898 -0.999984 -0.000194699
-51.2675 136.272 -15.9398 0.5923 0.9814 -0.9397 -0.0028 -0.342 0.173648 -0 -0.984808 0.00554507 -0.999985 0
-54.524 136.272 2.52936 0.5 0.9814 -1 -0.0028 0 0.173648 -0 -0.984808 0.00554507 -0.999985 0
-55.0012 222.324 2.52936 0.5 0.5511 -1 -0.0055 0 0.173648 -0 -0.984808 0.00554507 -0.999985 0
-51.7158 222.324 -16.1029 0.5932 0.5511 -0.9397 -0.0055 -0.342 0.499996 0 -0.866028 0.00626179 -0.99998 7.79922e-005
-42.256 222.324 -32.4879 0.6751 0.5511 -0.766 -0.0055 -0.6428 0.499996 0 -0.866028 0.00626179 -0.99998 7.79922e-005
-41.8904 136.272 -32.1812 0.6736 0.9814 -0.766 -0.0028 -0.6428 0.499996 0 -0.866028 0.00626179 -0.99998 7.79922e-005
-41.8904 136.272 -32.1812 0.6736 0.9814 -0.766 -0.0028 -0.6428 0.500002 -0 -0.866024 0.00641658 -0.999979 -0.000193156
-51.2675 136.272 -15.9398 0.5923 0.9814 -0.9397 -0.0028 -0.342 0.500002 -0 -0.866024 0.00641658 -0.999979 -0.000193156
-51.7158 222.324 -16.1029 0.5932 0.5511 -0.9397 -0.0055 -0.342 0.500002 -0 -0.866024 0.00641658 -0.999979 -0.000193156
-42.256 222.324 -32.4879 0.2913 0.5511 -0.766 -0.0055 -0.6428 0.766047 0 -0.642785 -1.52094e-005 -0.999974 0.00714085
-27.7626 222.324 -44.6493 0.3638 0.5511 -0.5 -0.0055 -0.866 0.766047 0 -0.642785 -1.52094e-005 -0.999974 0.00714085
-27.524 136.272 -44.2361 0.365 0.9814 -0.5 -0.0028 -0.866 0.766047 0 -0.642785 -1.52094e-005 -0.999974 0.00714085
-27.524 136.272 -44.2361 0.365 0.9814 -0.5 -0.0028 -0.866 0.766043 -0 -0.64279 -0.000169262 -0.999974 0.00727205
-41.8904 136.272 -32.1812 0.2932 0.9814 -0.766 -0.0028 -0.6428 0.766043 -0 -0.64279 -0.000169262 -0.999974 0.00727205
-42.256 222.324 -32.4879 0.2913 0.5511 -0.766 -0.0055 -0.6428 0.766043 -0 -0.64279 -0.000169262 -0.999974 0.00727205
-27.7626 222.324 -44.6493 0.3638 0.5511 -0.5 -0.0055 -0.866 0.939692 0 -0.342023 3.42972e-005 -0.999983 0.00580007
-9.98395 222.324 -51.1202 0.4527 0.5511 -0.1736 -0.0055 -0.9848 0.939692 0 -0.342023 3.42972e-005 -0.999983 0.00580007
-9.901 136.272 -50.6502 0.4531 0.9814 -0.1736 -0.0028 -0.9848 0.939692 0 -0.342023 3.42972e-005 -0.999983 0.00580007
-9.901 136.272 -50.6502 0.4531 0.9814 -0.1736 -0.0028 -0.9848 0.939694 -0 -0.342016 -1.69663e-005 -0.999983 0.00581703
-27.524 136.272 -44.2361 0.365 0.9814 -0.5 -0.0028 -0.866 0.939694 -0 -0.342016 -1.69663e-005 -0.999983 0.00581703
-27.7626 222.324 -44.6493 0.3638 0.5511 -0.5 -0.0055 -0.866 0.939694 -0 -0.342016 -1.69663e-005 -0.999983 0.00581703
-9.98395 222.324 -51.1202 0.4527 0.5511 -0.1736 -0.0055 -0.9848 1 0 0 -3.42516e-005 -0.999985 0.00546173
8.93579 222.324 -51.1202 0.5473 0.5511 0.1736 -0.0055 -0.9848 1 0 0 -3.42516e-005 -0.999985 0.00546173
8.85284 136.272 -50.6502 0.5469 0.9814 0.1736 -0.0028 -0.9848 1 0 0 -3.42516e-005 -0.999985 0.00546173
8.85284 136.272 -50.6502 0.5469 0.9814 0.1736 -0.0028 -0.9848 1 -0 0 3.45437e-005 -0.999985 0.00546174
-9.901 136.272 -50.6502 0.4531 0.9814 -0.1736 -0.0028 -0.9848 1 -0 0 3.45437e-005 -0.999985 0.00546174
-9.98395 222.324 -51.1202 0.4527 0.5511 -0.1736 -0.0055 -0.9848 1 -0 0 3.45437e-005 -0.999985 0.00546174
8.93579 222.324 -51.1202 0.5473 0.5511 0.1736 -0.0055 -0.9848 0.939691 0 0.342023 1.6985e-005 -0.999983 0.0058168
26.7145 222.324 -44.6493 0.6362 0.5511 0.5 -0.0055 -0.866 0.939691 0 0.342023 1.6985e-005 -0.999983 0.0058168
26.476 136.272 -44.2361 0.635 0.9814 0.5 -0.0028 -0.866 0.939691 0 0.342023 1.6985e-005 -0.999983 0.0058168
26.476 136.272 -44.2361 0.635 0.9814 0.5 -0.0028 -0.866 0.939694 -0 0.342015 -3.40584e-005 -0.999983 0.00580015
8.85284 136.272 -50.6502 0.5469 0.9814 0.1736 -0.0028 -0.9848 0.939694 -0 0.342015 -3.40584e-005 -0.999983 0.00580015
8.93579 222.324 -51.1202 0.5473 0.5511 0.1736 -0.0055 -0.9848 0.939694 -0 0.342015 -3.40584e-005 -0.999983 0.00580015
26.7145 222.324 -44.6493 0.6362 0.5511 0.5 -0.0055 -0.866 0.766047 0 0.642785 0.000165928 -0.999974 0.00726755
41.2079 222.324 -32.4879 0.7087 0.5511 0.766 -0.0055 -0.6428 0.766047 0 0.642785 0.000165928 -0.999974 0.00726755
40.8423 136.272 -32.1812 0.7068 0.9814 0.766 -0.0028 -0.6428 0.766047 0 0.642785 0.000165928 -0.999974 0.00726755
40.8423 136.272 -32.1812 0.7068 0.9814 0.766 -0.0028 -0.6428 0.766045 -0 0.642787 1.84254e-005 -0.999974 0.00714298
26.476 136.272 -44.2361 0.635 0.9814 0.5 -0.0028 -0.866 0.766045 -0 0.642787 1.84254e-005 -0.999974 0.00714298
26.7145 222.324 -44.6493 0.6362 0.5511 0.5 -0.0055 -0.866 0.766045 -0 0.642787 1.84254e-005 -0.999974 0.00714298
54.5583 243.049 22.5776 0.6002 0.4475 0.9135 -0.2345 0.3325 -0.173649 0 0.984808 -0.195762 -0.980651 -0.000784063
50.6678 222.324 21.1617 0.5932 0.5511 0.9215 -0.1959 0.3354 -0.173649 0 0.984808 -0.195762 -0.980651 -0.000784063
53.9532 222.324 2.52936 0.5 0.5511 0.9806 -0.1959 -0 -0.173649 0 0.984808 -0.195762 -0.980651 -0.000784063
53.9532 222.324 2.52936 0.5 0.5511 0.9806 -0.1959 -0 -0.173644 0 0.984808 -0.19589 -0.980626 0
58.0933 243.049 2.52936 0.5 0.4475 0.9721 -0.2345 -0 -0.173644 0 0.984808 -0.19589 -0.980626 0
54.5583 243.049 22.5776 0.6002 0.4475 0.9135 -0.2345 0.3325 -0.173644 0 0.984808 -0.19589 -0.980626 0
44.3794 243.049 40.2078 0.6884 0.4475 0.7447 -0.2345 0.6249 -0.500003 0 0.866024 -0.221507 -0.975159 -2.0152e-005
41.2079 222.324 37.5465 0.6751 0.5511 0.7512 -0.1959 0.6303 -0.500003 0 0.866024 -0.221507 -0.975159 -2.0152e-005
50.6678 222.324 21.1617 0.5932 0.5511 0.9215 -0.1959 0.3354 -0.500003 0 0.866024 -0.221507 -0.975159 -2.0152e-005
50.6678 222.324 21.1617 0.5932 0.5511 0.9215 -0.1959 0.3354 -0.500005 0 0.866023 -0.221087 -0.975254 -0.000789337
54.5583 243.049 22.5776 0.6002 0.4475 0.9135 -0.2345 0.3325 -0.500005 0 0.866023 -0.221087 -0.975254 -0.000789337
44.3794 243.049 40.2078 0.6884 0.4475 0.7447 -0.2345 0.6249 -0.500005 0 0.866023 -0.221087 -0.975254 -0.000789337
28.7845 243.049 53.2935 0.3535 0.4475 0.4861 -0.2345 0.8419 -0.766042 0 0.642791 -0.000509629 -0.968674 -0.248336
26.7146 222.324 49.7079 0.3638 0.5511 0.4903 -0.1959 0.8492 -0.766042 0 0.642791 -0.000509629 -0.968674 -0.248336
41.2079 222.324 37.5465 0.2913 0.5511 0.7512 -0.1959 0.6303 -0.766042 0 0.642791 -0.000509629 -0.968674 -0.248336
41.2079 222.324 37.5465 0.2913 0.5511 0.7512 -0.1959 0.6303 -0.766043 0 0.642789 -0.000586708 -0.968689 -0.248277
44.3794 243.049 40.2078 0.2755 0.4475 0.7447 -0.2345 0.6249 -0.766043 0 0.642789 -0.000586708 -0.968689 -0.248277
28.7845 243.049 53.2935 0.3535 0.4475 0.4861 -0.2345 0.8419 -0.766043 0 0.642789 -0.000586708 -0.968689 -0.248277
9.65479 243.049 60.2561 0.4491 0.4475 0.1688 -0.2345 0.9573 -0.939694 0 0.342018 4.52376e-005 -0.978776 -0.204931
8.93579 222.324 56.1788 0.4527 0.5511 0.1703 -0.1959 0.9657 -0.939694 0 0.342018 4.52376e-005 -0.978776 -0.204931
26.7146 222.324 49.7079 0.3638 0.5511 0.4903 -0.1959 0.8492 -0.939694 0 0.342018 4.52376e-005 -0.978776 -0.204931
26.7146 222.324 49.7079 0.3638 0.5511 0.4903 -0.1959 0.8492 -0.939692 0 0.342021 -0.000420242 -0.978811 -0.204765
28.7845 243.049 53.2935 0.3535 0.4475 0.4861 -0.2345 0.8419 -0.939692 0 0.342021 -0.000420242 -0.978811 -0.204765
9.65479 243.049 60.2561 0.4491 0.4475 0.1688 -0.2345 0.9573 -0.939692 0 0.342021 -0.000420242 -0.978811 -0.204765
-10.7028 243.049 60.2561 0.5509 0.4475 -0.1688 -0.2345 0.9573 -1 0 0 -5.29247e-005 -0.981193 -0.193031
-9.98395 222.324 56.1788 0.5473 0.5511 -0.1703 -0.1959 0.9657 -1 0 0 -5.29247e-005 -0.981193 -0.193031
8.93579 222.324 56.1788 0.4527 0.5511 0.1703 -0.1959 0.9657 -1 0 0 -5.29247e-005 -0.981193 -0.193031
8.93579 222.324 56.1788 0.4527 0.5511 0.1703 -0.1959 0.9657 -1 0 0 4.36064e-005 -0.981193 -0.193031
9.65479 243.049 60.2561 0.4491 0.4475 0.1688 -0.2345 0.9573 -1 0 0 4.36064e-005 -0.981193 -0.193031
-10.7028 243.049 60.2561 0.5509 0.4475 -0.1688 -0.2345 0.9573 -1 0 0 4.36064e-005 -0.981193 -0.193031
-29.8327 243.049 53.2934 0.6465 0.4475 -0.4861 -0.2345 0.8419 -0.939693 0 -0.34202 0.000482283 -0.978816 -0.204741
-27.7626 222.324 49.7079 0.6362 0.5511 -0.4903 -0.1959 0.8492 -0.939693 0 -0.34202 0.000482283 -0.978816 -0.204741
-9.98395 222.324 56.1788 0.5473 0.5511 -0.1703 -0.1959 0.9657 -0.939693 0 -0.34202 0.000482283 -0.978816 -0.204741
-9.98395 222.324 56.1788 0.5473 0.5511 -0.1703 -0.1959 0.9657 -0.939691 0 -0.342024 -7.08548e-005 -0.978775 -0.204938
-10.7028 243.049 60.2561 0.5509 0.4475 -0.1688 -0.2345 0.9573 -0.939691 0 -0.342024 -7.08548e-005 -0.978775 -0.204938
-29.8327 243.049 53.2934 0.6465 0.4475 -0.4861 -0.2345 0.8419 -0.939691 0 -0.342024 -7.08548e-005 -0.978775 -0.204938
-45.4276 243.049 40.2078 0.7245 0.4475 -0.7447 -0.2345 0.6249 -0.766045 0 -0.642787 0.00060437 -0.968693 -0.248262
-42.256 222.324 37.5465 0.7087 0.5511 -0.7512 -0.1959 0.6303 -0.766045 0 -0.642787 0.00060437 -0.968693 -0.248262
-27.7626 222.324 49.7079 0.6362 0.5511 -0.4903 -0.1959 0.8492 -0.766045 0 -0.642787 0.00060437 -0.968693 -0.248262
-27.7626 222.324 49.7079 0.6362 0.5511 -0.4903 -0.1959 0.8492 -0.766046 0 -0.642786 0.000501936 -0.968672 -0.248341
-29.8327 243.049 53.2934 0.6465 0.4475 -0.4861 -0.2345 0.8419 -0.766046 0 -0.642786 0.000501936 -0.968672 -0.248341
-45.4276 243.049 40.2078 0.7245 0.4475 -0.7447 -0.2345 0.6249 -0.766046 0 -0.642786 0.000501936 -0.968672 -0.248341
-55.6063 243.049 22.5776 0.3998 0.4475 -0.9135 -0.2345 0.3325 -0.499998 0 -0.866026 0.221118 -0.975247 -0.000732546
-51.7158 222.324 21.1617 0.4068 0.5511 -0.9215 -0.1959 0.3354 -0.499998 0 -0.866026 0.221118 -0.975247 -0.000732546
-42.256 222.324 37.5465 0.3249 0.5511 -0.7512 -0.1959 0.6303 -0.499998 0 -0.866026 0.221118 -0.975247 -0.000732546
-42.256 222.324 37.5465 0.3249 0.5511 -0.7512 -0.1959 0.6303 -0.500001 0 -0.866025 0.221448 -0.975172 -0.000127651
-45.4276 243.049 40.2078 0.3116 0.4475 -0.7447 -0.2345 0.6249 -0.500001 0 -0.866025 0.221448 -0.975172 -0.000127651
-55.6063 243.049 22.5776 0.3998 0.4475 -0.9135 -0.2345 0.3325 -0.500001 0 -0.866025 0.221448 -0.975172 -0.000127651
-59.1413 243.049 2.52936 0.5 0.4475 -0.9721 -0.2345 0 -0.173649 0 -0.984808 0.19589 -0.980626 0
-55.0012 222.324 2.52936 0.5 0.5511 -0.9806 -0.1959 0 -0.173649 0 -0.984808 0.19589 -0.980626 0
-51.7158 222.324 21.1617 0.4068 0.5511 -0.9215 -0.1959 0.3354 -0.173649 0 -0.984808 0.19589 -0.980626 0
-51.7158 222.324 21.1617 0.4068 0.5511 -0.9215 -0.1959 0.3354 -0.173644 0 -0.984808 0.195771 -0.980649 -0.000728999
-55.6063 243.049 22.5776 0.3998 0.4475 -0.9135 -0.2345 0.3325 -0.173644 0 -0.984808 0.195771 -0.980649 -0.000728999
-59.1413 243.049 2.52936 0.5 0.4475 -0.9721 -0.2345 0 -0.173644 0 -0.984808 0.195771 -0.980649 -0.000728999
-55.6063 243.049 -17.519 0.6002 0.4475 -0.9135 -0.2345 -0.3325 0.173649 0 -0.984808 0.195762 -0.980651 0.000785501
-51.7158 222.324 -16.1029 0.5932 0.5511 -0.9215 -0.1959 -0.3354 0.173649 0 -0.984808 0.195762 -0.980651 0.000785501
-55.0012 222.324 2.52936 0.5 0.5511 -0.9806 -0.1959 0 0.173649 0 -0.984808 0.195762 -0.980651 0.000785501
-55.0012 222.324 2.52936 0.5 0.5511 -0.9806 -0.1959 0 0.173644 0 -0.984808 0.19589 -0.980626 -0
-59.1413 243.049 2.52936 0.5 0.4475 -0.9721 -0.2345 0 0.173644 0 -0.984808 0.19589 -0.980626 -0
-55.6063 243.049 -17.519 0.6002 0.4475 -0.9135 -0.2345 -0.3325 0.173644 0 -0.984808 0.19589 -0.980626 -0
-45.4276 243.049 -35.1491 0.6884 0.4475 -0.7447 -0.2345 -0.6249 0.499996 0 -0.866028 0.221506 -0.975159 1.77893e-005
-42.256 222.324 -32.4879 0.6751 0.5511 -0.7512 -0.1959 -0.6303 0.499996 0 -0.866028 0.221506 -0.975159 1.77893e-005
-51.7158 222.324 -16.1029 0.5932 0.5511 -0.9215 -0.1959 -0.3354 0.499996 0 -0.866028 0.221506 -0.975159 1.77893e-005
-51.7158 222.324 -16.1029 0.5932 0.5511 -0.9215 -0.1959 -0.3354 0.499999 0 -0.866026 0.221087 -0.975254 0.000790546
-55.6063 243.049 -17.519 0.6002 0.4475 -0.9135 -0.2345 -0.3325 0.499999 0 -0.866026 0.221087 -0.975254 0.000790546
-45.4276 243.049 -35.1491 0.6884 0.4475 -0.7447 -0.2345 -0.6249 0.499999 0 -0.866026 0.221087 -0.975254 0.000790546
-29.8327 243.049 -48.2347 0.3535 0.4475 -0.4861 -0.2345 -0.8419 0.766047 0 -0.642785 0.000514519 -0.968674 0.248334
-27.7626 222.324 -44.6493 0.3638 0.5511 -0.4903 -0.1959 -0.8492 0.766047 0 -0.642785 0.000514519 -0.968674 0.248334
-42.256 222.324 -32.4879 0.2913 0.5511 -0.7512 -0.1959 -0.6303 0.766047 0 -0.642785 0.000514519 -0.968674 0.248334
-42.256 222.324 -32.4879 0.2913 0.5511 -0.7512 -0.1959 -0.6303 0.766045 0 -0.642787 0.000586709 -0.968689 0.248275
-45.4276 243.049 -35.1491 0.2755 0.4475 -0.7447 -0.2345 -0.6249 0.766045 0 -0.642787 0.000586709 -0.968689 0.248275
-29.8327 243.049 -48.2347 0.3535 0.4475 -0.4861 -0.2345 -0.8419 0.766045 0 -0.642787 0.000586709 -0.968689 0.248275
-10.7029 243.049 -55.1974 0.4491 0.4475 -0.1688 -0.2345 -0.9573 0.939692 0 -0.342023 -4.50042e-005 -0.978777 0.204927
-9.98395 222.324 -51.1202 0.4527 0.5511 -0.1703 -0.1959 -0.9657 0.939692 0 -0.342023 -4.50042e-005 -0.978777 0.204927
-27.7626 222.324 -44.6493 0.3638 0.5511 -0.4903 -0.1959 -0.8492 0.939692 0 -0.342023 -4.50042e-005 -0.978777 0.204927
-27.7626 222.324 -44.6493 0.3638 0.5511 -0.4903 -0.1959 -0.8492 0.939692 0 -0.342022 0.000425999 -0.978811 0.204764
-29.8327 243.049 -48.2347 0.3535 0.4475 -0.4861 -0.2345 -0.8419 0.939692 0 -0.342022 0.000425999 -0.978811 0.204764
-10.7029 243.049 -55.1974 0.4491 0.4475 -0.1688 -0.2345 -0.9573 0.939692 0 -0.342022 0.000425999 -0.978811 0.204764
9.65479 243.049 -55.1974 0.5509 0.4475 0.1688 -0.2345 -0.9573 1 0 0 4.71453e-005 -0.981193 0.193027
8.93579 222.324 -51.1202 0.5473 0.5511 0.1703 -0.1959 -0.9657 1 0 0 4.71453e-005 -0.981193 0.193027
-9.98395 222.324 -51.1202 0.4527 0.5511 -0.1703 -0.1959 -0.9657 1 0 0 4.71453e-005 -0.981193 0.193027
-9.98395 222.324 -51.1202 0.4527 0.5511 -0.1703 -0.1959 -0.9657 1 0 0 -4.38109e-005 -0.981193 0.193027
-10.7029 243.049 -55.1974 0.4491 0.4475 -0.1688 -0.2345 -0.9573 1 0 0 -4.38109e-005 -0.981193 0.193027
9.65479 243.049 -55.1974 0.5509 0.4475 0.1688 -0.2345 -0.9573 1 0 0 -4.38109e-005 -0.981193 0.193027
28.7845 243.049 -48.2347 0.6465 0.4475 0.4861 -0.2345 -0.8419 0.939692 0 0.342023 -0.000482282 -0.978815 0.204744
26.7145 222.324 -44.6493 0.6362 0.5511 0.4903 -0.1959 -0.8492 0.939692 0 0.342023 -0.000482282 -0.978815 0.204744
8.93579 222.324 -51.1202 0.5473 0.5511 0.1703 -0.1959 -0.9657 0.939692 0 0.342023 -0.000482282 -0.978815 0.204744
8.93579 222.324 -51.1202 0.5473 0.5511 0.1703 -0.1959 -0.9657 0.939692 0 0.342022 6.48702e-005 -0.978776 0.204934
9.65479 243.049 -55.1974 0.5509 0.4475 0.1688 -0.2345 -0.9573 0.939692 0 0.342022 6.48702e-005 -0.978776 0.204934
28.7845 243.049 -48.2347 0.6465 0.4475 0.4861 -0.2345 -0.8419 0.939692 0 0.342022 6.48702e-005 -0.978776 0.204934
44.3794 243.049 -35.1493 0.7245 0.4475 0.7447 -0.2345 -0.6249 0.766047 0 0.642785 -0.000604369 -0.968692 0.248266
41.2079 222.324 -32.4879 0.7087 0.5511 0.7512 -0.1959 -0.6303 0.766047 0 0.642785 -0.000604369 -0.968692 0.248266
26.7145 222.324 -44.6493 0.6362 0.5511 0.4903 -0.1959 -0.8492 0.766047 0 0.642785 -0.000604369 -0.968692 0.248266
26.7145 222.324 -44.6493 0.6362 0.5511 0.4903 -0.1959 -0.8492 0.766048 0 0.642783 -0.000501935 -0.968672 0.248344
28.7845 243.049 -48.2347 0.6465 0.4475 0.4861 -0.2345 -0.8419 0.766048 0 0.642783 -0.000501935 -0.968672 0.248344
44.3794 243.049 -35.1493 0.7245 0.4475 0.7447 -0.2345 -0.6249 0.766048 0 0.642783 -0.000501935 -0.968672 0.248344
54.5583 243.049 -17.519 0.3998 0.4475 0.9135 -0.2345 -0.3325 0.5 0 0.866025 -0.221118 -0.975247 0.000737799
50.6678 222.324 -16.1029 0.4068 0.5511 0.9215 -0.1959 -0.3354 0.5 0 0.866025 -0.221118 -0.975247 0.000737799
41.2079 222.324 -32.4879 0.3249 0.5511 0.7512 -0.1959 -0.6303 0.5 0 0.866025 -0.221118 -0.975247 0.000737799
41.2079 222.324 -32.4879 0.3249 0.5511 0.7512 -0.1959 -0.6303 0.500003 0 0.866024 -0.221449 -0.975172 0.000131308
44.3794 243.049 -35.1493 0.3116 0.4475 0.7447 -0.2345 -0.6249 0.500003 0 0.866024 -0.221449 -0.975172 0.000131308
54.5583 243.049 -17.519 0.3998 0.4475 0.9135 -0.2345 -0.3325 0.500003 0 0.866024 -0.221449 -0.975172 0.000131308
58.0933 243.049 2.52936 0.5 0.4475 0.9721 -0.2345 -0 0.173649 0 0.984808 -0.19589 -0.980626 0
53.9532 222.324 2.52936 0.5 0.5511 0.9806 -0.1959 -0 0.173649 0 0.984808 -0.19589 -0.980626 0
50.6678 222.324 -16.1029 0.4068 0.5511 0.9215 -0.1959 -0.3354 0.173649 0 0.984808 -0.19589 -0.980626 0
50.6678 222.324 -16.1029 0.4068 0.5511 0.9215 -0.1959 -0.3354 0.173643 0 0.984809 -0.195771 -0.980649 0.000734368
54.5583 243.049 -17.519 0.3998 0.4475 0.9135 -0.2345 -0.3325 0.173643 0 0.984809 -0.195771 -0.980649 0.000734368
58.0933 243.049 2.52936 0.5 0.4475 0.9721 -0.2345 -0 0.173643 0 0.984809 -0.195771 -0.980649 0.000734368
61.8965 270.801 25.2485 0.6136 0.3087 0.8931 -0.3109 0.3251 -0.173644 0 0.984808 -0.27093 -0.962599 0.000354231
54.5583 243.049 22.5776 0.6002 0.4475 0.9135 -0.2345 0.3325 -0.173644 0 0.984808 -0.27093 -0.962599 0.000354231
58.0933 243.049 2.52936 0.5 0.4475 0.9721 -0.2345 -0 -0.173644 0 0.984808 -0.27093 -0.962599 0.000354231
58.0933 243.049 2.52936 0.5 0.4475 0.9721 -0.2345 -0 -0.173647 0 0.984808 -0.270875 -0.962615 0
65.9025 270.801 2.52936 0.5 0.3087 0.9504 -0.3109 -0 -0.173647 0 0.984808 -0.270875 -0.962615 0
61.8965 270.801 25.2485 0.6136 0.3087 0.8931 -0.3109 0.3251 -0.173647 0 0.984808 -0.270875 -0.962615 0
50.3617 270.801 45.2274 0.7135 0.3087 0.7281 -0.3109 0.6109 -0.500005 0 0.866023 -0.304727 -0.95244 -8.55593e-005
44.3794 243.049 40.2078 0.6884 0.4475 0.7447 -0.2345 0.6249 -0.500005 0 0.866023 -0.304727 -0.95244 -8.55593e-005
54.5583 243.049 22.5776 0.6002 0.4475 0.9135 -0.2345 0.3325 -0.500005 0 0.866023 -0.304727 -0.95244 -8.55593e-005
54.5583 243.049 22.5776 0.6002 0.4475 0.9135 -0.2345 0.3325 -0.499999 0 0.866026 -0.304926 -0.952376 0.00030751
61.8965 270.801 25.2485 0.6136 0.3087 0.8931 -0.3109 0.3251 -0.499999 0 0.866026 -0.304926 -0.952376 0.00030751
50.3617 270.801 45.2274 0.7135 0.3087 0.7281 -0.3109 0.6109 -0.499999 0 0.866026 -0.304926 -0.952376 0.00030751
32.6891 270.801 60.0564 0.3339 0.3087 0.4752 -0.3109 0.8231 -0.766043 0 0.642789 0.000477843 -0.940233 -0.340532
28.7845 243.049 53.2935 0.3535 0.4475 0.4861 -0.2345 0.8419 -0.766043 0 0.642789 0.000477843 -0.940233 -0.340532
44.3794 243.049 40.2078 0.2755 0.4475 0.7447 -0.2345 0.6249 -0.766043 0 0.642789 0.000477843 -0.940233 -0.340532
44.3794 243.049 40.2078 0.2755 0.4475 0.7447 -0.2345 0.6249 -0.766047 0 0.642784 6.60102e-005 -0.940342 -0.34023
50.3617 270.801 45.2274 0.2456 0.3087 0.7281 -0.3109 0.6109 -0.766047 0 0.642784 6.60102e-005 -0.940342 -0.34023
32.6891 270.801 60.0564 0.3339 0.3087 0.4752 -0.3109 0.8231 -0.766047 0 0.642784 6.60102e-005 -0.940342 -0.34023
11.0108 270.801 67.9467 0.4423 0.3087 0.165 -0.3109 0.936 -0.939692 0 0.342021 0.000161597 -0.959146 -0.282913
9.65479 243.049 60.2561 0.4491 0.4475 0.1688 -0.2345 0.9573 -0.939692 0 0.342021 0.000161597 -0.959146 -0.282913
28.7845 243.049 53.2935 0.3535 0.4475 0.4861 -0.2345 0.8419 -0.939692 0 0.342021 0.000161597 -0.959146 -0.282913
28.7845 243.049 53.2935 0.3535 0.4475 0.4861 -0.2345 0.8419 -0.939692 0 0.342021 0.000521859 -0.95911 -0.283034
32.6891 270.801 60.0564 0.3339 0.3087 0.4752 -0.3109 0.8231 -0.939692 0 0.342021 0.000521859 -0.95911 -0.283034
11.0108 270.801 67.9467 0.4423 0.3087 0.165 -0.3109 0.936 -0.939692 0 0.342021 0.000521859 -0.95911 -0.283034
-12.0589 270.801 67.9467 0.5577 0.3087 -0.165 -0.3109 0.936 -1 0 0 -0.000130545 -0.963682 -0.267053
-10.7028 243.049 60.2561 0.5509 0.4475 -0.1688 -0.2345 0.9573 -1 0 0 -0.000130545 -0.963682 -0.267053
9.65479 243.049 60.2561 0.4491 0.4475 0.1688 -0.2345 0.9573 -1 0 0 -0.000130545 -0.963682 -0.267053
9.65479 243.049 60.2561 0.4491 0.4475 0.1688 -0.2345 0.9573 -1 0 0 0.000117156 -0.963682 -0.267053
11.0108 270.801 67.9467 0.4423 0.3087 0.165 -0.3109 0.936 -1 0 0 0.000117156 -0.963682 -0.267053
-12.0589 270.801 67.9467 0.5577 0.3087 -0.165 -0.3109 0.936 -1 0 0 0.000117156 -0.963682 -0.267053
-33.7373 270.801 60.0564 0.6661 0.3087 -0.4752 -0.3109 0.8231 -0.939691 0 -0.342024 -0.000601992 -0.959101 -0.283064
-29.8327 243.049 53.2934 0.6465 0.4475 -0.4861 -0.2345 0.8419 -0.939691 0 -0.342024 -0.000601992 -0.959101 -0.283064
-10.7028 243.049 60.2561 0.5509 0.4475 -0.1688 -0.2345 0.9573 -0.939691 0 -0.342024 -0.000601992 -0.959101 -0.283064
-10.7028 243.049 60.2561 0.5509 0.4475 -0.1688 -0.2345 0.9573 -0.939692 0 -0.342021 -0.000132035 -0.959148 -0.282904
-12.0589 270.801 67.9467 0.5577 0.3087 -0.165 -0.3109 0.936 -0.939692 0 -0.342021 -0.000132035 -0.959148 -0.282904
-33.7373 270.801 60.0564 0.6661 0.3087 -0.4752 -0.3109 0.8231 -0.939692 0 -0.342021 -0.000132035 -0.959148 -0.282904
-51.4097 270.801 45.2274 0.7544 0.3087 -0.7281 -0.3109 0.6109 -0.766046 0 -0.642786 0.000140477 -0.940398 -0.340075
-45.4276 243.049 40.2078 0.7245 0.4475 -0.7447 -0.2345 0.6249 -0.766046 0 -0.642786 0.000140477 -0.940398 -0.340075
-29.8327 243.049 53.2934 0.6465 0.4475 -0.4861 -0.2345 0.8419 -0.766046 0 -0.642786 0.000140477 -0.940398 -0.340075
-29.8327 243.049 53.2934 0.6465 0.4475 -0.4861 -0.2345 0.8419 -0.766045 0 -0.642787 -0.000614935 -0.940195 -0.340636
-33.7373 270.801 60.0564 0.6661 0.3087 -0.4752 -0.3109 0.8231 -0.766045 0 -0.642787 -0.000614935 -0.940195 -0.340636
-51.4097 270.801 45.2274 0.7544 0.3087 -0.7281 -0.3109 0.6109 -0.766045 0 -0.642787 -0.000614935 -0.940195 -0.340636
-62.9446 270.801 25.2485 0.3864 0.3087 -0.8931 -0.3109 0.3251 -0.5 0 -0.866025 0.304906 -0.952382 0.00026079
-55.6063 243.049 22.5776 0.3998 0.4475 -0.9135 -0.2345 0.3325 -0.5 0 -0.866025 0.304906 -0.952382 0.00026079
-45.4276 243.049 40.2078 0.3116 0.4475 -0.7447 -0.2345 0.6249 -0.5 0 -0.866025 0.304906 -0.952382 0.00026079
-45.4276 243.049 40.2078 0.3116 0.4475 -0.7447 -0.2345 0.6249 -0.500003 0 -0.866024 0.304769 -0.952426 1.41288e-006
-51.4097 270.801 45.2274 0.2865 0.3087 -0.7281 -0.3109 0.6109 -0.500003 0 -0.866024 0.304769 -0.952426 1.41288e-006
-62.9446 270.801 25.2485 0.3864 0.3087 -0.8931 -0.3109 0.3251 -0.500003 0 -0.866024 0.304769 -0.952426 1.41288e-006
-66.9505 270.801 2.52936 0.5 0.3087 -0.9504 -0.3109 0 -0.173644 0 -0.984808 0.270875 -0.962615 0
-59.1413 243.049 2.52936 0.5 0.4475 -0.9721 -0.2345 0 -0.173644 0 -0.984808 0.270875 -0.962615 0
-55.6063 243.049 22.5776 0.3998 0.4475 -0.9135 -0.2345 0.3325 -0.173644 0 -0.984808 0.270875 -0.962615 0
-55.6063 243.049 22.5776 0.3998 0.4475 -0.9135 -0.2345 0.3325 -0.173642 0 -0.984809 0.270927 -0.9626 0.000312265
-62.9446 270.801 25.2485 0.3864 0.3087 -0.8931 -0.3109 0.3251 -0.173642 0 -0.984809 0.270927 -0.9626 0.000312265
-66.9505 270.801 2.52936 0.5 0.3087 -0.9504 -0.3109 0 -0.173642 0 -0.984809 0.270927 -0.9626 0.000312265
-62.9446 270.801 -20.1898 0.6136 0.3087 -0.8931 -0.3109 -0.3251 0.173644 0 -0.984808 0.270934 -0.962598 -0.000354365
-55.6063 243.049 -17.519 0.6002 0.4475 -0.9135 -0.2345 -0.3325 0.173644 0 -0.984808 0.270934 -0.962598 -0.000354365
-59.1413 243.049 2.52936 0.5 0.4475 -0.9721 -0.2345 0 0.173644 0 -0.984808 0.270934 -0.962598 -0.000354365
-59.1413 243.049 2.52936 0.5 0.4475 -0.9721 -0.2345 0 0.173642 0 -0.984809 0.270875 -0.962615 -0
-66.9505 270.801 2.52936 0.5 0.3087 -0.9504 -0.3109 0 0.173642 0 -0.984809 0.270875 -0.962615 -0
-62.9446 270.801 -20.1898 0.6136 0.3087 -0.8931 -0.3109 -0.3251 0.173642 0 -0.984809 0.270875 -0.962615 -0
-51.4097 270.801 -40.1689 0.7135 0.3087 -0.7281 -0.3109 -0.6109 0.499999 0 -0.866026 0.304722 -0.952441 8.60233e-005
-45.4276 243.049 -35.1491 0.6884 0.4475 -0.7447 -0.2345 -0.6249 0.499999 0 -0.866026 0.304722 -0.952441 8.60233e-005
-55.6063 243.049 -17.519 0.6002 0.4475 -0.9135 -0.2345 -0.3325 0.499999 0 -0.866026 0.304722 -0.952441 8.60233e-005
-55.6063 243.049 -17.519 0.6002 0.4475 -0.9135 -0.2345 -0.3325 0.500001 0 -0.866025 0.304931 -0.952374 -0.000307939
-62.9446 270.801 -20.1898 0.6136 0.3087 -0.8931 -0.3109 -0.3251 0.500001 0 -0.866025 0.304931 -0.952374 -0.000307939
-51.4097 270.801 -40.1689 0.7135 0.3087 -0.7281 -0.3109 -0.6109 0.500001 0 -0.866025 0.304931 -0.952374 -0.000307939
-33.7373 270.801 -54.9977 0.3339 0.3087 -0.4752 -0.3109 -0.8231 0.766045 0 -0.642787 -0.000477843 -0.940232 0.340535
-29.8327 243.049 -48.2347 0.3535 0.4475 -0.4861 -0.2345 -0.8419 0.766045 0 -0.642787 -0.000477843 -0.940232 0.340535
-45.4276 243.049 -35.1491 0.2755 0.4475 -0.7447 -0.2345 -0.6249 0.766045 0 -0.642787 -0.000477843 -0.940232 0.340535
-45.4276 243.049 -35.1491 0.2755 0.4475 -0.7447 -0.2345 -0.6249 0.766045 0 -0.642787 -6.87434e-005 -0.940342 0.340231
-51.4097 270.801 -40.1689 0.2456 0.3087 -0.7281 -0.3109 -0.6109 0.766045 0 -0.642787 -6.87434e-005 -0.940342 0.340231
-33.7373 270.801 -54.9977 0.3339 0.3087 -0.4752 -0.3109 -0.8231 0.766045 0 -0.642787 -6.87434e-005 -0.940342 0.340231
-12.0589 270.801 -62.8881 0.4423 0.3087 -0.165 -0.3109 -0.936 0.939692 0 -0.342022 -0.000163709 -0.959145 0.282916
-10.7029 243.049 -55.1974 0.4491 0.4475 -0.1688 -0.2345 -0.9573 0.939692 0 -0.342022 -0.000163709 -0.959145 0.282916
-29.8327 243.049 -48.2347 0.3535 0.4475 -0.4861 -0.2345 -0.8419 0.939692 0 -0.342022 -0.000163709 -0.959145 0.282916
-29.8327 243.049 -48.2347 0.3535 0.4475 -0.4861 -0.2345 -0.8419 0.939692 0 -0.342021 -0.000522238 -0.959109 0.283037
-33.7373 270.801 -54.9977 0.3339 0.3087 -0.4752 -0.3109 -0.8231 0.939692 0 -0.342021 -0.000522238 -0.959109 0.283037
-12.0589 270.801 -62.8881 0.4423 0.3087 -0.165 -0.3109 -0.936 0.939692 0 -0.342021 -0.000522238 -0.959109 0.283037
11.0108 270.801 -62.8881 0.5577 0.3087 0.165 -0.3109 -0.936 1 0 0 0.000132944 -0.963681 0.267057
9.65479 243.049 -55.1974 0.5509 0.4475 0.1688 -0.2345 -0.9573 1 0 0 0.000132944 -0.963681 0.267057
-10.7029 243.049 -55.1974 0.4491 0.4475 -0.1688 -0.2345 -0.9573 1 0 0 0.000132944 -0.963681 0.267057
-10.7029 243.049 -55.1974 0.4491 0.4475 -0.1688 -0.2345 -0.9573 1 0 0 -0.000119272 -0.963681 0.267057
-12.0589 270.801 -62.8881 0.4423 0.3087 -0.165 -0.3109 -0.936 1 0 0 -0.000119272 -0.963681 0.267057
11.0108 270.801 -62.8881 0.5577 0.3087 0.165 -0.3109 -0.936 1 0 0 -0.000119272 -0.963681 0.267057
32.6891 270.801 -54.9977 0.6661 0.3087 0.4752 -0.3109 -0.8231 0.939692 0 0.342022 0.00060112 -0.959101 0.283064
28.7845 243.049 -48.2347 0.6465 0.4475 0.4861 -0.2345 -0.8419 0.939692 0 0.342022 0.00060112 -0.959101 0.283064
9.65479 243.049 -55.1974 0.5509 0.4475 0.1688 -0.2345 -0.9573 0.939692 0 0.342022 0.00060112 -0.959101 0.283064
9.65479 243.049 -55.1974 0.5509 0.4475 0.1688 -0.2345 -0.9573 0.939692 0 0.342022 0.000134012 -0.959147 0.282907
11.0108 270.801 -62.8881 0.5577 0.3087 0.165 -0.3109 -0.936 0.939692 0 0.342022 0.000134012 -0.959147 0.282907
32.6891 270.801 -54.9977 0.6661 0.3087 0.4752 -0.3109 -0.8231 0.939692 0 0.342022 0.000134012 -0.959147 0.282907
50.3617 270.801 -40.1689 0.7544 0.3087 0.7281 -0.3109 -0.6109 0.766048 0 0.642783 -0.000144621 -0.9404 0.340071
44.3794 243.049 -35.1493 0.7245 0.4475 0.7447 -0.2345 -0.6249 0.766048 0 0.642783 -0.000144621 -0.9404 0.340071
28.7845 243.049 -48.2347 0.6465 0.4475 0.4861 -0.2345 -0.8419 0.766048 0 0.642783 -0.000144621 -0.9404 0.340071
28.7845 243.049 -48.2347 0.6465 0.4475 0.4861 -0.2345 -0.8419 0.766047 0 0.642784 0.00061585 -0.940195 0.340636
32.6891 270.801 -54.9977 0.6661 0.3087 0.4752 -0.3109 -0.8231 0.766047 0 0.642784 0.00061585 -0.940195 0.340636
50.3617 270.801 -40.1689 0.7544 0.3087 0.7281 -0.3109 -0.6109 0.766047 0 0.642784 0.00061585 -0.940195 0.340636
61.8965 270.801 -20.1899 0.3864 0.3087 0.8931 -0.3109 -0.3251 0.500003 0 0.866024 -0.304903 -0.952383 -0.000261266
54.5583 243.049 -17.519 0.3998 0.4475 0.9135 -0.2345 -0.3325 0.500003 0 0.866024 -0.304903 -0.952383 -0.000261266
44.3794 243.049 -35.1493 0.3116 0.4475 0.7447 -0.2345 -0.6249 0.500003 0 0.866024 -0.304903 -0.952383 -0.000261266
44.3794 243.049 -35.1493 0.3116 0.4475 0.7447 -0.2345 -0.6249 0.499999 0 0.866026 -0.304771 -0.952425 -4.55601e-006
50.3617 270.801 -40.1689 0.2865 0.3087 0.7281 -0.3109 -0.6109 0.499999 0 0.866026 -0.304771 -0.952425 -4.55601e-006
61.8965 270.801 -20.1899 0.3864 0.3087 0.8931 -0.3109 -0.3251 0.499999 0 0.866026 -0.304771 -0.952425 -4.55601e-006
65.9025 270.801 2.52936 0.5 0.3087 0.9504 -0.3109 -0 0.173643 0 0.984809 -0.270875 -0.962615 0
58.0933 243.049 2.52936 0.5 0.4475 0.9721 -0.2345 -0 0.173643 0 0.984809 -0.270875 -0.962615 0
54.5583 243.049 -17.519 0.3998 0.4475 0.9135 -0.2345 -0.3325 0.173643 0 0.984809 -0.270875 -0.962615 0
54.5583 243.049 -17.519 0.3998 0.4475 0.9135 -0.2345 -0.3325 0.173646 0 0.984808 -0.270924 -0.962601 -0.000312757
61.8965 270.801 -20.1899 0.3864 0.3087 0.8931 -0.3109 -0.3251 0.173646 0 0.984808 -0.270924 -0.962601 -0.000312757
65.9025 270.801 2.52936 0.5 0.3087 0.9504 -0.3109 -0 0.173646 0 0.984808 -0.270924 -0.962601 -0.000312757
73.117 302.991 29.3325 0.634 0.1478 0.8555 -0.4138 0.3114 -0.173647 0 0.984808 -0.347769 -0.93758 -0.000118668
61.8965 270.801 25.2485 0.6136 0.3087 0.8931 -0.3109 0.3251 -0.173647 0 0.984808 -0.347769 -0.93758 -0.000118668
65.9025 270.801 2.52936 0.5 0.3087 0.9504 -0.3109 -0 -0.173647 0 0.984808 -0.347769 -0.93758 -0.000118668
65.9025 270.801 2.52936 0.5 0.3087 0.9504 -0.3109 -0 -0.173647 0 0.984808 -0.347788 -0.937573 0
77.8431 302.991 2.52936 0.5 0.1478 0.9104 -0.4138 -0 -0.173647 0 0.984808 -0.347788 -0.937573 0
73.117 302.991 29.3325 0.634 0.1478 0.8555 -0.4138 0.3114 -0.173647 0 0.984808 -0.347788 -0.937573 0
59.5087 302.991 52.9028 0.7519 0.1478 0.6974 -0.4138 0.5852 -0.499999 0 0.866026 -0.388718 -0.921357 0.000122412
50.3617 270.801 45.2274 0.7135 0.3087 0.7281 -0.3109 0.6109 -0.499999 0 0.866026 -0.388718 -0.921357 0.000122412
61.8965 270.801 25.2485 0.6136 0.3087 0.8931 -0.3109 0.3251 -0.499999 0 0.866026 -0.388718 -0.921357 0.000122412
61.8965 270.801 25.2485 0.6136 0.3087 0.8931 -0.3109 0.3251 -0.500001 0 0.866025 -0.388581 -0.921414 -0.000160384
73.117 302.991 29.3325 0.634 0.1478 0.8555 -0.4138 0.3114 -0.500001 0 0.866025 -0.388581 -0.921414 -0.000160384
59.5087 302.991 52.9028 0.7519 0.1478 0.6974 -0.4138 0.5852 -0.500001 0 0.866025 -0.388581 -0.921414 -0.000160384
38.6595 302.991 70.3972 0.3041 0.1478 0.4552 -0.4138 0.7884 -0.766047 0 0.642784 -0.000171149 -0.902676 -0.430322
32.6891 270.801 60.0564 0.3339 0.3087 0.4752 -0.3109 0.8231 -0.766047 0 0.642784 -0.000171149 -0.902676 -0.430322
50.3617 270.801 45.2274 0.2456 0.3087 0.7281 -0.3109 0.6109 -0.766047 0 0.642784 -0.000171149 -0.902676 -0.430322
50.3617 270.801 45.2274 0.2456 0.3087 0.7281 -0.3109 0.6109 -0.766045 0 0.642787 0.000232063 -0.902545 -0.430596
59.5087 302.991 52.9028 0.1998 0.1478 0.6974 -0.4138 0.5852 -0.766045 0 0.642787 0.000232063 -0.902545 -0.430596
38.6595 302.991 70.3972 0.3041 0.1478 0.4552 -0.4138 0.7884 -0.766045 0 0.642787 0.000232063 -0.902545 -0.430596
13.0843 302.991 79.7059 0.432 0.1478 0.1581 -0.4138 0.8965 -0.939692 0 0.342021 -0.000395172 -0.932096 -0.362212
11.0108 270.801 67.9467 0.4423 0.3087 0.165 -0.3109 0.936 -0.939692 0 0.342021 -0.000395172 -0.932096 -0.362212
32.6891 270.801 60.0564 0.3339 0.3087 0.4752 -0.3109 0.8231 -0.939692 0 0.342021 -0.000395172 -0.932096 -0.362212
32.6891 270.801 60.0564 0.3339 0.3087 0.4752 -0.3109 0.8231 -0.939693 0 0.34202 -0.000331743 -0.932088 -0.362233
38.6595 302.991 70.3972 0.3041 0.1478 0.4552 -0.4138 0.7884 -0.939693 0 0.34202 -0.000331743 -0.932088 -0.362233
13.0843 302.991 79.7059 0.432 0.1478 0.1581 -0.4138 0.8965 -0.939693 0 0.34202 -0.000331743 -0.932088 -0.362233
-14.1324 302.991 79.7059 0.568 0.1478 -0.1581 -0.4138 0.8965 -1 0 0 0.000422272 -0.939288 -0.34313
-12.0589 270.801 67.9467 0.5577 0.3087 -0.165 -0.3109 0.936 -1 0 0 0.000422272 -0.939288 -0.34313
11.0108 270.801 67.9467 0.4423 0.3087 0.165 -0.3109 0.936 -1 0 0 0.000422272 -0.939288 -0.34313
11.0108 270.801 67.9467 0.4423 0.3087 0.165 -0.3109 0.936 -1 0 0 -0.000356661 -0.939288 -0.34313
13.0843 302.991 79.7059 0.432 0.1478 0.1581 -0.4138 0.8965 -1 0 0 -0.000356661 -0.939288 -0.34313
-14.1324 302.991 79.7059 0.568 0.1478 -0.1581 -0.4138 0.8965 -1 0 0 -0.000356661 -0.939288 -0.34313
-39.7076 302.991 70.3972 0.6959 0.1478 -0.4552 -0.4138 0.7884 -0.939692 0 -0.342021 0.000312351 -0.932085 -0.362239
-33.7373 270.801 60.0564 0.6661 0.3087 -0.4752 -0.3109 0.8231 -0.939692 0 -0.342021 0.000312351 -0.932085 -0.362239
-12.0589 270.801 67.9467 0.5577 0.3087 -0.165 -0.3109 0.936 -0.939692 0 -0.342021 0.000312351 -0.932085 -0.362239
-12.0589 270.801 67.9467 0.5577 0.3087 -0.165 -0.3109 0.936 -0.939693 0 -0.34202 0.00040357 -0.932097 -0.36221
-14.1324 302.991 79.7059 0.568 0.1478 -0.1581 -0.4138 0.8965 -0.939693 0 -0.34202 0.00040357 -0.932097 -0.36221
-39.7076 302.991 70.3972 0.6959 0.1478 -0.4552 -0.4138 0.7884 -0.939693 0 -0.34202 0.00040357 -0.932097 -0.36221
-60.5567 302.991 52.9028 0.8002 0.1478 -0.6974 -0.4138 0.5852 -0.766045 0 -0.642787 -0.000545778 -0.902442 -0.430811
-51.4097 270.801 45.2274 0.7544 0.3087 -0.7281 -0.3109 0.6109 -0.766045 0 -0.642787 -0.000545778 -0.902442 -0.430811
-33.7373 270.801 60.0564 0.6661 0.3087 -0.4752 -0.3109 0.8231 -0.766045 0 -0.642787 -0.000545778 -0.902442 -0.430811
-33.7373 270.801 60.0564 0.6661 0.3087 -0.4752 -0.3109 0.8231 -0.766043 0 -0.642789 0.000377924 -0.902742 -0.430182
-39.7076 302.991 70.3972 0.6959 0.1478 -0.4552 -0.4138 0.7884 -0.766043 0 -0.642789 0.000377924 -0.902742 -0.430182
-60.5567 302.991 52.9028 0.8002 0.1478 -0.6974 -0.4138 0.5852 -0.766043 0 -0.642789 0.000377924 -0.902742 -0.430182
-74.165 302.991 29.3325 0.366 0.1478 -0.8555 -0.4138 0.3114 -0.500003 0 -0.866024 0.388599 -0.921407 -0.000118567
-62.9446 270.801 25.2485 0.3864 0.3087 -0.8931 -0.3109 0.3251 -0.500003 0 -0.866024 0.388599 -0.921407 -0.000118567
-51.4097 270.801 45.2274 0.2865 0.3087 -0.7281 -0.3109 0.6109 -0.500003 0 -0.866024 0.388599 -0.921407 -0.000118567
-51.4097 270.801 45.2274 0.2865 0.3087 -0.7281 -0.3109 0.6109 -0.500001 0 -0.866025 0.38868 -0.921373 4.38891e-005
-60.5567 302.991 52.9028 0.2481 0.1478 -0.6974 -0.4138 0.5852 -0.500001 0 -0.866025 0.38868 -0.921373 4.38891e-005
-74.165 302.991 29.3325 0.366 0.1478 -0.8555 -0.4138 0.3114 -0.500001 0 -0.866025 0.38868 -0.921373 4.38891e-005
-78.8911 302.991 2.52936 0.5 0.1478 -0.9104 -0.4138 0 -0.173642 0 -0.984809 0.347788 -0.937573 0
-66.9505 270.801 2.52936 0.5 0.3087 -0.9504 -0.3109 0 -0.173642 0 -0.984809 0.347788 -0.937573 0
-62.9446 270.801 25.2485 0.3864 0.3087 -0.8931 -0.3109 0.3251 -0.173642 0 -0.984809 0.347788 -0.937573 0
-62.9446 270.801 25.2485 0.3864 0.3087 -0.8931 -0.3109 0.3251 -0.173647 0 -0.984808 0.347769 -0.93758 -0.000100427
-74.165 302.991 29.3325 0.366 0.1478 -0.8555 -0.4138 0.3114 -0.173647 0 -0.984808 0.347769 -0.93758 -0.000100427
-78.8911 302.991 2.52936 0.5 0.1478 -0.9104 -0.4138 0 -0.173647 0 -0.984808 0.347769 -0.93758 -0.000100427
-74.165 302.991 -24.2737 0.634 0.1478 -0.8555 -0.4138 -0.3114 0.173642 0 -0.984809 0.347766 -0.937581 0.000117614
-62.9446 270.801 -20.1898 0.6136 0.3087 -0.8931 -0.3109 -0.3251 0.173642 0 -0.984809 0.347766 -0.937581 0.000117614
-66.9505 270.801 2.52936 0.5 0.3087 -0.9504 -0.3109 0 0.173642 0 -0.984809 0.347766 -0.937581 0.000117614
-66.9505 270.801 2.52936 0.5 0.3087 -0.9504 -0.3109 0 0.173647 0 -0.984808 0.347788 -0.937573 -0
-78.8911 302.991 2.52936 0.5 0.1478 -0.9104 -0.4138 0 0.173647 0 -0.984808 0.347788 -0.937573 -0
-74.165 302.991 -24.2737 0.634 0.1478 -0.8555 -0.4138 -0.3114 0.173647 0 -0.984808 0.347788 -0.937573 -0
-60.5567 302.991 -47.8441 0.7519 0.1478 -0.6974 -0.4138 -0.5852 0.500001 0 -0.866025 0.388719 -0.921356 -0.000126476
-51.4097 270.801 -40.1689 0.7135 0.3087 -0.7281 -0.3109 -0.6109 0.500001 0 -0.866025 0.388719 -0.921356 -0.000126476
-62.9446 270.801 -20.1898 0.6136 0.3087 -0.8931 -0.3109 -0.3251 0.500001 0 -0.866025 0.388719 -0.921356 -0.000126476
-62.9446 270.801 -20.1898 0.6136 0.3087 -0.8931 -0.3109 -0.3251 0.5 0 -0.866025 0.388578 -0.921416 0.000159444
-74.165 302.991 -24.2737 0.634 0.1478 -0.8555 -0.4138 -0.3114 0.5 0 -0.866025 0.388578 -0.921416 0.000159444
-60.5567 302.991 -47.8441 0.7519 0.1478 -0.6974 -0.4138 -0.5852 0.5 0 -0.866025 0.388578 -0.921416 0.000159444
-39.7076 302.991 -65.3386 0.3041 0.1478 -0.4552 -0.4138 -0.7884 0.766045 0 -0.642787 0.000172304 -0.902676 0.43032
-33.7373 270.801 -54.9977 0.3339 0.3087 -0.4752 -0.3109 -0.8231 0.766045 0 -0.642787 0.000172304 -0.902676 0.43032
-51.4097 270.801 -40.1689 0.2456 0.3087 -0.7281 -0.3109 -0.6109 0.766045 0 -0.642787 0.000172304 -0.902676 0.43032
-51.4097 270.801 -40.1689 0.2456 0.3087 -0.7281 -0.3109 -0.6109 0.766043 0 -0.642789 -0.000230557 -0.902546 0.430594
-60.5567 302.991 -47.8441 0.1998 0.1478 -0.6974 -0.4138 -0.5852 0.766043 0 -0.642789 -0.000230557 -0.902546 0.430594
-39.7076 302.991 -65.3386 0.3041 0.1478 -0.4552 -0.4138 -0.7884 0.766043 0 -0.642789 -0.000230557 -0.902546 0.430594
-14.1324 302.991 -74.6472 0.432 0.1478 -0.1581 -0.4138 -0.8965 0.939692 0 -0.342021 0.000396773 -0.932096 0.362212
-12.0589 270.801 -62.8881 0.4423 0.3087 -0.165 -0.3109 -0.936 0.939692 0 -0.342021 0.000396773 -0.932096 0.362212
-33.7373 270.801 -54.9977 0.3339 0.3087 -0.4752 -0.3109 -0.8231 0.939692 0 -0.342021 0.000396773 -0.932096 0.362212
-33.7373 270.801 -54.9977 0.3339 0.3087 -0.4752 -0.3109 -0.8231 0.939692 0 -0.342023 0.000331743 -0.932088 0.362231
-39.7076 302.991 -65.3386 0.3041 0.1478 -0.4552 -0.4138 -0.7884 0.939692 0 -0.342023 0.000331743 -0.932088 0.362231
-14.1324 302.991 -74.6472 0.432 0.1478 -0.1581 -0.4138 -0.8965 0.939692 0 -0.342023 0.000331743 -0.932088 0.362231
13.0843 302.991 -74.6472 0.568 0.1478 0.1581 -0.4138 -0.8965 1 0 0 -0.000420486 -0.939288 0.34313
11.0108 270.801 -62.8881 0.5577 0.3087 0.165 -0.3109 -0.936 1 0 0 -0.000420486 -0.939288 0.34313
-12.0589 270.801 -62.8881 0.4423 0.3087 -0.165 -0.3109 -0.936 1 0 0 -0.000420486 -0.939288 0.34313
-12.0589 270.801 -62.8881 0.4423 0.3087 -0.165 -0.3109 -0.936 1 0 0 0.000358445 -0.939288 0.34313
-14.1324 302.991 -74.6472 0.432 0.1478 -0.1581 -0.4138 -0.8965 1 0 0 0.000358445 -0.939288 0.34313
13.0843 302.991 -74.6472 0.568 0.1478 0.1581 -0.4138 -0.8965 1 0 0 0.000358445 -0.939288 0.34313
38.6595 302.991 -65.3386 0.6959 0.1478 0.4552 -0.4138 -0.7884 0.939692 0 0.342022 -0.000312829 -0.932086 0.362237
32.6891 270.801 -54.9977 0.6661 0.3087 0.4752 -0.3109 -0.8231 0.939692 0 0.342022 -0.000312829 -0.932086 0.362237
11.0108 270.801 -62.8881 0.5577 0.3087 0.165 -0.3109 -0.936 0.939692 0 0.342022 -0.000312829 -0.932086 0.362237
11.0108 270.801 -62.8881 0.5577 0.3087 0.165 -0.3109 -0.936 0.939692 0 0.342023 -0.000401802 -0.932097 0.36221
13.0843 302.991 -74.6472 0.568 0.1478 0.1581 -0.4138 -0.8965 0.939692 0 0.342023 -0.000401802 -0.932097 0.36221
38.6595 302.991 -65.3386 0.6959 0.1478 0.4552 -0.4138 -0.7884 0.939692 0 0.342023 -0.000401802 -0.932097 0.36221
59.5085 302.991 -47.8441 0.8002 0.1478 0.6974 -0.4138 -0.5852 0.766047 0 0.642784 0.000550964 -0.902442 0.43081
50.3617 270.801 -40.1689 0.7544 0.3087 0.7281 -0.3109 -0.6109 0.766047 0 0.642784 0.000550964 -0.902442 0.43081
32.6891 270.801 -54.9977 0.6661 0.3087 0.4752 -0.3109 -0.8231 0.766047 0 0.642784 0.000550964 -0.902442 0.43081
32.6891 270.801 -54.9977 0.6661 0.3087 0.4752 -0.3109 -0.8231 0.766045 0 0.642787 -0.000377924 -0.902743 0.430179
38.6595 302.991 -65.3386 0.6959 0.1478 0.4552 -0.4138 -0.7884 0.766045 0 0.642787 -0.000377924 -0.902743 0.430179
59.5085 302.991 -47.8441 0.8002 0.1478 0.6974 -0.4138 -0.5852 0.766045 0 0.642787 -0.000377924 -0.902743 0.430179
73.117 302.991 -24.2739 0.366 0.1478 0.8555 -0.4138 -0.3114 0.499999 0 0.866026 -0.388601 -0.921406 0.000118567
61.8965 270.801 -20.1899 0.3864 0.3087 0.8931 -0.3109 -0.3251 0.499999 0 0.866026 -0.388601 -0.921406 0.000118567
50.3617 270.801 -40.1689 0.2865 0.3087 0.7281 -0.3109 -0.6109 0.499999 0 0.866026 -0.388601 -0.921406 0.000118567
50.3617 270.801 -40.1689 0.2865 0.3087 0.7281 -0.3109 -0.6109 0.500004 0 0.866023 -0.388678 -0.921374 -4.4193e-005
59.5085 302.991 -47.8441 0.2481 0.1478 0.6974 -0.4138 -0.5852 0.500004 0 0.866023 -0.388678 -0.921374 -4.4193e-005
73.117 302.991 -24.2739 0.366 0.1478 0.8555 -0.4138 -0.3114 0.500004 0 0.866023 -0.388678 -0.921374 -4.4193e-005
77.8431 302.991 2.52936 0.5 0.1478 0.9104 -0.4138 -0 0.173646 0 0.984808 -0.347788 -0.937573 0
65.9025 270.801 2.52936 0.5 0.3087 0.9504 -0.3109 -0 0.173646 0 0.984808 -0.347788 -0.937573 0
61.8965 270.801 -20.1899 0.3864 0.3087 0.8931 -0.3109 -0.3251 0.173646 0 0.984808 -0.347788 -0.937573 0
61.8965 270.801 -20.1899 0.3864 0.3087 0.8931 -0.3109 -0.3251 0.173646 0 0.984808 -0.347772 -0.937579 9.98895e-005
73.117 302.991 -24.2739 0.366 0.1478 0.8555 -0.4138 -0.3114 0.173646 0 0.984808 -0.347772 -0.937579 9.98895e-005
77.8431 302.991 2.52936 0.5 0.1478 0.9104 -0.4138 -0 0.173646 0 0.984808 -0.347772 -0.937579 9.98895e-005
86.8075 330.188 34.3153 0.6589 0.0118 0.8283 -0.4722 0.3015 -0.173647 0 0.984808 -0.472189 -0.881497 -7.45352e-005
73.117 302.991 29.3325 0.634 0.1478 0.8555 -0.4138 0.3114 -0.173647 0 0.984808 -0.472189 -0.881497 -7.45352e-005
77.8431 302.991 2.52936 0.5 0.1478 0.9104 -0.4138 -0 -0.173647 0 0.984808 -0.472189 -0.881497 -7.45352e-005
77.8431 302.991 2.52936 0.5 0.1478 0.9104 -0.4138 -0 -0.17365 0 0.984807 -0.472203 -0.88149 0
92.4123 330.188 2.52936 0.5 0.0118 0.8815 -0.4722 -0 -0.17365 0 0.984807 -0.472203 -0.88149 0
86.8075 330.188 34.3153 0.6589 0.0118 0.8283 -0.4722 0.3015 -0.17365 0 0.984807 -0.472203 -0.88149 0
70.6693 330.188 62.2677 0.7987 0.0118 0.6753 -0.4722 0.5666 -0.500001 0 0.866025 -0.520119 -0.854094 -0.000274563
59.5087 302.991 52.9028 0.7519 0.1478 0.6974 -0.4138 0.5852 -0.500001 0 0.866025 -0.520119 -0.854094 -0.000274563
73.117 302.991 29.3325 0.634 0.1478 0.8555 -0.4138 0.3114 -0.500001 0 0.866025 -0.520119 -0.854094 -0.000274563
73.117 302.991 29.3325 0.634 0.1478 0.8555 -0.4138 0.3114 -0.499999 0 0.866026 -0.520177 -0.854058 -0.00013323
86.8075 330.188 34.3153 0.6589 0.0118 0.8283 -0.4722 0.3015 -0.499999 0 0.866026 -0.520177 -0.854058 -0.00013323
70.6693 330.188 62.2677 0.7987 0.0118 0.6753 -0.4722 0.5666 -0.499999 0 0.866026 -0.520177 -0.854058 -0.00013323
45.9441 330.188 83.0145 0.2677 0.0118 0.4407 -0.4722 0.7634 -0.766045 0 0.642787 -0.000253755 -0.823695 -0.567034
38.6595 302.991 70.3972 0.3041 0.1478 0.4552 -0.4138 0.7884 -0.766045 0 0.642787 -0.000253755 -0.823695 -0.567034
59.5087 302.991 52.9028 0.1998 0.1478 0.6974 -0.4138 0.5852 -0.766045 0 0.642787 -0.000253755 -0.823695 -0.567034
59.5087 302.991 52.9028 0.1998 0.1478 0.6974 -0.4138 0.5852 -0.766046 0 0.642786 -0.000220383 -0.823681 -0.567053
70.6693 330.188 62.2677 0.144 0.0118 0.6753 -0.4722 0.5666 -0.766046 0 0.642786 -0.000220383 -0.823681 -0.567053
45.9441 330.188 83.0145 0.2677 0.0118 0.4407 -0.4722 0.7634 -0.766046 0 0.642786 -0.000220383 -0.823681 -0.567053
15.6142 330.188 94.0536 0.4193 0.0118 0.1531 -0.4722 0.8681 -0.939693 0 0.34202 0.000308412 -0.871936 -0.489619
13.0843 302.991 79.7059 0.432 0.1478 0.1581 -0.4138 0.8965 -0.939693 0 0.34202 0.000308412 -0.871936 -0.489619
38.6595 302.991 70.3972 0.3041 0.1478 0.4552 -0.4138 0.7884 -0.939693 0 0.34202 0.000308412 -0.871936 -0.489619
38.6595 302.991 70.3972 0.3041 0.1478 0.4552 -0.4138 0.7884 -0.939692 0 0.342021 -7.14118e-005 -0.871996 -0.489514
45.9441 330.188 83.0145 0.2677 0.0118 0.4407 -0.4722 0.7634 -0.939692 0 0.342021 -7.14118e-005 -0.871996 -0.489514
15.6142 330.188 94.0536 0.4193 0.0118 0.1531 -0.4722 0.8681 -0.939692 0 0.342021 -7.14118e-005 -0.871996 -0.489514
-16.6624 330.188 94.0536 0.5807 0.0118 -0.1531 -0.4722 0.8681 -1 0 0 -0.000378788 -0.88447 -0.466598
-14.1324 302.991 79.7059 0.568 0.1478 -0.1581 -0.4138 0.8965 -1 0 0 -0.000378788 -0.88447 -0.466598
13.0843 302.991 79.7059 0.432 0.1478 0.1581 -0.4138 0.8965 -1 0 0 -0.000378788 -0.88447 -0.466598
13.0843 302.991 79.7059 0.432 0.1478 0.1581 -0.4138 0.8965 -1 0 0 0.000319538 -0.88447 -0.466598
15.6142 330.188 94.0536 0.4193 0.0118 0.1531 -0.4722 0.8681 -1 0 0 0.000319538 -0.88447 -0.466598
-16.6624 330.188 94.0536 0.5807 0.0118 -0.1531 -0.4722 0.8681 -1 0 0 0.000319538 -0.88447 -0.466598
-46.9922 330.188 83.0145 0.7323 0.0118 -0.4407 -0.4722 0.7634 -0.939693 0 -0.34202 0.000191317 -0.872014 -0.48948
-39.7076 302.991 70.3972 0.6959 0.1478 -0.4552 -0.4138 0.7884 -0.939693 0 -0.34202 0.000191317 -0.872014 -0.48948
-14.1324 302.991 79.7059 0.568 0.1478 -0.1581 -0.4138 0.8965 -0.939693 0 -0.34202 0.000191317 -0.872014 -0.48948
-14.1324 302.991 79.7059 0.568 0.1478 -0.1581 -0.4138 0.8965 -0.939692 0 -0.342021 -0.000349898 -0.87193 -0.489631
-16.6624 330.188 94.0536 0.5807 0.0118 -0.1531 -0.4722 0.8681 -0.939692 0 -0.342021 -0.000349898 -0.87193 -0.489631
-46.9922 330.188 83.0145 0.7323 0.0118 -0.4407 -0.4722 0.7634 -0.939692 0 -0.342021 -0.000349898 -0.87193 -0.489631
-71.7173 330.188 62.2677 0.856 0.0118 -0.6753 -0.4722 0.5666 -0.766043 0 -0.642789 0.000196712 -0.823671 -0.567069
-60.5567 302.991 52.9028 0.8002 0.1478 -0.6974 -0.4138 0.5852 -0.766043 0 -0.642789 0.000196712 -0.823671 -0.567069
-39.7076 302.991 70.3972 0.6959 0.1478 -0.4552 -0.4138 0.7884 -0.766043 0 -0.642789 0.000196712 -0.823671 -0.567069
-39.7076 302.991 70.3972 0.6959 0.1478 -0.4552 -0.4138 0.7884 -0.766045 0 -0.642787 0.000272254 -0.823702 -0.567023
-46.9922 330.188 83.0145 0.7323 0.0118 -0.4407 -0.4722 0.7634 -0.766045 0 -0.642787 0.000272254 -0.823702 -0.567023
-71.7173 330.188 62.2677 0.856 0.0118 -0.6753 -0.4722 0.5666 -0.766045 0 -0.642787 0.000272254 -0.823702 -0.567023
-87.8557 330.188 34.3153 0.3411 0.0118 -0.8283 -0.4722 0.3015 -0.500001 0 -0.866025 0.520171 -0.854062 -0.000154843
-74.165 302.991 29.3325 0.366 0.1478 -0.8555 -0.4138 0.3114 -0.500001 0 -0.866025 0.520171 -0.854062 -0.000154843
-60.5567 302.991 52.9028 0.2481 0.1478 -0.6974 -0.4138 0.5852 -0.500001 0 -0.866025 0.520171 -0.854062 -0.000154843
-60.5567 302.991 52.9028 0.2481 0.1478 -0.6974 -0.4138 0.5852 -0.500001 0 -0.866025 0.520137 -0.854083 -0.000234629
-71.7173 330.188 62.2677 0.2013 0.0118 -0.6753 -0.4722 0.5666 -0.500001 0 -0.866025 0.520137 -0.854083 -0.000234629
-87.8557 330.188 34.3153 0.3411 0.0118 -0.8283 -0.4722 0.3015 -0.500001 0 -0.866025 0.520137 -0.854083 -0.000234629
-93.4603 330.188 2.52936 0.5 0.0118 -0.8815 -0.4722 0 -0.173647 0 -0.984808 0.472203 -0.88149 0
-78.8911 302.991 2.52936 0.5 0.1478 -0.9104 -0.4138 0 -0.173647 0 -0.984808 0.472203 -0.88149 0
-74.165 302.991 29.3325 0.366 0.1478 -0.8555 -0.4138 0.3114 -0.173647 0 -0.984808 0.472203 -0.88149 0
-74.165 302.991 29.3325 0.366 0.1478 -0.8555 -0.4138 0.3114 -0.173647 0 -0.984808 0.472194 -0.881495 -6.30254e-005
-87.8557 330.188 34.3153 0.3411 0.0118 -0.8283 -0.4722 0.3015 -0.173647 0 -0.984808 0.472194 -0.881495 -6.30254e-005
-93.4603 330.188 2.52936 0.5 0.0118 -0.8815 -0.4722 0 -0.173647 0 -0.984808 0.472194 -0.881495 -6.30254e-005
-87.8557 330.188 -29.2567 0.6589 0.0118 -0.8283 -0.4722 -0.3015 0.173647 0 -0.984808 0.472193 -0.881495 7.84853e-005
-74.165 302.991 -24.2737 0.634 0.1478 -0.8555 -0.4138 -0.3114 0.173647 0 -0.984808 0.472193 -0.881495 7.84853e-005
-78.8911 302.991 2.52936 0.5 0.1478 -0.9104 -0.4138 0 0.173647 0 -0.984808 0.472193 -0.881495 7.84853e-005
-78.8911 302.991 2.52936 0.5 0.1478 -0.9104 -0.4138 0 0.173646 0 -0.984808 0.472203 -0.88149 -0
-93.4603 330.188 2.52936 0.5 0.0118 -0.8815 -0.4722 0 0.173646 0 -0.984808 0.472203 -0.88149 -0
-87.8557 330.188 -29.2567 0.6589 0.0118 -0.8283 -0.4722 -0.3015 0.173646 0 -0.984808 0.472203 -0.88149 -0
-71.7174 330.188 -57.209 0.7987 0.0118 -0.6753 -0.4722 -0.5666 0.5 0 -0.866025 0.520122 -0.854092 0.000274372
-60.5567 302.991 -47.8441 0.7519 0.1478 -0.6974 -0.4138 -0.5852 0.5 0 -0.866025 0.520122 -0.854092 0.000274372
-74.165 302.991 -24.2737 0.634 0.1478 -0.8555 -0.4138 -0.3114 0.5 0 -0.866025 0.520122 -0.854092 0.000274372
-74.165 302.991 -24.2737 0.634 0.1478 -0.8555 -0.4138 -0.3114 0.500001 0 -0.866025 0.52018 -0.854057 0.000137661
-87.8557 330.188 -29.2567 0.6589 0.0118 -0.8283 -0.4722 -0.3015 0.500001 0 -0.866025 0.52018 -0.854057 0.000137661
-71.7174 330.188 -57.209 0.7987 0.0118 -0.6753 -0.4722 -0.5666 0.500001 0 -0.866025 0.52018 -0.854057 0.000137661
-46.9922 330.188 -77.9558 0.2677 0.0118 -0.4407 -0.4722 -0.7634 0.766043 0 -0.642789 0.000255044 -0.823694 0.567035
-39.7076 302.991 -65.3386 0.3041 0.1478 -0.4552 -0.4138 -0.7884 0.766043 0 -0.642789 0.000255044 -0.823694 0.567035
-60.5567 302.991 -47.8441 0.1998 0.1478 -0.6974 -0.4138 -0.5852 0.766043 0 -0.642789 0.000255044 -0.823694 0.567035
-60.5567 302.991 -47.8441 0.1998 0.1478 -0.6974 -0.4138 -0.5852 0.766044 0 -0.642788 0.000224075 -0.823681 0.567053
-71.7174 330.188 -57.209 0.144 0.0118 -0.6753 -0.4722 -0.5666 0.766044 0 -0.642788 0.000224075 -0.823681 0.567053
-46.9922 330.188 -77.9558 0.2677 0.0118 -0.4407 -0.4722 -0.7634 0.766044 0 -0.642788 0.000224075 -0.823681 0.567053
-16.6624 330.188 -88.9951 0.4193 0.0118 -0.1531 -0.4722 -0.8681 0.939692 0 -0.342023 -0.000308412 -0.871936 0.48962
-14.1324 302.991 -74.6472 0.432 0.1478 -0.1581 -0.4138 -0.8965 0.939692 0 -0.342023 -0.000308412 -0.871936 0.48962
-39.7076 302.991 -65.3386 0.3041 0.1478 -0.4552 -0.4138 -0.7884 0.939692 0 -0.342023 -0.000308412 -0.871936 0.48962
-39.7076 302.991 -65.3386 0.3041 0.1478 -0.4552 -0.4138 -0.7884 0.939692 0 -0.342021 7.14117e-005 -0.871994 0.489516
-46.9922 330.188 -77.9558 0.2677 0.0118 -0.4407 -0.4722 -0.7634 0.939692 0 -0.342021 7.14117e-005 -0.871994 0.489516
-16.6624 330.188 -88.9951 0.4193 0.0118 -0.1531 -0.4722 -0.8681 0.939692 0 -0.342021 7.14117e-005 -0.871994 0.489516
15.6142 330.188 -88.9951 0.5807 0.0118 0.1531 -0.4722 -0.8681 1 0 0 0.000378788 -0.884469 0.466598
13.0843 302.991 -74.6472 0.568 0.1478 0.1581 -0.4138 -0.8965 1 0 0 0.000378788 -0.884469 0.466598
-14.1324 302.991 -74.6472 0.432 0.1478 -0.1581 -0.4138 -0.8965 1 0 0 0.000378788 -0.884469 0.466598
-14.1324 302.991 -74.6472 0.432 0.1478 -0.1581 -0.4138 -0.8965 1 0 0 -0.000319538 -0.884469 0.466598
-16.6624 330.188 -88.9951 0.4193 0.0118 -0.1531 -0.4722 -0.8681 1 0 0 -0.000319538 -0.884469 0.466598
15.6142 330.188 -88.9951 0.5807 0.0118 0.1531 -0.4722 -0.8681 1 0 0 -0.000319538 -0.884469 0.466598
45.9441 330.188 -77.956 0.7323 0.0118 0.4407 -0.4722 -0.7634 0.939692 0 0.342023 -0.000191316 -0.872011 0.489486
38.6595 302.991 -65.3386 0.6959 0.1478 0.4552 -0.4138 -0.7884 0.939692 0 0.342023 -0.000191316 -0.872011 0.489486
13.0843 302.991 -74.6472 0.568 0.1478 0.1581 -0.4138 -0.8965 0.939692 0 0.342023 -0.000191316 -0.872011 0.489486
13.0843 302.991 -74.6472 0.568 0.1478 0.1581 -0.4138 -0.8965 0.939694 0 0.342018 0.000349898 -0.87193 0.489631
15.6142 330.188 -88.9951 0.5807 0.0118 0.1531 -0.4722 -0.8681 0.939694 0 0.342018 0.000349898 -0.87193 0.489631
45.9441 330.188 -77.956 0.7323 0.0118 0.4407 -0.4722 -0.7634 0.939694 0 0.342018 0.000349898 -0.87193 0.489631
70.6693 330.188 -57.209 0.856 0.0118 0.6753 -0.4722 -0.5666 0.766045 0 0.642787 -0.000198582 -0.823671 0.567068
59.5085 302.991 -47.8441 0.8002 0.1478 0.6974 -0.4138 -0.5852 0.766045 0 0.642787 -0.000198582 -0.823671 0.567068
38.6595 302.991 -65.3386 0.6959 0.1478 0.4552 -0.4138 -0.7884 0.766045 0 0.642787 -0.000198582 -0.823671 0.567068
38.6595 302.991 -65.3386 0.6959 0.1478 0.4552 -0.4138 -0.7884 0.766044 0 0.642788 -0.000271698 -0.823698 0.567028
45.9441 330.188 -77.956 0.7323 0.0118 0.4407 -0.4722 -0.7634 0.766044 0 0.642788 -0.000271698 -0.823698 0.567028
70.6693 330.188 -57.209 0.856 0.0118 0.6753 -0.4722 -0.5666 0.766044 0 0.642788 -0.000271698 -0.823698 0.567028
86.8075 330.188 -29.2568 0.3411 0.0118 0.8283 -0.4722 -0.3015 0.500004 0 0.866023 -0.520169 -0.854064 0.00015782
73.117 302.991 -24.2739 0.366 0.1478 0.8555 -0.4138 -0.3114 0.500004 0 0.866023 -0.520169 -0.854064 0.00015782
59.5085 302.991 -47.8441 0.2481 0.1478 0.6974 -0.4138 -0.5852 0.500004 0 0.866023 -0.520169 -0.854064 0.00015782
59.5085 302.991 -47.8441 0.2481 0.1478 0.6974 -0.4138 -0.5852 0.500001 0 0.866025 -0.520138 -0.854082 0.00023574
70.6693 330.188 -57.209 0.2013 0.0118 0.6753 -0.4722 -0.5666 0.500001 0 0.866025 -0.520138 -0.854082 0.00023574
86.8075 330.188 -29.2568 0.3411 0.0118 0.8283 -0.4722 -0.3015 0.500001 0 0.866025 -0.520138 -0.854082 0.00023574
92.4123 330.188 2.52936 0.5 0.0118 0.8815 -0.4722 -0 0.173646 0 0.984808 -0.472203 -0.88149 0
77.8431 302.991 2.52936 0.5 0.1478 0.9104 -0.4138 -0 0.173646 0 0.984808 -0.472203 -0.88149 0
73.117 302.991 -24.2739 0.366 0.1478 0.8555 -0.4138 -0.3114 0.173646 0 0.984808 -0.472203 -0.88149 0
73.117 302.991 -24.2739 0.366 0.1478 0.8555 -0.4138 -0.3114 0.173649 0 0.984808 -0.472191 -0.881496 6.49099e-005
86.8075 330.188 -29.2568 0.3411 0.0118 0.8283 -0.4722 -0.3015 0.173649 0 0.984808 -0.472191 -0.881496 6.49099e-005
92.4123 330.188 2.52936 0.5 0.0118 0.8815 -0.4722 -0 0.173649 0 0.984808 -0.472191 -0.881496 6.49099e-005
Index count: 540
0
1
2
3
4
5
6
7
8
9
10
11
12
13
14
15
16
17
18
19
20
21
22
23
24
25
26
27
28
29
30
31
32
33
34
35
36
37
38
39
40
41
42
43
44
45
46
47
48
49
50
51
52
53
54
55
56
57
58
59
60
61
62
63
64
65
66
67
68
69
70
71
72
73
74
75
76
77
78
79
80
81
82
83
84
85
86
87
88
89
90
91
92
93
94
95
96
97
98
99
100
101
102
103
104
105
106
107
108
109
110
111
112
113
114
115
116
117
118
119
120
121
122
123
124
125
126
127
128
129
130
131
132
133
134
135
136
137
138
139
140
141
142
143
144
145
146
147
148
149
150
151
152
153
154
155
156
157
158
159
160
161
162
163
164
165
166
167
168
169
170
171
172
173
174
175
176
177
178
179
180
181
182
183
184
185
186
187
188
189
190
191
192
193
194
195
196
197
198
199
200
201
202
203
204
205
206
207
208
209
210
211
212
213
214
215
216
217
218
219
220
221
222
223
224
225
226
227
228
229
230
231
232
233
234
235
236
237
238
239
240
241
242
243
244
245
246
247
248
249
250
251
252
253
254
255
256
257
258
259
260
261
262
263
264
265
266
267
268
269
270
271
272
273
274
275
276
277
278
279
280
281
282
283
284
285
286
287
288
289
290
291
292
293
294
295
296
297
298
299
300
301
302
303
304
305
306
307
308
309
310
311
312
313
314
315
316
317
318
319
320
321
322
323
324
325
326
327
328
329
330
331
332
333
334
335
336
337
338
339
340
341
342
343
344
345
346
347
348
349
350
351
352
353
354
355
356
357
358
359
360
361
362
363
364
365
366
367
368
369
370
371
372
373
374
375
376
377
378
379
380
381
382
383
384
385
386
387
388
389
390
391
392
393
394
395
396
397
398
399
400
401
402
403
404
405
406
407
408
409
410
411
412
413
414
415
416
417
418
419
420
421
422
423
424
425
426
427
428
429
430
431
432
433
434
435
436
437
438
439
440
441
442
443
444
445
446
447
448
449
450
451
452
453
454
455
456
457
458
459
460
461
462
463
464
465
466
467
468
469
470
471
472
473
474
475
476
477
478
479
480
481
482
483
484
485
486
487
488
489
490
491
492
493
494
495
496
497
498
499
500
501
502
503
504
505
506
507
508
509
510
511
512
513
514
515
516
517
518
519
520
521
522
523
524
525
526
527
528
529
530
531
532
533
534
535
536
537
538
539
Material name: peschanil.mat
Vertex Count: 230
70.0002 -350 -69.9991 0 1 0 -1 0 -1 0 0 -0 0 -1
70.0002 -350 70.0009 0 0 0 -1 0 -1 0 0 -0 0 -1
-69.9998 -350 70.0009 1 0 0 -1 0 -1 0 0 -0 0 -1
-69.9998 -350 -69.9991 1 1 0 -1 0 -1 0 0 0 0 -1
-69.9998 -330 -69.9991 0.15 0.45 0 0 -1 1 0 0 0 -1 0
70.0002 -330 -69.9991 0.85 0.45 0 0 -1 1 0 0 0 -1 0
70.0002 -350 -69.9991 0.85 0.55 0 0 -1 1 0 0 0 -1 0
-69.9998 -350 -69.9991 0.15 0.55 0 0 -1 1 -0 -0 0 -1 0
-69.9998 -330 70.0009 0.15 0.45 -1 0 0 0 0 -1 0 -1 0
-69.9998 -330 -69.9991 0.85 0.45 -1 0 0 0 0 -1 0 -1 0
-69.9998 -350 -69.9991 0.85 0.55 -1 0 0 0 0 -1 0 -1 0
-69.9998 -350 70.0009 0.15 0.55 -1 0 0 -0 -0 -1 0 -1 0
70.0002 -330 70.0009 0.15 0.45 0 0 1 -1 0 0 0 -1 0
-69.9998 -330 70.0009 0.85 0.45 0 0 1 -1 0 0 0 -1 0
-69.9998 -350 70.0009 0.85 0.55 0 0 1 -1 0 0 0 -1 0
70.0002 -350 70.0009 0.15 0.55 0 0 1 -1 -0 -0 0 -1 0
70.0002 -330 -69.9991 0.15 0.45 1 0 0 0 0 1 0 -1 0
70.0002 -330 70.0009 0.85 0.45 1 0 0 0 0 1 0 -1 0
70.0002 -350 70.0009 0.85 0.55 1 0 0 0 0 1 0 -1 0
70.0002 -350 -69.9991 0.15 0.55 1 0 0 -0 -0 1 0 -1 0
-51.2675 -330 20.9984 0.2437 0.395 0 1 0 0.999999 -0 -0.00114574 7.66004e-005 0 -1
-54.524 -330 2.52936 0.2274 0.4874 0 1 0 0.999999 -0 -0.00114574 7.66004e-005 0 -1
-69.9998 -330 70.0009 0.15 0.15 0 1 0 0.999999 -0 -0.00114574 7.66004e-005 0 -1
-41.8904 -330 37.2398 0.2905 0.3138 0 1 0 1 -0 3.81502e-005 -0.000512379 0 -1
-51.2675 -330 20.9984 0.2437 0.395 0 1 0 1 -0 3.81502e-005 -0.000512379 0 -1
-69.9998 -330 70.0009 0.15 0.15 0 1 0 1 -0 3.81502e-005 -0.000512379 0 -1
-27.524 -330 49.2946 0.3624 0.2535 0 1 0 1 -0 -0.000225096 0.000637672 0 -1
-41.8904 -330 37.2398 0.2905 0.3138 0 1 0 1 -0 -0.000225096 0.000637672 0 -1
-69.9998 -330 70.0009 0.15 0.15 0 1 0 1 -0 -0.000225096 0.000637672 0 -1
-9.901 -330 55.709 0.4505 0.2215 0 1 0 1 -0 0.00040275 -0.000321571 0 -1
-27.524 -330 49.2946 0.3624 0.2535 0 1 0 1 -0 0.00040275 -0.000321571 0 -1
-69.9998 -330 70.0009 0.15 0.15 0 1 0 1 -0 0.00040275 -0.000321571 0 -1
-9.901 -330 55.709 0.4505 0.2215 0 1 0 1 0 0 -8.71281e-005 -0 -1
-69.9998 -330 70.0009 0.15 0.15 0 1 0 1 0 0 -8.71281e-005 -0 -1
70.0002 -330 70.0009 0.85 0.15 0 1 0 1 0 0 -8.71281e-005 -0 -1
8.85297 -330 55.709 0.5443 0.2215 0 1 0 1 -0 -0 -0.00188162 -0 -0.999998
-9.901 -330 55.709 0.4505 0.2215 0 1 0 1 -0 -0 -0.00188162 -0 -0.999998
70.0002 -330 70.0009 0.85 0.15 0 1 0 1 -0 -0 -0.00188162 -0 -0.999998
26.476 -330 49.2946 0.6324 0.2535 0 1 0 1 0 -0.000398549 8.44098e-005 -0 -1
8.85297 -330 55.709 0.5443 0.2215 0 1 0 1 0 -0.000398549 8.44098e-005 -0 -1
70.0002 -330 70.0009 0.85 0.15 0 1 0 1 0 -0.000398549 8.44098e-005 -0 -1
40.8423 -330 37.2398 0.7042 0.3138 0 1 0 1 0 0.000221634 0.000263199 -0 -1
26.476 -330 49.2946 0.6324 0.2535 0 1 0 1 0 0.000221634 0.000263199 -0 -1
70.0002 -330 70.0009 0.85 0.15 0 1 0 1 0 0.000221634 0.000263199 -0 -1
50.2194 -330 20.9984 0.7511 0.395 0 1 0 1 0 -3.7318e-005 -8.561e-005 -0 -1
40.8423 -330 37.2398 0.7042 0.3138 0 1 0 1 0 -3.7318e-005 -8.561e-005 -0 -1
70.0002 -330 70.0009 0.85 0.15 0 1 0 1 0 -3.7318e-005 -8.561e-005 -0 -1
50.2194 -330 20.9984 0.7511 0.395 0 1 0 1 0 0.000121907 0 0 -1
70.0002 -330 70.0009 0.85 0.15 0 1 0 1 0 0.000121907 0 0 -1
70.0002 -330 -69.9991 0.85 0.85 0 1 0 1 0 0.000121907 0 0 -1
53.476 -330 2.52936 0.7674 0.4874 0 1 0 0.999906 0 -0.0137097 -0.00102768 -0 -0.999999
50.2194 -330 20.9984 0.7511 0.395 0 1 0 0.999906 0 -0.0137097 -0.00102768 -0 -0.999999
70.0002 -330 -69.9991 0.85 0.85 0 1 0 0.999906 0 -0.0137097 -0.00102768 -0 -0.999999
50.2194 -330 -15.9398 0.7511 0.5797 0 1 0 1 0 0.000931812 0.000130314 0 -1
53.476 -330 2.52936 0.7674 0.4874 0 1 0 1 0 0.000931812 0.000130314 0 -1
70.0002 -330 -69.9991 0.85 0.85 0 1 0 1 0 0.000931812 0.000130314 0 -1
40.8423 -330 -32.1812 0.7042 0.6609 0 1 0 1 0 0.00010911 8.07074e-005 0 -1
50.2194 -330 -15.9398 0.7511 0.5797 0 1 0 1 0 0.00010911 8.07074e-005 0 -1
70.0002 -330 -69.9991 0.85 0.85 0 1 0 1 0 0.00010911 8.07074e-005 0 -1
26.476 -330 -44.2361 0.6324 0.7212 0 1 0 1 0 -0.000190925 -0.000241781 0 -1
40.8423 -330 -32.1812 0.7042 0.6609 0 1 0 1 0 -0.000190925 -0.000241781 0 -1
70.0002 -330 -69.9991 0.85 0.85 0 1 0 1 0 -0.000190925 -0.000241781 0 -1
8.85284 -330 -50.6502 0.5443 0.7533 0 1 0 1 0 -0.00023143 -8.1436e-005 0 -1
26.476 -330 -44.2361 0.6324 0.7212 0 1 0 1 0 -0.00023143 -8.1436e-005 0 -1
70.0002 -330 -69.9991 0.85 0.85 0 1 0 1 0 -0.00023143 -8.1436e-005 0 -1
8.85284 -330 -50.6502 0.5443 0.7533 0 1 0 1 0 0 0.000381773 0 -1
70.0002 -330 -69.9991 0.85 0.85 0 1 0 1 0 0 0.000381773 0 -1
-69.9998 -330 -69.9991 0.15 0.85 0 1 0 1 0 0 0.000381773 0 -1
-9.901 -330 -50.6502 0.4505 0.7533 0 1 0 1 0 0 -0.000952924 0 -1
8.85284 -330 -50.6502 0.5443 0.7533 0 1 0 1 0 0 -0.000952924 0 -1
-69.9998 -330 -69.9991 0.15 0.85 0 1 0 1 0 0 -0.000952924 0 -1
-27.524 -330 -44.2361 0.3624 0.7212 0 1 0 1 0 0.000233558 0.000282064 0 -1
-9.901 -330 -50.6502 0.4505 0.7533 0 1 0 1 0 0.000233558 0.000282064 0 -1
-69.9998 -330 -69.9991 0.15 0.85 0 1 0 1 0 0.000233558 0.000282064 0 -1
-41.8904 -330 -32.1812 0.2905 0.6609 0 1 0 1 0 0.000190987 -0.000585075 0 -1
-27.524 -330 -44.2361 0.3624 0.7212 0 1 0 1 0 0.000190987 -0.000585075 0 -1
-69.9998 -330 -69.9991 0.15 0.85 0 1 0 1 0 0.000190987 -0.000585075 0 -1
-51.2675 -330 -15.9398 0.2437 0.5797 0 1 0 1 0 -0.000105345 0.000482451 0 -1
-41.8904 -330 -32.1812 0.2905 0.6609 0 1 0 1 0 -0.000105345 0.000482451 0 -1
-69.9998 -330 -69.9991 0.15 0.85 0 1 0 1 0 -0.000105345 0.000482451 0 -1
-54.524 -330 2.52936 0.2274 0.4874 0 1 0 1 0 -0.000966376 -7.41714e-005 0 -1
-51.2675 -330 -15.9398 0.2437 0.5797 0 1 0 1 0 -0.000966376 -7.41714e-005 0 -1
-69.9998 -330 -69.9991 0.15 0.85 0 1 0 1 0 -0.000966376 -7.41714e-005 0 -1
-69.9998 -330 70.0009 0.15 0.15 0 1 0 1 0 0.000549686 0 0 -1
-54.524 -330 2.52936 0.2274 0.4874 0 1 0 1 0 0.000549686 0 0 -1
-69.9998 -330 -69.9991 0.15 0.85 0 1 0 1 0 0.000549686 0 0 -1
53.476 -13.9987 2.52936 0.75 -0.3715 1 -0 -0 -0.173648 0 0.984808 0 -1 0
50.2194 -13.9987 20.9984 0.8048 -0.3715 0.9397 0 0.342 -0.173648 0 0.984808 0 -1 0
50.2194 -125.999 20.9984 0.8048 -0.00559998 0.9397 0 0.342 -0.173648 0 0.984808 0 -1 0
53.476 -125.999 2.52936 0.75 -0.00559998 1 0 -0 -0.173648 -0 0.984808 0 -1 0
50.2194 -13.9987 20.9984 0.8048 -0.3715 0.9397 0 0.342 -0.500002 0 0.866024 0 -1 0
40.8423 -13.9987 37.2398 0.8599 -0.3715 0.766 0 0.6428 -0.500002 0 0.866024 0 -1 0
40.8423 -125.999 37.2398 0.8599 -0.00559998 0.766 0 0.6428 -0.500002 0 0.866024 0 -1 0
50.2194 -125.999 20.9984 0.8048 -0.00559998 0.9397 0 0.342 -0.500002 -0 0.866024 0 -1 0
50.2194 -13.9987 -15.9398 0.6952 -0.3715 0.9397 -0 -0.342 0.173648 0 0.984808 0 -1 0
53.476 -13.9987 2.52936 0.75 -0.3715 1 -0 -0 0.173648 0 0.984808 0 -1 0
53.476 -125.999 2.52936 0.75 -0.00559998 1 0 -0 0.173648 0 0.984808 0 -1 0
50.2194 -125.999 -15.9398 0.6952 -0.00559998 0.9397 0 -0.342 0.173648 -0 0.984808 0 -1 0
40.8423 -13.9987 37.2398 0.8599 -0.3715 0.766 0 0.6428 -0.766045 0 0.642787 0 -1 0
26.476 -13.9987 49.2946 0.9156 -0.3715 0.5 0 0.866 -0.766045 0 0.642787 0 -1 0
26.476 -125.999 49.2946 0.9156 -0.00559998 0.5 0 0.866 -0.766045 0 0.642787 0 -1 0
40.8423 -125.999 37.2398 0.8599 -0.00559998 0.766 0 0.6428 -0.766045 -0 0.642787 0 -1 0
40.8423 -13.9987 -32.1812 0.6401 -0.3715 0.766 0 -0.6428 0.5 0 0.866026 0 -1 0
50.2194 -13.9987 -15.9398 0.6952 -0.3715 0.9397 -0 -0.342 0.5 0 0.866026 0 -1 0
50.2194 -125.999 -15.9398 0.6952 -0.00559998 0.9397 0 -0.342 0.5 0 0.866026 0 -1 0
40.8423 -125.999 -32.1812 0.6401 -0.00559998 0.766 0 -0.6428 0.5 -0 0.866026 0 -1 0
26.476 -13.9987 49.2946 0.9156 -0.3715 0.5 0 0.866 -0.939692 0 0.342023 0 -1 0
8.85297 -13.9987 55.709 0.9718 -0.3715 0.1736 0 0.9848 -0.939692 0 0.342023 0 -1 0
8.85297 -125.999 55.709 0.9718 -0.00559998 0.1736 0 0.9848 -0.939692 0 0.342023 0 -1 0
26.476 -125.999 49.2946 0.9156 -0.00559998 0.5 0 0.866 -0.939692 -0 0.342023 0 -1 0
26.476 -13.9987 -44.2361 0.5844 -0.3715 0.5 0 -0.866 0.766045 0 0.642787 0 -1 0
40.8423 -13.9987 -32.1812 0.6401 -0.3715 0.766 0 -0.6428 0.766045 0 0.642787 0 -1 0
40.8423 -125.999 -32.1812 0.6401 -0.00559998 0.766 0 -0.6428 0.766045 0 0.642787 0 -1 0
26.476 -125.999 -44.2361 0.5844 -0.00559998 0.5 0 -0.866 0.766045 -0 0.642787 0 -1 0
45.9441 330.188 83.0145 0.067 0.25 0 1 0 0.000127118 0 -1 -1 0 0.000437888
70.6693 330.188 62.2677 0.1786 0.117 0 1 0 0.000127118 0 -1 -1 0 0.000437888
86.8075 330.188 34.3153 0.329 0.0302 0 1 0 0.000127118 0 -1 -1 0 0.000437888
-16.6624 330.188 94.0536 0.0076 0.5868 0 1 0 -0.00118239 0 -0.999999 -1 0 -0
15.6142 330.188 94.0536 0.0076 0.4132 0 1 0 -0.00118239 0 -0.999999 -1 0 -0
45.9441 330.188 83.0145 0.067 0.25 0 1 0 -0.00118239 0 -0.999999 -1 0 -0
-71.7173 330.188 62.2677 0.1786 0.883 0 1 0 -0.000657196 0 -1 -1 0 0.000200948
-46.9922 330.188 83.0145 0.067 0.75 0 1 0 -0.000657196 0 -1 -1 0 0.000200948
-16.6624 330.188 94.0536 0.0076 0.5868 0 1 0 -0.000657196 0 -1 -1 0 0.000200948
-71.7173 330.188 62.2677 0.1786 0.883 0 1 0 0.000108092 0 -1 -1 0 -2.75506e-005
-16.6624 330.188 94.0536 0.0076 0.5868 0 1 0 0.000108092 0 -1 -1 0 -2.75506e-005
45.9441 330.188 83.0145 0.067 0.25 0 1 0 0.000108092 0 -1 -1 0 -2.75506e-005
-93.4603 330.188 2.52936 0.5 1 0 1 0 0.000465417 0 -1 -1 0 0.000399042
-87.8557 330.188 34.3153 0.329 0.9698 0 1 0 0.000465417 0 -1 -1 0 0.000399042
-71.7173 330.188 62.2677 0.1786 0.883 0 1 0 0.000465417 0 -1 -1 0 0.000399042
-71.7174 330.188 -57.209 0.8214 0.883 0 1 0 -0.000464479 0 -1 -1 0 -0.000417951
-87.8557 330.188 -29.2567 0.671 0.9698 0 1 0 -0.000464479 0 -1 -1 0 -0.000417951
-93.4603 330.188 2.52936 0.5 1 0 1 0 -0.000464479 0 -1 -1 0 -0.000417951
-71.7174 330.188 -57.209 0.8214 0.883 0 1 0 -5.10854e-007 0 -1 -1 0 2.72939e-007
-93.4603 330.188 2.52936 0.5 1 0 1 0 -5.10854e-007 0 -1 -1 0 2.72939e-007
-71.7173 330.188 62.2677 0.1786 0.883 0 1 0 -5.10854e-007 0 -1 -1 0 2.72939e-007
-16.6624 330.188 -88.9951 0.9924 0.5868 0 1 0 0.000662413 0 -1 -1 0 -0.000202193
-46.9922 330.188 -77.9558 0.933 0.75 0 1 0 0.000662413 0 -1 -1 0 -0.000202193
-71.7174 330.188 -57.209 0.8214 0.883 0 1 0 0.000662413 0 -1 -1 0 -0.000202193
45.9441 330.188 -77.956 0.933 0.25 0 1 0 0.0011819 0 -0.999999 -1 0 0
15.6142 330.188 -88.9951 0.9924 0.4132 0 1 0 0.0011819 0 -0.999999 -1 0 0
-16.6624 330.188 -88.9951 0.9924 0.5868 0 1 0 0.0011819 0 -0.999999 -1 0 0
45.9441 330.188 -77.956 0.933 0.25 0 1 0 -0.000106454 0 -1 -1 0 2.92138e-005
-16.6624 330.188 -88.9951 0.9924 0.5868 0 1 0 -0.000106454 0 -1 -1 0 2.92138e-005
-71.7174 330.188 -57.209 0.8214 0.883 0 1 0 -0.000106454 0 -1 -1 0 2.92138e-005
45.9441 330.188 -77.956 0.933 0.25 0 1 0 -5.04398e-007 0 -1 -1 0 3.41585e-005
-71.7174 330.188 -57.209 0.8214 0.883 0 1 0 -5.04398e-007 0 -1 -1 0 3.41585e-005
-71.7173 330.188 62.2677 0.1786 0.883 0 1 0 -5.04398e-007 0 -1 -1 0 3.41585e-005
45.9441 330.188 -77.956 0.933 0.25 0 1 0 -0 0 -1 -1 0 -2.37354e-005
-71.7173 330.188 62.2677 0.1786 0.883 0 1 0 -0 0 -1 -1 0 -2.37354e-005
45.9441 330.188 83.0145 0.067 0.25 0 1 0 -0 0 -1 -1 0 -2.37354e-005
86.8075 330.188 -29.2568 0.671 0.0302 0 1 0 -0.000127119 0 -1 -1 0 -0.000452808
70.6693 330.188 -57.209 0.8214 0.117 0 1 0 -0.000127119 0 -1 -1 0 -0.000452808
45.9441 330.188 -77.956 0.933 0.25 0 1 0 -0.000127119 0 -1 -1 0 -0.000452808
86.8075 330.188 -29.2568 0.671 0.0302 0 1 0 0 0 -1 -1 0 2.27991e-005
45.9441 330.188 -77.956 0.933 0.25 0 1 0 0 0 -1 -1 0 2.27991e-005
45.9441 330.188 83.0145 0.067 0.25 0 1 0 0 0 -1 -1 0 2.27991e-005
86.8075 330.188 -29.2568 0.671 0.0302 0 1 0 -0 0 -1 -1 0 -5.78676e-005
45.9441 330.188 83.0145 0.067 0.25 0 1 0 -0 0 -1 -1 0 -5.78676e-005
86.8075 330.188 34.3153 0.329 0.0302 0 1 0 -0 0 -1 -1 0 -5.78676e-005
86.8075 330.188 -29.2568 0.671 0.0302 0 1 0 -0 -0 -1 -1 0 -1.89059e-005
86.8075 330.188 34.3153 0.329 0.0302 0 1 0 -0 -0 -1 -1 0 -1.89059e-005
92.4123 330.188 2.52936 0.5 0 0 1 0 -0 -0 -1 -1 0 -1.89059e-005
8.85297 -13.9987 55.709 0.9718 -0.3715 0.1736 0 0.9848 -1 0 0 0 -1 0
-9.901 -13.9987 55.709 1.0282 -0.3715 -0.1736 0 0.9848 -1 0 0 0 -1 0
-9.901 -125.999 55.709 1.0282 -0.00559998 -0.1736 0 0.9848 -1 0 0 0 -1 0
8.85297 -125.999 55.709 0.9718 -0.00559998 0.1736 0 0.9848 -1 -0 -0 0 -1 0
8.85284 -13.9987 -50.6502 0.5282 -0.3715 0.1736 0 -0.9848 0.939694 0 0.342015 0 -1 0
26.476 -13.9987 -44.2361 0.5844 -0.3715 0.5 0 -0.866 0.939694 0 0.342015 0 -1 0
26.476 -125.999 -44.2361 0.5844 -0.00559998 0.5 0 -0.866 0.939694 0 0.342015 0 -1 0
8.85284 -125.999 -50.6502 0.5282 -0.00559998 0.1736 0 -0.9848 0.939694 -0 0.342015 0 -1 0
-9.901 -13.9987 55.709 0.0282 -0.3715 -0.1736 0 0.9848 -0.939692 0 -0.342022 0 -1 0
-27.524 -13.9987 49.2946 0.0844 -0.3715 -0.5 0 0.866 -0.939692 0 -0.342022 0 -1 0
-27.524 -125.999 49.2946 0.0844 -0.00559998 -0.5 0 0.866 -0.939692 0 -0.342022 0 -1 0
-9.901 -125.999 55.709 0.0282 -0.00559998 -0.1736 0 0.9848 -0.939692 -0 -0.342022 0 -1 0
-9.901 -13.9987 -50.6502 0.4718 -0.3715 -0.1736 0 -0.9848 1 0 0 0 -1 0
8.85284 -13.9987 -50.6502 0.5282 -0.3715 0.1736 0 -0.9848 1 0 0 0 -1 0
8.85284 -125.999 -50.6502 0.5282 -0.00559998 0.1736 0 -0.9848 1 0 0 0 -1 0
-9.901 -125.999 -50.6502 0.4718 -0.00559998 -0.1736 0 -0.9848 1 -0 -0 0 -1 0
-27.524 -13.9987 49.2946 0.0844 -0.3715 -0.5 0 0.866 -0.766045 0 -0.642787 0 -1 0
-41.8904 -13.9987 37.2398 0.1401 -0.3715 -0.766 0 0.6428 -0.766045 0 -0.642787 0 -1 0
-41.8904 -125.999 37.2398 0.1401 -0.00559998 -0.766 0 0.6428 -0.766045 0 -0.642787 0 -1 0
-27.524 -125.999 49.2946 0.0844 -0.00559998 -0.5 0 0.866 -0.766045 -0 -0.642787 0 -1 0
-27.524 -13.9987 -44.2361 0.4156 -0.3715 -0.5 0 -0.866 0.939694 0 -0.342016 0 -1 0
-9.901 -13.9987 -50.6502 0.4718 -0.3715 -0.1736 0 -0.9848 0.939694 0 -0.342016 0 -1 0
-9.901 -125.999 -50.6502 0.4718 -0.00559998 -0.1736 0 -0.9848 0.939694 0 -0.342016 0 -1 0
-27.524 -125.999 -44.2361 0.4156 -0.00559998 -0.5 0 -0.866 0.939694 -0 -0.342016 0 -1 0
-41.8904 -13.9987 37.2398 0.1401 -0.3715 -0.766 0 0.6428 -0.500002 0 -0.866024 0 -1 0
-51.2675 -13.9987 20.9984 0.1952 -0.3715 -0.9397 0 0.342 -0.500002 0 -0.866024 0 -1 0
-51.2675 -125.999 20.9984 0.1952 -0.00559998 -0.9397 0 0.342 -0.500002 0 -0.866024 0 -1 0
-41.8904 -125.999 37.2398 0.1401 -0.00559998 -0.766 0 0.6428 -0.500002 -0 -0.866024 0 -1 0
-51.2675 -13.9987 20.9984 0.1952 -0.3715 -0.9397 0 0.342 -0.173648 0 -0.984808 0 -1 0
-54.524 -13.9987 2.52936 0.25 -0.3715 -1 0 0 -0.173648 0 -0.984808 0 -1 0
-54.524 -125.999 2.52936 0.25 -0.00559998 -1 0 0 -0.173648 0 -0.984808 0 -1 0
-51.2675 -125.999 20.9984 0.1952 -0.00559998 -0.9397 0 0.342 -0.173648 -0 -0.984808 0 -1 0
-54.524 -13.9987 2.52936 0.25 -0.3715 -1 0 0 0.173648 0 -0.984808 0 -1 0
-51.2675 -13.9987 -15.9398 0.3048 -0.3715 -0.9397 -0 -0.342 0.173648 0 -0.984808 0 -1 0
-51.2675 -125.999 -15.9398 0.3048 -0.00559998 -0.9397 0 -0.342 0.173648 0 -0.984808 0 -1 0
-54.524 -125.999 2.52936 0.25 -0.00559998 -1 0 0 0.173648 -0 -0.984808 0 -1 0
-51.2675 -13.9987 -15.9398 0.3048 -0.3715 -0.9397 -0 -0.342 0.500002 0 -0.866024 0 -1 0
-41.8904 -13.9987 -32.1812 0.3599 -0.3715 -0.766 -0 -0.6428 0.500002 0 -0.866024 0 -1 0
-41.8904 -125.999 -32.1812 0.3599 -0.00559998 -0.766 0 -0.6428 0.500002 0 -0.866024 0 -1 0
-51.2675 -125.999 -15.9398 0.3048 -0.00559998 -0.9397 0 -0.342 0.500002 -0 -0.866024 0 -1 0
-41.8904 -13.9987 -32.1812 0.3599 -0.3715 -0.766 -0 -0.6428 0.766043 0 -0.64279 0 -1 0
-27.524 -13.9987 -44.2361 0.4156 -0.3715 -0.5 0 -0.866 0.766043 0 -0.64279 0 -1 0
-27.524 -125.999 -44.2361 0.4156 -0.00559998 -0.5 0 -0.866 0.766043 0 -0.64279 0 -1 0
-41.8904 -125.999 -32.1812 0.3599 -0.00559998 -0.766 0 -0.6428 0.766043 -0 -0.64279 0 -1 0
95.0449 330 95.0448 0.236 0.236 0 -1 0 -1 0 0 0 0 -1
-95.0448 330 95.0448 0.764 0.236 0 -1 0 -1 0 0 0 0 -1
-95.0448 330 -95.0449 0.764 0.764 0 -1 0 -1 0 0 0 0 -1
95.0449 330 -95.0449 0.236 0.764 0 -1 0 -1 -0 -0 0 0 -1
95.0449 350 95.0448 0.764 0.236 0 1 0 1 0 0 0 0 -1
95.0449 350 -95.0449 0.764 0.764 0 1 0 1 0 0 0 0 -1
-95.0448 350 -95.0449 0.236 0.764 0 1 0 1 0 0 0 0 -1
-95.0448 350 95.0448 0.236 0.236 0 1 0 1 0 0 0 0 -1
95.0449 350 -95.0449 0.764 -0.4721 0 0 -1 1 0 0 0 -1 0
95.0449 330 -95.0449 0.764 -0.4165 0 0 -1 1 0 0 0 -1 0
-95.0448 330 -95.0449 0.236 -0.4165 0 0 -1 1 0 0 0 -1 0
-95.0448 350 -95.0449 0.236 -0.4721 0 0 -1 1 0 0 0 -1 0
95.0449 350 95.0448 0.764 -0.4721 1 0 0 0 0 1 0 -1 0
95.0449 330 95.0448 0.764 -0.4165 1 0 0 0 0 1 0 -1 0
95.0449 330 -95.0449 0.236 -0.4165 1 0 0 0 0 1 0 -1 0
95.0449 350 -95.0449 0.236 -0.4721 1 0 0 0 0 1 0 -1 0
-95.0448 350 95.0448 0.764 -0.4721 0 0 1 -1 0 0 0 -1 0
-95.0448 330 95.0448 0.764 -0.4165 0 0 1 -1 0 0 0 -1 0
95.0449 330 95.0448 0.236 -0.4165 0 0 1 -1 0 0 0 -1 0
95.0449 350 95.0448 0.236 -0.4721 0 0 1 -1 0 0 -0 -1 0
-95.0448 350 -95.0449 0.764 -0.4721 -1 0 0 0 0 -1 0 -1 0
-95.0448 330 -95.0449 0.764 -0.4165 -1 0 0 0 0 -1 0 -1 0
-95.0448 330 95.0448 0.236 -0.4165 -1 0 0 0 0 -1 0 -1 0
-95.0448 350 95.0448 0.236 -0.4721 -1 0 0 0 0 -1 0 -1 -0
Index count: 288
0
1
2
2
3
0
4
5
6
6
7
4
8
9
10
10
11
8
12
13
14
14
15
12
16
17
18
18
19
16
20
21
22
23
24
25
26
27
28
29
30
31
32
33
34
35
36
37
38
39
40
41
42
43
44
45
46
47
48
49
50
51
52
53
54
55
56
57
58
59
60
61
62
63
64
65
66
67
68
69
70
71
72
73
74
75
76
77
78
79
80
81
82
83
84
85
86
87
88
88
89
86
90
91
92
92
93
90
94
95
96
96
97
94
98
99
100
100
101
98
102
103
104
104
105
102
106
107
108
108
109
106
110
111
112
112
113
110
114
115
116
117
118
119
120
121
122
123
124
125
126
127
128
129
130
131
132
133
134
135
136
137
138
139
140
141
142
143
144
145
146
147
148
149
150
151
152
153
154
155
156
157
158
159
160
161
162
163
164
164
165
162
166
167
168
168
169
166
170
171
172
172
173
170
174
175
176
176
177
174
178
179
180
180
181
178
182
183
184
184
185
182
186
187
188
188
189
186
190
191
192
192
193
190
194
195
196
196
197
194
198
199
200
200
201
198
202
203
204
204
205
202
206
207
208
208
209
206
210
211
212
212
213
210
214
215
216
216
217
214
218
219
220
220
221
218
222
223
224
224
225
222
226
227
228
228
229
226
