Material name: health_potion_cap.mat
Vertex Count: 256
-1.14694 9.02589 -0.474846 0 0 -0.9239 -0.0035 -0.3827 0 0 2.84307e-039 0 2.84308e-039 0
-1.21735 9.02589 -0.241947 2.86706e-042 -7.69516e+016 -0.9808 -0.0035 -0.1951 0 0 0 0 4.2039e-045 1.79366e-043
-1.09904 11.3779 -0.218349 0 0 -0.9795 0.0512 -0.1948 8.40779e-045 0 0 0 0 0
-1.09904 11.3779 -0.218349 0 0 -0.9795 0.0512 -0.1948 0 0 2.84307e-039 0 2.84308e-039 0
-1.03555 11.3779 -0.428646 2.86706e-042 -7.69516e+016 -0.9227 0.0512 -0.3822 0 0 0 0 4.2039e-045 1.79366e-043
-1.14694 9.02589 -0.474846 0 0 -0.9239 -0.0035 -0.3827 8.40779e-045 0 0 0 0 0
-1.24146 9.02589 0.00025177 0 0 -1 -0.0035 -0 8.40779e-045 0 0 0 0 0
-1.24146 9.02589 0.00025177 0 0 -1 -0.0035 -0 0 0 2.84307e-039 0 2.84308e-039 0
-1.12085 11.3779 0.00025177 2.86706e-042 -7.69516e+016 -0.9987 0.0512 -0 0 0 0 0 4.2039e-045 1.79366e-043
-0.877853 9.02589 -0.877647 0 0 -0.7071 -0.0035 -0.7071 0 0 2.84307e-039 0 2.84308e-039 0
-1.03204 9.02589 -0.689346 2.86706e-042 -7.69516e+016 -0.8315 -0.0035 -0.5556 0 0 0 0 4.2039e-045 1.79366e-043
-0.931747 11.3779 -0.622349 0 0 -0.8304 0.0512 -0.5548 8.40779e-045 0 0 0 0 0
-0.931747 11.3779 -0.622349 0 0 -0.8304 0.0512 -0.5548 0 0 2.84307e-039 0 2.84308e-039 0
-0.792542 11.3779 -0.792347 2.86706e-042 -7.69516e+016 -0.7062 0.0512 -0.7062 0 0 0 0 4.2039e-045 1.79366e-043
-0.877853 9.02589 -0.877647 0 0 -0.7071 -0.0035 -0.7071 8.40779e-045 0 0 0 0 0
-0.475052 9.02589 -1.14675 0 0 -0.3827 -0.0034 -0.9239 0 0 2.84307e-039 0 2.84308e-039 0
-0.689545 9.02589 -1.03175 2.86706e-042 -7.69516e+016 -0.5556 -0.0034 -0.8315 0 0 0 0 4.2039e-045 1.79366e-043
-0.622543 11.3779 -0.931549 0 0 -0.5548 0.0512 -0.8304 8.40779e-045 0 0 0 0 0
-0.622543 11.3779 -0.931549 0 0 -0.5548 0.0512 -0.8304 0 0 2.84307e-039 0 2.84308e-039 0
-0.428955 11.3779 -1.03525 2.86706e-042 -7.69516e+016 -0.3822 0.0512 -0.9227 0 0 0 0 4.2039e-045 1.79366e-043
-0.475052 9.02589 -1.14675 0 0 -0.3827 -0.0034 -0.9239 8.40779e-045 0 0 0 0 0
-4.57764e-005 9.02589 -1.24125 0 0 0 -0.0034 -1 0 0 2.84307e-039 0 2.84308e-039 0
-0.242142 9.02589 -1.21715 2.86706e-042 -7.69516e+016 -0.1951 -0.0034 -0.9808 0 0 0 0 4.2039e-045 1.79366e-043
-0.218643 11.3779 -1.09885 0 0 -0.1948 0.0512 -0.9795 8.40779e-045 0 0 0 0 0
-0.218643 11.3779 -1.09885 0 0 -0.1948 0.0512 -0.9795 0 0 2.84307e-039 0 2.84308e-039 0
-4.57764e-005 11.3779 -1.12055 2.86706e-042 -7.69516e+016 0 0.0512 -0.9987 0 0 0 0 4.2039e-045 1.79366e-043
-4.57764e-005 9.02589 -1.24125 0 0 0 -0.0034 -1 8.40779e-045 0 0 0 0 0
0.475052 9.02589 -1.14675 0 0 0.3827 -0.0034 -0.9239 0 0 2.84307e-039 0 2.84308e-039 0
0.242157 9.02589 -1.21715 2.86706e-042 -7.69516e+016 0.1951 -0.0034 -0.9808 0 0 0 0 4.2039e-045 1.79366e-043
0.218658 11.3779 -1.09885 0 0 0.1948 0.0512 -0.9795 8.40779e-045 0 0 0 0 0
0.218658 11.3779 -1.09885 0 0 0.1948 0.0512 -0.9795 0 0 2.84307e-039 0 2.84308e-039 0
0.428955 11.3779 -1.03525 2.86706e-042 -7.69516e+016 0.3822 0.0512 -0.9227 0 0 0 0 4.2039e-045 1.79366e-043
0.475052 9.02589 -1.14675 0 0 0.3827 -0.0034 -0.9239 8.40779e-045 0 0 0 0 0
0.877853 9.02589 -0.877647 0 0 0.7071 -0.0035 -0.7071 0 0 2.84307e-039 0 2.84308e-039 0
0.689545 9.02589 -1.03175 2.86706e-042 -7.69516e+016 0.5556 -0.0034 -0.8315 0 0 0 0 4.2039e-045 1.79366e-043
0.622559 11.3779 -0.931549 0 0 0.5548 0.0512 -0.8304 8.40779e-045 0 0 0 0 0
0.622559 11.3779 -0.931549 0 0 0.5548 0.0512 -0.8304 0 0 2.84307e-039 0 2.84308e-039 0
0.792557 11.3779 -0.792248 2.86706e-042 -7.69516e+016 0.7062 0.0512 -0.7062 0 0 0 0 4.2039e-045 1.79366e-043
0.877853 9.02589 -0.877647 0 0 0.7071 -0.0035 -0.7071 8.40779e-045 0 0 0 0 0
1.14696 9.02589 -0.474846 0 0 0.9239 -0.0035 -0.3827 0 0 2.84307e-039 0 2.84308e-039 0
1.03204 9.02589 -0.689346 2.86706e-042 -7.69516e+016 0.8315 -0.0035 -0.5556 0 0 0 0 4.2039e-045 1.79366e-043
0.931747 11.3779 -0.622349 0 0 0.8304 0.0512 -0.5548 8.40779e-045 0 0 0 0 0
0.931747 11.3779 -0.622349 0 0 0.8304 0.0512 -0.5548 0 0 2.84307e-039 0 2.84308e-039 0
1.03555 11.3779 -0.428646 2.86706e-042 -7.69516e+016 0.9227 0.0512 -0.3822 0 0 0 0 4.2039e-045 1.79366e-043
1.14696 9.02589 -0.474846 0 0 0.9239 -0.0035 -0.3827 8.40779e-045 0 0 0 0 0
1.24146 9.02589 0.00025177 0 0 1 -0.0035 0 0 0 2.84307e-039 0 2.84308e-039 0
1.21735 9.02589 -0.241947 2.86706e-042 -7.69516e+016 0.9808 -0.0035 -0.1951 0 0 0 0 4.2039e-045 1.79366e-043
1.09904 11.3779 -0.218349 0 0 0.9795 0.0512 -0.1948 8.40779e-045 0 0 0 0 0
1.09904 11.3779 -0.218349 0 0 0.9795 0.0512 -0.1948 0 0 2.84307e-039 0 2.84308e-039 0
1.12085 11.3779 0.00025177 2.86706e-042 -7.69516e+016 0.9987 0.0512 0 0 0 0 0 4.2039e-045 1.79366e-043
1.24146 9.02589 0.00025177 0 0 1 -0.0035 0 8.40779e-045 0 0 0 0 0
1.14696 9.02589 0.475254 0 0 0.9239 -0.0035 0.3827 0 0 2.84307e-039 0 2.84308e-039 0
1.21735 9.02589 0.242352 2.86706e-042 -7.69516e+016 0.9808 -0.0035 0.1951 0 0 0 0 4.2039e-045 1.79366e-043
1.09904 11.3778 0.218853 0 0 0.9795 0.0512 0.1948 8.40779e-045 0 0 0 0 0
1.09904 11.3778 0.218853 0 0 0.9795 0.0512 0.1948 0 0 2.84307e-039 0 2.84308e-039 0
1.03555 11.3778 0.429153 2.86706e-042 -7.69516e+016 0.9227 0.0512 0.3822 0 0 0 0 4.2039e-045 1.79366e-043
1.14696 9.02589 0.475254 0 0 0.9239 -0.0035 0.3827 8.40779e-045 0 0 0 0 0
0.877853 9.02589 0.878052 0 0 0.7071 -0.0035 0.7071 0 0 2.84307e-039 0 2.84308e-039 0
1.03195 9.02589 0.689751 2.86706e-042 -7.69516e+016 0.8315 -0.0035 0.5556 0 0 0 0 4.2039e-045 1.79366e-043
0.931747 11.3778 0.622852 0 0 0.8304 0.0512 0.5548 8.40779e-045 0 0 0 0 0
0.931747 11.3778 0.622852 0 0 0.8304 0.0512 0.5548 0 0 2.84307e-039 0 2.84308e-039 0
0.792557 11.3778 0.792751 2.86706e-042 -7.69516e+016 0.7062 0.0512 0.7062 0 0 0 0 4.2039e-045 1.79366e-043
0.877853 9.02589 0.878052 0 0 0.7071 -0.0035 0.7071 8.40779e-045 0 0 0 0 0
0.475052 9.02589 1.14715 0 0 0.3827 -0.0035 0.9239 0 0 2.84307e-039 0 2.84308e-039 0
0.689545 9.02589 1.03225 2.86706e-042 -7.69516e+016 0.5556 -0.0035 0.8315 0 0 0 0 4.2039e-045 1.79366e-043
0.622559 11.3778 0.932053 0 0 0.5548 0.0512 0.8304 8.40779e-045 0 0 0 0 0
0.622559 11.3778 0.932053 0 0 0.5548 0.0512 0.8304 0 0 2.84307e-039 0 2.84308e-039 0
0.428955 11.3778 1.03575 2.86706e-042 -7.69516e+016 0.3822 0.0512 0.9227 0 0 0 0 4.2039e-045 1.79366e-043
0.475052 9.02589 1.14715 0 0 0.3827 -0.0035 0.9239 8.40779e-045 0 0 0 0 0
-4.57764e-005 9.02589 1.24165 0 0 -0 -0.0035 1 0 0 2.84307e-039 0 2.84308e-039 0
0.242157 9.02589 1.21755 2.86706e-042 -7.69516e+016 0.1951 -0.0035 0.9808 0 0 0 0 4.2039e-045 1.79366e-043
0.218658 11.3778 1.09935 0 0 0.1948 0.0512 0.9795 8.40779e-045 0 0 0 0 0
0.218658 11.3778 1.09935 0 0 0.1948 0.0512 0.9795 0 0 2.84307e-039 0 2.84308e-039 0
-4.57764e-005 11.3778 1.12105 2.86706e-042 -7.69516e+016 -0 0.0512 0.9987 0 0 0 0 4.2039e-045 1.79366e-043
-4.57764e-005 9.02589 1.24165 0 0 -0 -0.0035 1 8.40779e-045 0 0 0 0 0
-0.475052 9.02589 1.14715 0 0 -0.3827 -0.0035 0.9239 0 0 2.84307e-039 0 2.84308e-039 0
-0.242142 9.02589 1.21755 2.86706e-042 -7.69516e+016 -0.1951 -0.0035 0.9808 0 0 0 0 4.2039e-045 1.79366e-043
-0.218643 11.3778 1.09935 0 0 -0.1948 0.0512 0.9795 8.40779e-045 0 0 0 0 0
-0.218643 11.3778 1.09935 0 0 -0.1948 0.0512 0.9795 0 0 2.84307e-039 0 2.84308e-039 0
-0.428955 11.3778 1.03575 2.86706e-042 -7.69516e+016 -0.3822 0.0512 0.9227 0 0 0 0 4.2039e-045 1.79366e-043
-0.475052 9.02589 1.14715 0 0 -0.3827 -0.0035 0.9239 8.40779e-045 0 0 0 0 0
-0.877853 9.02589 0.878052 0 0 -0.7071 -0.0035 0.7071 0 0 2.84307e-039 0 2.84308e-039 0
-0.689545 9.02589 1.03225 2.86706e-042 -7.69516e+016 -0.5556 -0.0035 0.8315 0 0 0 0 4.2039e-045 1.79366e-043
-0.622543 11.3778 0.932053 0 0 -0.5548 0.0512 0.8304 8.40779e-045 0 0 0 0 0
-0.622543 11.3778 0.932053 0 0 -0.5548 0.0512 0.8304 0 0 2.84307e-039 0 2.84308e-039 0
-0.792542 11.3778 0.792751 2.86706e-042 -7.69516e+016 -0.7062 0.0512 0.7062 0 0 0 0 4.2039e-045 1.79366e-043
-0.877853 9.02589 0.878052 0 0 -0.7071 -0.0035 0.7071 8.40779e-045 0 0 0 0 0
-1.14694 9.02589 0.475254 0 0 -0.9239 -0.0035 0.3827 0 0 2.84307e-039 0 2.84308e-039 0
-1.03204 9.02589 0.689751 2.86706e-042 -7.69516e+016 -0.8315 -0.0035 0.5556 0 0 0 0 4.2039e-045 1.79366e-043
-0.931747 11.3778 0.622852 0 0 -0.8304 0.0512 0.5548 8.40779e-045 0 0 0 0 0
-0.931747 11.3778 0.622852 0 0 -0.8304 0.0512 0.5548 0 0 2.84307e-039 0 2.84308e-039 0
-1.03555 11.3778 0.429153 2.86706e-042 -7.69516e+016 -0.9227 0.0512 0.3822 0 0 0 0 4.2039e-045 1.79366e-043
-1.14694 9.02589 0.475254 0 0 -0.9239 -0.0035 0.3827 8.40779e-045 0 0 0 0 0
-1.21735 9.02589 0.242352 2.86706e-042 -7.69516e+016 -0.9808 -0.0035 0.1951 0 0 0 0 4.2039e-045 1.79366e-043
-1.09904 11.3778 0.218853 0 0 -0.9795 0.0512 0.1948 8.40779e-045 0 0 0 0 0
-1.09904 11.3778 0.218853 0 0 -0.9795 0.0512 0.1948 0 0 2.84307e-039 0 2.84308e-039 0
-0.218643 11.3779 -1.09885 2.86706e-042 -7.69516e+016 0 1 -0 0 0 0 0 4.2039e-045 1.79366e-043
0.622559 11.3779 -0.931549 2.86706e-042 -7.69516e+016 -0 1 0 0 0 0 0 4.2039e-045 1.79366e-043
1.09904 11.3779 -0.218349 2.86706e-042 -7.69516e+016 -0 1 0 0 0 0 0 4.2039e-045 1.79366e-043
0.931747 11.3779 -0.622349 2.86706e-042 -7.69516e+016 -0 1 0 0 0 0 0 4.2039e-045 1.79366e-043
0.931747 11.3778 0.622852 2.86706e-042 -7.69516e+016 -0 1 -0 0 0 0 0 4.2039e-045 1.79366e-043
0.218658 11.3778 1.09935 2.86706e-042 -7.69516e+016 0 1 -0 0 0 0 0 4.2039e-045 1.79366e-043
0.622559 11.3778 0.932053 2.86706e-042 -7.69516e+016 0 1 0 0 0 0 0 4.2039e-045 1.79366e-043
-0.622543 11.3778 0.932053 2.86706e-042 -7.69516e+016 -0 1 0 0 0 0 0 4.2039e-045 1.79366e-043
-1.09904 11.3778 0.218853 2.86706e-042 -7.69516e+016 -0 1 0 0 0 0 0 4.2039e-045 1.79366e-043
-0.931747 11.3778 0.622852 2.86706e-042 -7.69516e+016 -0 1 0 0 0 0 0 4.2039e-045 1.79366e-043
-0.218643 11.3778 1.09935 2.86706e-042 -7.69516e+016 0 1 0 0 0 0 0 4.2039e-045 1.79366e-043
1.09904 11.3778 0.218853 2.86706e-042 -7.69516e+016 0 1 0 0 0 0 0 4.2039e-045 1.79366e-043
0.218658 11.3779 -1.09885 2.86706e-042 -7.69516e+016 0 1 0 0 0 0 0 4.2039e-045 1.79366e-043
-0.622543 11.3779 -0.931549 2.86706e-042 -7.69516e+016 -0 1 -0 0 0 0 0 4.2039e-045 1.79366e-043
-0.931747 11.3779 -0.622349 2.86706e-042 -7.69516e+016 0 1 0 0 0 0 0 4.2039e-045 1.79366e-043
-1.03555 11.3779 -0.428646 0 0 0 1 0 8.40779e-045 0 0 0 0 0
-1.03455 6.9371 -0.428349 2.86706e-042 -7.69516e+016 -0.9238 0.0161 -0.3826 0 0 0 0 4.2039e-045 1.79366e-043
-1.09805 6.9371 -0.218246 0 0 -0.9807 0.0161 -0.1951 8.40779e-045 0 0 0 0 0
-1.09805 6.9371 -0.218246 0 0 -0.9807 0.0161 -0.1951 0 0 2.84307e-039 0 2.84308e-039 0
-1.21735 9.02589 -0.241947 0 0 -0.9808 -0.0035 -0.1951 0 0 2.84307e-039 0 2.84308e-039 0
-1.09805 6.9371 -0.218246 2.86706e-042 -7.69516e+016 -0.9807 0.0161 -0.1951 0 0 0 0 4.2039e-045 1.79366e-043
-1.11975 6.9371 0.000152588 0 0 -0.9999 0.0161 -0 8.40779e-045 0 0 0 0 0
-1.11975 6.9371 0.000152588 0 0 -0.9999 0.0161 -0 0 0 2.84307e-039 0 2.84308e-039 0
-1.24146 9.02589 0.00025177 2.86706e-042 -7.69516e+016 -1 -0.0035 -0 0 0 0 0 4.2039e-045 1.79366e-043
-1.21735 9.02589 -0.241947 0 0 -0.9808 -0.0035 -0.1951 8.40779e-045 0 0 0 0 0
-0.791748 6.9371 -0.791649 2.86706e-042 -7.69516e+016 -0.707 0.0161 -0.707 0 0 0 0 4.2039e-045 1.79366e-043
-0.930847 6.9371 -0.621849 0 0 -0.8314 0.0161 -0.5555 8.40779e-045 0 0 0 0 0
-0.930847 6.9371 -0.621849 0 0 -0.8314 0.0161 -0.5555 0 0 2.84307e-039 0 2.84308e-039 0
-1.03204 9.02589 -0.689346 0 0 -0.8315 -0.0035 -0.5556 0 0 2.84307e-039 0 2.84308e-039 0
-0.930847 6.9371 -0.621849 2.86706e-042 -7.69516e+016 -0.8314 0.0161 -0.5555 0 0 0 0 4.2039e-045 1.79366e-043
-1.03455 6.9371 -0.428349 0 0 -0.9238 0.0161 -0.3826 8.40779e-045 0 0 0 0 0
-1.03455 6.9371 -0.428349 0 0 -0.9238 0.0161 -0.3826 0 0 2.84307e-039 0 2.84308e-039 0
-1.14694 9.02589 -0.474846 2.86706e-042 -7.69516e+016 -0.9239 -0.0035 -0.3827 0 0 0 0 4.2039e-045 1.79366e-043
-1.03204 9.02589 -0.689346 0 0 -0.8315 -0.0035 -0.5556 8.40779e-045 0 0 0 0 0
-0.428543 6.9371 -1.03435 2.86706e-042 -7.69516e+016 -0.3826 0.0161 -0.9238 0 0 0 0 4.2039e-045 1.79366e-043
-0.621948 6.9371 -0.930649 0 0 -0.5555 0.0161 -0.8314 8.40779e-045 0 0 0 0 0
-0.621948 6.9371 -0.930649 0 0 -0.5555 0.0161 -0.8314 0 0 2.84307e-039 0 2.84308e-039 0
-0.689545 9.02589 -1.03175 0 0 -0.5556 -0.0034 -0.8315 0 0 2.84307e-039 0 2.84308e-039 0
-0.621948 6.9371 -0.930649 2.86706e-042 -7.69516e+016 -0.5555 0.0161 -0.8314 0 0 0 0 4.2039e-045 1.79366e-043
-0.791748 6.9371 -0.791649 0 0 -0.707 0.0161 -0.707 8.40779e-045 0 0 0 0 0
-0.791748 6.9371 -0.791649 0 0 -0.707 0.0161 -0.707 0 0 2.84307e-039 0 2.84308e-039 0
-0.877853 9.02589 -0.877647 2.86706e-042 -7.69516e+016 -0.7071 -0.0035 -0.7071 0 0 0 0 4.2039e-045 1.79366e-043
-0.689545 9.02589 -1.03175 0 0 -0.5556 -0.0034 -0.8315 8.40779e-045 0 0 0 0 0
-4.57764e-005 6.9371 -1.11955 2.86706e-042 -7.69516e+016 0 0.0161 -0.9999 0 0 0 0 4.2039e-045 1.79366e-043
-0.218445 6.9371 -1.09785 0 0 -0.1951 0.0161 -0.9807 8.40779e-045 0 0 0 0 0
-0.218445 6.9371 -1.09785 0 0 -0.1951 0.0161 -0.9807 0 0 2.84307e-039 0 2.84308e-039 0
-0.242142 9.02589 -1.21715 0 0 -0.1951 -0.0034 -0.9808 0 0 2.84307e-039 0 2.84308e-039 0
-0.218445 6.9371 -1.09785 2.86706e-042 -7.69516e+016 -0.1951 0.0161 -0.9807 0 0 0 0 4.2039e-045 1.79366e-043
-0.428543 6.9371 -1.03435 0 0 -0.3826 0.0161 -0.9238 8.40779e-045 0 0 0 0 0
-0.428543 6.9371 -1.03435 0 0 -0.3826 0.0161 -0.9238 0 0 2.84307e-039 0 2.84308e-039 0
-0.475052 9.02589 -1.14675 2.86706e-042 -7.69516e+016 -0.3827 -0.0034 -0.9239 0 0 0 0 4.2039e-045 1.79366e-043
-0.242142 9.02589 -1.21715 0 0 -0.1951 -0.0034 -0.9808 8.40779e-045 0 0 0 0 0
0.428558 6.9371 -1.03435 2.86706e-042 -7.69516e+016 0.3826 0.0161 -0.9238 0 0 0 0 4.2039e-045 1.79366e-043
0.218445 6.9371 -1.09785 0 0 0.1951 0.0161 -0.9807 8.40779e-045 0 0 0 0 0
0.218445 6.9371 -1.09785 0 0 0.1951 0.0161 -0.9807 0 0 2.84307e-039 0 2.84308e-039 0
0.242157 9.02589 -1.21715 0 0 0.1951 -0.0034 -0.9808 0 0 2.84307e-039 0 2.84308e-039 0
0.218445 6.9371 -1.09785 2.86706e-042 -7.69516e+016 0.1951 0.0161 -0.9807 0 0 0 0 4.2039e-045 1.79366e-043
-4.57764e-005 6.9371 -1.11955 0 0 0 0.0161 -0.9999 8.40779e-045 0 0 0 0 0
-4.57764e-005 6.9371 -1.11955 0 0 0 0.0161 -0.9999 0 0 2.84307e-039 0 2.84308e-039 0
-4.57764e-005 9.02589 -1.24125 2.86706e-042 -7.69516e+016 0 -0.0034 -1 0 0 0 0 4.2039e-045 1.79366e-043
0.242157 9.02589 -1.21715 0 0 0.1951 -0.0034 -0.9808 8.40779e-045 0 0 0 0 0
0.791748 6.9371 -0.791649 2.86706e-042 -7.69516e+016 0.707 0.0161 -0.707 0 0 0 0 4.2039e-045 1.79366e-043
0.621948 6.9371 -0.930649 0 0 0.5555 0.0161 -0.8314 8.40779e-045 0 0 0 0 0
0.621948 6.9371 -0.930649 0 0 0.5555 0.0161 -0.8314 0 0 2.84307e-039 0 2.84308e-039 0
0.689545 9.02589 -1.03175 0 0 0.5556 -0.0034 -0.8315 0 0 2.84307e-039 0 2.84308e-039 0
0.621948 6.9371 -0.930649 2.86706e-042 -7.69516e+016 0.5555 0.0161 -0.8314 0 0 0 0 4.2039e-045 1.79366e-043
0.428558 6.9371 -1.03435 0 0 0.3826 0.0161 -0.9238 8.40779e-045 0 0 0 0 0
0.428558 6.9371 -1.03435 0 0 0.3826 0.0161 -0.9238 0 0 2.84307e-039 0 2.84308e-039 0
0.475052 9.02589 -1.14675 2.86706e-042 -7.69516e+016 0.3827 -0.0034 -0.9239 0 0 0 0 4.2039e-045 1.79366e-043
0.689545 9.02589 -1.03175 0 0 0.5556 -0.0034 -0.8315 8.40779e-045 0 0 0 0 0
1.03455 6.9371 -0.428349 2.86706e-042 -7.69516e+016 0.9238 0.0161 -0.3826 0 0 0 0 4.2039e-045 1.79366e-043
0.930847 6.9371 -0.621746 0 0 0.8314 0.0161 -0.5555 8.40779e-045 0 0 0 0 0
0.930847 6.9371 -0.621746 0 0 0.8314 0.0161 -0.5555 0 0 2.84307e-039 0 2.84308e-039 0
1.03204 9.02589 -0.689346 0 0 0.8315 -0.0035 -0.5556 0 0 2.84307e-039 0 2.84308e-039 0
0.930847 6.9371 -0.621746 2.86706e-042 -7.69516e+016 0.8314 0.0161 -0.5555 0 0 0 0 4.2039e-045 1.79366e-043
0.791748 6.9371 -0.791649 0 0 0.707 0.0161 -0.707 8.40779e-045 0 0 0 0 0
0.791748 6.9371 -0.791649 0 0 0.707 0.0161 -0.707 0 0 2.84307e-039 0 2.84308e-039 0
0.877853 9.02589 -0.877647 2.86706e-042 -7.69516e+016 0.7071 -0.0035 -0.7071 0 0 0 0 4.2039e-045 1.79366e-043
1.03204 9.02589 -0.689346 0 0 0.8315 -0.0035 -0.5556 8.40779e-045 0 0 0 0 0
1.11975 6.9371 0.000152588 2.86706e-042 -7.69516e+016 0.9999 0.0161 0 0 0 0 0 4.2039e-045 1.79366e-043
1.09805 6.9371 -0.218246 0 0 0.9807 0.0161 -0.1951 8.40779e-045 0 0 0 0 0
1.09805 6.9371 -0.218246 0 0 0.9807 0.0161 -0.1951 0 0 2.84307e-039 0 2.84308e-039 0
1.21735 9.02589 -0.241947 0 0 0.9808 -0.0035 -0.1951 0 0 2.84307e-039 0 2.84308e-039 0
1.09805 6.9371 -0.218246 2.86706e-042 -7.69516e+016 0.9807 0.0161 -0.1951 0 0 0 0 4.2039e-045 1.79366e-043
1.03455 6.9371 -0.428349 0 0 0.9238 0.0161 -0.3826 8.40779e-045 0 0 0 0 0
1.03455 6.9371 -0.428349 0 0 0.9238 0.0161 -0.3826 0 0 2.84307e-039 0 2.84308e-039 0
1.14696 9.02589 -0.474846 2.86706e-042 -7.69516e+016 0.9239 -0.0035 -0.3827 0 0 0 0 4.2039e-045 1.79366e-043
1.21735 9.02589 -0.241947 0 0 0.9808 -0.0035 -0.1951 8.40779e-045 0 0 0 0 0
1.03455 6.9371 0.428753 2.86706e-042 -7.69516e+016 0.9238 0.0161 0.3826 0 0 0 0 4.2039e-045 1.79366e-043
1.09805 6.9371 0.218651 0 0 0.9807 0.0161 0.1951 8.40779e-045 0 0 0 0 0
1.09805 6.9371 0.218651 0 0 0.9807 0.0161 0.1951 0 0 2.84307e-039 0 2.84308e-039 0
1.21735 9.02589 0.242352 0 0 0.9808 -0.0035 0.1951 0 0 2.84307e-039 0 2.84308e-039 0
1.09805 6.9371 0.218651 2.86706e-042 -7.69516e+016 0.9807 0.0161 0.1951 0 0 0 0 4.2039e-045 1.79366e-043
1.11975 6.9371 0.000152588 0 0 0.9999 0.0161 0 8.40779e-045 0 0 0 0 0
1.11975 6.9371 0.000152588 0 0 0.9999 0.0161 0 0 0 2.84307e-039 0 2.84308e-039 0
1.24146 9.02589 0.00025177 2.86706e-042 -7.69516e+016 1 -0.0035 0 0 0 0 0 4.2039e-045 1.79366e-043
1.21735 9.02589 0.242352 0 0 0.9808 -0.0035 0.1951 8.40779e-045 0 0 0 0 0
0.791748 6.9371 0.791954 2.86706e-042 -7.69516e+016 0.707 0.0161 0.707 0 0 0 0 4.2039e-045 1.79366e-043
0.930847 6.9371 0.62215 0 0 0.8314 0.0161 0.5555 8.40779e-045 0 0 0 0 0
0.930847 6.9371 0.62215 0 0 0.8314 0.0161 0.5555 0 0 2.84307e-039 0 2.84308e-039 0
1.03195 9.02589 0.689751 0 0 0.8315 -0.0035 0.5556 0 0 2.84307e-039 0 2.84308e-039 0
0.930847 6.9371 0.62215 2.86706e-042 -7.69516e+016 0.8314 0.0161 0.5555 0 0 0 0 4.2039e-045 1.79366e-043
1.03455 6.9371 0.428753 0 0 0.9238 0.0161 0.3826 8.40779e-045 0 0 0 0 0
1.03455 6.9371 0.428753 0 0 0.9238 0.0161 0.3826 0 0 2.84307e-039 0 2.84308e-039 0
1.14696 9.02589 0.475254 2.86706e-042 -7.69516e+016 0.9239 -0.0035 0.3827 0 0 0 0 4.2039e-045 1.79366e-043
1.03195 9.02589 0.689751 0 0 0.8315 -0.0035 0.5556 8.40779e-045 0 0 0 0 0
0.428558 6.9371 1.03475 2.86706e-042 -7.69516e+016 0.3826 0.0161 0.9238 0 0 0 0 4.2039e-045 1.79366e-043
0.621948 6.9371 0.931053 0 0 0.5555 0.0161 0.8314 8.40779e-045 0 0 0 0 0
0.621948 6.9371 0.931053 0 0 0.5555 0.0161 0.8314 0 0 2.84307e-039 0 2.84308e-039 0
0.689545 9.02589 1.03225 0 0 0.5556 -0.0035 0.8315 0 0 2.84307e-039 0 2.84308e-039 0
0.621948 6.9371 0.931053 2.86706e-042 -7.69516e+016 0.5555 0.0161 0.8314 0 0 0 0 4.2039e-045 1.79366e-043
0.791748 6.9371 0.791954 0 0 0.707 0.0161 0.707 8.40779e-045 0 0 0 0 0
0.791748 6.9371 0.791954 0 0 0.707 0.0161 0.707 0 0 2.84307e-039 0 2.84308e-039 0
0.877853 9.02589 0.878052 2.86706e-042 -7.69516e+016 0.7071 -0.0035 0.7071 0 0 0 0 4.2039e-045 1.79366e-043
0.689545 9.02589 1.03225 0 0 0.5556 -0.0035 0.8315 8.40779e-045 0 0 0 0 0
-4.57764e-005 6.9371 1.11995 2.86706e-042 -7.69516e+016 -0 0.0161 0.9999 0 0 0 0 4.2039e-045 1.79366e-043
0.218445 6.9371 1.09825 0 0 0.1951 0.0161 0.9807 8.40779e-045 0 0 0 0 0
0.218445 6.9371 1.09825 0 0 0.1951 0.0161 0.9807 0 0 2.84307e-039 0 2.84308e-039 0
0.242157 9.02589 1.21755 0 0 0.1951 -0.0035 0.9808 0 0 2.84307e-039 0 2.84308e-039 0
0.218445 6.9371 1.09825 2.86706e-042 -7.69516e+016 0.1951 0.0161 0.9807 0 0 0 0 4.2039e-045 1.79366e-043
0.428558 6.9371 1.03475 0 0 0.3826 0.0161 0.9238 8.40779e-045 0 0 0 0 0
0.428558 6.9371 1.03475 0 0 0.3826 0.0161 0.9238 0 0 2.84307e-039 0 2.84308e-039 0
0.475052 9.02589 1.14715 2.86706e-042 -7.69516e+016 0.3827 -0.0035 0.9239 0 0 0 0 4.2039e-045 1.79366e-043
0.242157 9.02589 1.21755 0 0 0.1951 -0.0035 0.9808 8.40779e-045 0 0 0 0 0
-0.428543 6.9371 1.03475 2.86706e-042 -7.69516e+016 -0.3826 0.0161 0.9238 0 0 0 0 4.2039e-045 1.79366e-043
-0.218445 6.9371 1.09825 0 0 -0.1951 0.0161 0.9807 8.40779e-045 0 0 0 0 0
-0.218445 6.9371 1.09825 0 0 -0.1951 0.0161 0.9807 0 0 2.84307e-039 0 2.84308e-039 0
-0.242142 9.02589 1.21755 0 0 -0.1951 -0.0035 0.9808 0 0 2.84307e-039 0 2.84308e-039 0
-0.218445 6.9371 1.09825 2.86706e-042 -7.69516e+016 -0.1951 0.0161 0.9807 0 0 0 0 4.2039e-045 1.79366e-043
-4.57764e-005 6.9371 1.11995 0 0 -0 0.0161 0.9999 8.40779e-045 0 0 0 0 0
-4.57764e-005 6.9371 1.11995 0 0 -0 0.0161 0.9999 0 0 2.84307e-039 0 2.84308e-039 0
-4.57764e-005 9.02589 1.24165 2.86706e-042 -7.69516e+016 -0 -0.0035 1 0 0 0 0 4.2039e-045 1.79366e-043
-0.242142 9.02589 1.21755 0 0 -0.1951 -0.0035 0.9808 8.40779e-045 0 0 0 0 0
-0.791855 6.9371 0.791954 2.86706e-042 -7.69516e+016 -0.707 0.0161 0.707 0 0 0 0 4.2039e-045 1.79366e-043
-0.621948 6.9371 0.931053 0 0 -0.5555 0.0161 0.8314 8.40779e-045 0 0 0 0 0
-0.621948 6.9371 0.931053 0 0 -0.5555 0.0161 0.8314 0 0 2.84307e-039 0 2.84308e-039 0
-0.689545 9.02589 1.03225 0 0 -0.5556 -0.0035 0.8315 0 0 2.84307e-039 0 2.84308e-039 0
-0.621948 6.9371 0.931053 2.86706e-042 -7.69516e+016 -0.5555 0.0161 0.8314 0 0 0 0 4.2039e-045 1.79366e-043
-0.428543 6.9371 1.03475 0 0 -0.3826 0.0161 0.9238 8.40779e-045 0 0 0 0 0
-0.428543 6.9371 1.03475 0 0 -0.3826 0.0161 0.9238 0 0 2.84307e-039 0 2.84308e-039 0
-0.475052 9.02589 1.14715 2.86706e-042 -7.69516e+016 -0.3827 -0.0035 0.9239 0 0 0 0 4.2039e-045 1.79366e-043
-0.689545 9.02589 1.03225 0 0 -0.5556 -0.0035 0.8315 8.40779e-045 0 0 0 0 0
-1.03455 6.9371 0.428753 2.86706e-042 -7.69516e+016 -0.9238 0.0161 0.3826 0 0 0 0 4.2039e-045 1.79366e-043
-0.930847 6.9371 0.62215 0 0 -0.8314 0.0161 0.5555 8.40779e-045 0 0 0 0 0
-0.930847 6.9371 0.62215 0 0 -0.8314 0.0161 0.5555 0 0 2.84307e-039 0 2.84308e-039 0
-1.03204 9.02589 0.689751 0 0 -0.8315 -0.0035 0.5556 0 0 2.84307e-039 0 2.84308e-039 0
-0.930847 6.9371 0.62215 2.86706e-042 -7.69516e+016 -0.8314 0.0161 0.5555 0 0 0 0 4.2039e-045 1.79366e-043
-0.791855 6.9371 0.791954 0 0 -0.707 0.0161 0.707 8.40779e-045 0 0 0 0 0
-0.791855 6.9371 0.791954 0 0 -0.707 0.0161 0.707 0 0 2.84307e-039 0 2.84308e-039 0
-0.877853 9.02589 0.878052 2.86706e-042 -7.69516e+016 -0.7071 -0.0035 0.7071 0 0 0 0 4.2039e-045 1.79366e-043
-1.03204 9.02589 0.689751 0 0 -0.8315 -0.0035 0.5556 8.40779e-045 0 0 0 0 0
-1.11975 6.9371 0.000152588 2.86706e-042 -7.69516e+016 -0.9999 0.0161 -0 0 0 0 0 4.2039e-045 1.79366e-043
-1.09805 6.9371 0.218651 0 0 -0.9807 0.0161 0.1951 8.40779e-045 0 0 0 0 0
-1.09805 6.9371 0.218651 0 0 -0.9807 0.0161 0.1951 0 0 2.84307e-039 0 2.84308e-039 0
-1.21735 9.02589 0.242352 0 0 -0.9808 -0.0035 0.1951 0 0 2.84307e-039 0 2.84308e-039 0
-1.09805 6.9371 0.218651 2.86706e-042 -7.69516e+016 -0.9807 0.0161 0.1951 0 0 0 0 4.2039e-045 1.79366e-043
-1.03455 6.9371 0.428753 0 0 -0.9238 0.0161 0.3826 8.40779e-045 0 0 0 0 0
-1.03455 6.9371 0.428753 0 0 -0.9238 0.0161 0.3826 0 0 2.84307e-039 0 2.84308e-039 0
-1.14694 9.02589 0.475254 2.86706e-042 -7.69516e+016 -0.9239 -0.0035 0.3827 0 0 0 0 4.2039e-045 1.79366e-043
-1.21735 9.02589 0.242352 0 0 -0.9808 -0.0035 0.1951 8.40779e-045 0 0 0 0 0
Index count: 474
0
1
2
3
4
5
3
1
6
7
8
2
9
10
11
12
13
14
12
10
5
0
4
11
15
16
17
18
19
20
18
16
14
9
13
17
21
22
23
24
25
26
24
22
20
15
19
23
27
28
29
30
31
32
30
28
26
21
25
29
33
34
35
36
37
38
36
34
32
27
31
35
39
40
41
42
43
44
42
40
38
33
37
41
45
46
47
48
49
50
48
46
44
39
43
47
51
52
53
54
55
56
54
52
50
45
49
53
57
58
59
60
61
62
60
58
56
51
55
59
63
64
65
66
67
68
66
64
62
57
61
65
69
70
71
72
73
74
72
70
68
63
67
71
75
76
77
78
79
80
78
76
74
69
73
77
81
82
83
84
85
86
84
82
80
75
79
83
87
88
89
90
91
92
90
88
86
81
85
89
7
93
94
95
8
6
95
93
92
87
91
94
18
13
11
24
19
17
30
25
23
30
96
17
36
31
29
42
37
35
42
97
29
48
43
41
54
49
47
54
98
41
54
99
29
60
55
53
66
61
59
66
100
53
72
67
65
78
73
71
78
101
65
78
102
53
84
79
77
90
85
83
90
103
77
95
91
89
3
8
94
3
104
89
3
105
77
3
106
53
3
107
29
3
108
17
3
109
11
3
110
111
0
112
113
114
1
5
115
116
117
118
119
120
9
121
122
123
10
14
124
125
126
127
128
129
15
130
131
132
16
20
133
134
135
136
137
138
21
139
140
141
22
26
142
143
144
145
146
147
27
148
149
150
28
32
151
152
153
154
155
156
33
157
158
159
34
38
160
161
162
163
164
165
39
166
167
168
40
44
169
170
171
172
173
174
45
175
176
177
46
50
178
179
180
181
182
183
51
184
185
186
52
56
187
188
189
190
191
192
57
193
194
195
58
62
196
197
198
199
200
201
63
202
203
204
64
68
205
206
207
208
209
210
69
211
212
213
70
74
214
215
216
217
218
219
75
220
221
222
76
80
223
224
225
226
227
228
81
229
230
231
82
86
232
233
234
235
236
237
87
238
239
240
88
92
241
242
243
244
245
246
7
247
248
249
93
6
250
251
252
253
254
255
Material name: health_potion_glass.mat
Vertex Count: 576
-1.09805 -11.3779 -0.218548 0 0 -0.1713 -0.9846 -0.0341 0 0 2.84307e-039 0 2.84308e-039 0
-0.104248 -11.3779 -0.0208473 2.86706e-042 -7.69516e+016 -0 -1 -0 0 0 0 0 4.2039e-045 1.79366e-043
-0.106354 -11.3779 -4.95911e-005 0 0 -0 -1 -0 8.40779e-045 0 0 0 0 0
-0.106354 -11.3779 -4.95911e-005 0 0 -0 -1 -0 0 0 2.84307e-039 0 2.84308e-039 0
-1.11975 -11.3779 -4.95911e-005 2.86706e-042 -7.69516e+016 -0.1748 -0.9846 -0 0 0 0 0 4.2039e-045 1.79366e-043
-1.09805 -11.3779 -0.218548 0 0 -0.1713 -0.9846 -0.0341 8.40779e-045 0 0 0 0 0
-1.03455 -11.3779 -0.428646 2.86706e-042 -7.69516e+016 -0.1615 -0.9846 -0.0669 0 0 0 0 4.2039e-045 1.79366e-043
-0.0982513 -11.3779 -0.0407486 0 0 -0 -1 -0 8.40779e-045 0 0 0 0 0
-0.0982513 -11.3779 -0.0407486 0 0 -0 -1 -0 0 0 2.84307e-039 0 2.84308e-039 0
-2.05945 -11.041 -0.409748 2.86706e-042 -7.69516e+016 -0.5505 -0.8276 -0.1095 0 0 0 0 4.2039e-045 1.79366e-043
-1.94035 -11.041 -0.803749 0 0 -0.5187 -0.8275 -0.2149 8.40779e-045 0 0 0 0 0
-1.94035 -11.041 -0.803749 0 0 -0.5187 -0.8275 -0.2149 0 0 2.84307e-039 0 2.84308e-039 0
-2.10025 -11.041 -4.95911e-005 0 0 -0.5615 -0.8275 -0 8.40779e-045 0 0 0 0 0
-2.10025 -11.041 -4.95911e-005 0 0 -0.5615 -0.8275 -0 0 0 2.84307e-039 0 2.84308e-039 0
-2.95605 -10.0304 -0.588047 0 0 -0.8085 -0.566 -0.1608 0 0 2.84307e-039 0 2.84308e-039 0
-3.01454 -10.0304 -4.95911e-005 2.86706e-042 -7.69516e+016 -0.8244 -0.566 -0 0 0 0 0 4.2039e-045 1.79366e-043
-2.95605 -10.0304 -0.588047 0 0 -0.8085 -0.566 -0.1608 8.40779e-045 0 0 0 0 0
-2.78505 -10.0303 -1.15365 2.86706e-042 -7.69516e+016 -0.7616 -0.566 -0.3155 0 0 0 0 4.2039e-045 1.79366e-043
-3.66776 -8.6265 -0.729649 2.86706e-042 -7.69516e+016 -0.9145 -0.3613 -0.1819 0 0 0 0 4.2039e-045 1.79366e-043
-3.45555 -8.6265 -1.43145 0 0 -0.8615 -0.3613 -0.3568 8.40779e-045 0 0 0 0 0
-3.45555 -8.6265 -1.43145 0 0 -0.8615 -0.3613 -0.3568 0 0 2.84307e-039 0 2.84308e-039 0
-3.74036 -8.6265 -4.95911e-005 0 0 -0.9324 -0.3613 -0 8.40779e-045 0 0 0 0 0
-3.74036 -8.6265 -4.95911e-005 0 0 -0.9324 -0.3613 -0 0 0 2.84307e-039 0 2.84308e-039 0
-4.07455 -7.1102 -0.810448 0 0 -0.9715 -0.1376 -0.1932 0 0 2.84307e-039 0 2.84308e-039 0
-4.15515 -7.1102 -4.95911e-005 2.86706e-042 -7.69516e+016 -0.9905 -0.1376 -0 0 0 0 0 4.2039e-045 1.79366e-043
-4.07455 -7.1102 -0.810448 0 0 -0.9715 -0.1376 -0.1932 8.40779e-045 0 0 0 0 0
-3.83885 -7.1102 -1.59015 2.86706e-042 -7.69516e+016 -0.9151 -0.1376 -0.379 0 0 0 0 4.2039e-045 1.79366e-043
-4.09364 -5.3806 -0.814247 2.86706e-042 -7.69516e+016 -0.9755 0.1041 -0.194 0 0 0 0 4.2039e-045 1.79366e-043
-3.85684 -5.3806 -1.59755 0 0 -0.9189 0.1042 -0.3806 8.40779e-045 0 0 0 0 0
-3.85684 -5.3806 -1.59755 0 0 -0.9189 0.1042 -0.3806 0 0 2.84307e-039 0 2.84308e-039 0
-4.17465 -5.3806 5.34058e-005 0 0 -0.9946 0.1041 0 8.40779e-045 0 0 0 0 0
-4.17465 -5.3806 5.34058e-005 0 0 -0.9946 0.1041 0 0 0 2.84307e-039 0 2.84308e-039 0
-3.64246 -3.33701 -0.724449 0 0 -0.9436 0.2727 -0.1877 0 0 2.84307e-039 0 2.84308e-039 0
-3.71445 -3.33701 5.34058e-005 2.86706e-042 -7.69516e+016 -0.9621 0.2727 0 0 0 0 0 4.2039e-045 1.79366e-043
-3.64246 -3.33701 -0.724449 0 0 -0.9436 0.2727 -0.1877 8.40779e-045 0 0 0 0 0
-3.43175 -3.33701 -1.42145 2.86706e-042 -7.69516e+016 -0.8889 0.2727 -0.3682 0 0 0 0 4.2039e-045 1.79366e-043
-2.91154 -1.18121 -0.579048 2.86706e-042 -7.69516e+016 -0.9186 0.3504 -0.1827 0 0 0 0 4.2039e-045 1.79366e-043
-2.74315 -1.18121 -1.13615 0 0 -0.8653 0.3505 -0.3584 8.40779e-045 0 0 0 0 0
-2.74315 -1.18121 -1.13615 0 0 -0.8653 0.3505 -0.3584 0 0 2.84307e-039 0 2.84308e-039 0
-2.96915 -1.1813 5.34058e-005 0 0 -0.9366 0.3505 0 8.40779e-045 0 0 0 0 0
-2.96915 -1.1813 5.34058e-005 0 0 -0.9366 0.3505 0 0 0 2.84307e-039 0 2.84308e-039 0
-2.09184 0.884895 -0.415947 0 0 -0.9287 0.3217 -0.1847 0 0 2.84307e-039 0 2.84308e-039 0
-2.13326 0.884895 5.34058e-005 2.86706e-042 -7.69516e+016 -0.9468 0.3218 0 0 0 0 0 4.2039e-045 1.79366e-043
-2.09184 0.884895 -0.415947 0 0 -0.9287 0.3217 -0.1847 8.40779e-045 0 0 0 0 0
-1.97086 0.884895 -0.816246 2.86706e-042 -7.69516e+016 -0.8747 0.3218 -0.3623 0 0 0 0 4.2039e-045 1.79366e-043
-1.41135 3.4086 -0.280548 2.86706e-042 -7.69516e+016 -0.9649 0.1793 -0.1919 0 0 0 0 4.2039e-045 1.79366e-043
-1.32965 3.4086 -0.550648 0 0 -0.9089 0.1794 -0.3765 8.40779e-045 0 0 0 0 0
-1.32965 3.4086 -0.550648 0 0 -0.9089 0.1794 -0.3765 0 0 2.84307e-039 0 2.84308e-039 0
-1.43925 3.4086 0.000152588 0 0 -0.9838 0.1794 0 8.40779e-045 0 0 0 0 0
-1.43925 3.4086 0.000152588 0 0 -0.9838 0.1794 0 0 0 2.84307e-039 0 2.84308e-039 0
-1.09805 6.9371 -0.218246 0 0 -0.9807 0.0161 -0.1951 0 0 2.84307e-039 0 2.84308e-039 0
-1.11975 6.9371 0.000152588 2.86706e-042 -7.69516e+016 -0.9999 0.0161 -0 0 0 0 0 4.2039e-045 1.79366e-043
-1.09805 6.9371 -0.218246 0 0 -0.9807 0.0161 -0.1951 8.40779e-045 0 0 0 0 0
-1.03455 6.9371 -0.428349 2.86706e-042 -7.69516e+016 -0.9238 0.0161 -0.3826 0 0 0 0 4.2039e-045 1.79366e-043
-0.930847 -11.3779 -0.622047 0 0 -0.1452 -0.9846 -0.097 0 0 2.84307e-039 0 2.84308e-039 0
-0.0883484 -11.3779 -0.0591469 2.86706e-042 -7.69516e+016 -0 -1 -0 0 0 0 0 4.2039e-045 1.79366e-043
-0.930847 -11.3779 -0.622047 0 0 -0.1452 -0.9846 -0.097 8.40779e-045 0 0 0 0 0
-0.791855 -11.3779 -0.791847 2.86706e-042 -7.69516e+016 -0.1236 -0.9846 -0.1236 0 0 0 0 4.2039e-045 1.79366e-043
-0.0751495 -11.3779 -0.0752487 0 0 -0 -1 -0 8.40779e-045 0 0 0 0 0
-0.0751495 -11.3779 -0.0752487 0 0 -0 -1 -0 0 0 2.84307e-039 0 2.84308e-039 0
-1.74596 -11.041 -1.16665 2.86706e-042 -7.69516e+016 -0.4667 -0.8276 -0.3119 0 0 0 0 4.2039e-045 1.79366e-043
-1.48505 -11.041 -1.48515 0 0 -0.397 -0.8275 -0.397 8.40779e-045 0 0 0 0 0
-1.48505 -11.041 -1.48515 0 0 -0.397 -0.8275 -0.397 0 0 2.84307e-039 0 2.84308e-039 0
-2.50604 -10.0303 -1.67455 0 0 -0.6854 -0.566 -0.458 0 0 2.84307e-039 0 2.84308e-039 0
-2.50604 -10.0303 -1.67455 0 0 -0.6854 -0.566 -0.458 8.40779e-045 0 0 0 0 0
-2.13155 -10.0303 -2.13165 2.86706e-042 -7.69516e+016 -0.5829 -0.566 -0.5829 0 0 0 0 4.2039e-045 1.79366e-043
-3.10934 -8.6265 -2.07765 2.86706e-042 -7.69516e+016 -0.7753 -0.3613 -0.518 0 0 0 0 4.2039e-045 1.79366e-043
-2.64485 -8.6265 -2.64485 0 0 -0.6593 -0.3613 -0.6593 8.40779e-045 0 0 0 0 0
-2.64485 -8.6265 -2.64485 0 0 -0.6593 -0.3613 -0.6593 0 0 2.84307e-039 0 2.84308e-039 0
-3.45425 -7.1102 -2.30805 0 0 -0.8236 -0.1376 -0.5503 0 0 2.84307e-039 0 2.84308e-039 0
-3.45425 -7.1102 -2.30805 0 0 -0.8236 -0.1376 -0.5503 8.40779e-045 0 0 0 0 0
-2.93816 -7.1101 -2.93815 2.86706e-042 -7.69516e+016 -0.7004 -0.1376 -0.7004 0 0 0 0 4.2039e-045 1.79366e-043
-3.47044 -5.3806 -2.31885 2.86706e-042 -7.69516e+016 -0.8269 0.1042 -0.5525 0 0 0 0 4.2039e-045 1.79366e-043
-2.95195 -5.3805 -2.95195 0 0 -0.7033 0.1042 -0.7033 8.40779e-045 0 0 0 0 0
-2.95195 -5.3805 -2.95195 0 0 -0.7033 0.1042 -0.7033 0 0 2.84307e-039 0 2.84308e-039 0
-3.08795 -3.33701 -2.06325 0 0 -0.8 0.2727 -0.5345 0 0 2.84307e-039 0 2.84308e-039 0
-3.08795 -3.33701 -2.06325 0 0 -0.8 0.2727 -0.5345 8.40779e-045 0 0 0 0 0
-2.62656 -3.33701 -2.62655 2.86706e-042 -7.69516e+016 -0.6803 0.2727 -0.6803 0 0 0 0 4.2039e-045 1.79366e-043
-2.46835 -1.18121 -1.64925 2.86706e-042 -7.69516e+016 -0.7787 0.3504 -0.5203 0 0 0 0 4.2039e-045 1.79366e-043
-2.09955 -1.18121 -2.09945 0 0 -0.6623 0.3505 -0.6622 8.40779e-045 0 0 0 0 0
-2.09955 -1.18121 -2.09945 0 0 -0.6623 0.3505 -0.6622 0 0 2.84307e-039 0 2.84308e-039 0
-1.77335 0.884895 -1.18485 0 0 -0.7873 0.3217 -0.526 0 0 2.84307e-039 0 2.84308e-039 0
-1.77335 0.884895 -1.18485 0 0 -0.7873 0.3217 -0.526 8.40779e-045 0 0 0 0 0
-1.50845 0.884895 -1.50835 2.86706e-042 -7.69516e+016 -0.6695 0.3218 -0.6695 0 0 0 0 4.2039e-045 1.79366e-043
-1.19644 3.4086 -0.799347 2.86706e-042 -7.69516e+016 -0.818 0.1793 -0.5466 0 0 0 0 4.2039e-045 1.79366e-043
-1.01775 3.4086 -1.01755 0 0 -0.6956 0.1794 -0.6956 8.40779e-045 0 0 0 0 0
-1.01775 3.4086 -1.01755 0 0 -0.6956 0.1794 -0.6956 0 0 2.84307e-039 0 2.84308e-039 0
-0.930847 6.9371 -0.621849 0 0 -0.8314 0.0161 -0.5555 0 0 2.84307e-039 0 2.84308e-039 0
-0.930847 6.9371 -0.621849 0 0 -0.8314 0.0161 -0.5555 8.40779e-045 0 0 0 0 0
-0.791748 6.9371 -0.791649 2.86706e-042 -7.69516e+016 -0.707 0.0161 -0.707 0 0 0 0 4.2039e-045 1.79366e-043
-0.621948 -11.3779 -0.930946 0 0 -0.097 -0.9846 -0.1452 0 0 2.84307e-039 0 2.84308e-039 0
-0.0590515 -11.3779 -0.0884476 2.86706e-042 -7.69516e+016 -0 -1 -0 0 0 0 0 4.2039e-045 1.79366e-043
-0.621948 -11.3779 -0.930946 0 0 -0.097 -0.9846 -0.1452 8.40779e-045 0 0 0 0 0
-0.428543 -11.3779 -1.03465 2.86706e-042 -7.69516e+016 -0.0669 -0.9846 -0.1615 0 0 0 0 4.2039e-045 1.79366e-043
-0.0406494 -11.3779 -0.0983467 0 0 -0 -1 -0 8.40779e-045 0 0 0 0 0
-0.0406494 -11.3779 -0.0983467 0 0 -0 -1 -0 0 0 2.84307e-039 0 2.84308e-039 0
-1.16655 -11.041 -1.74605 2.86706e-042 -7.69516e+016 -0.3119 -0.8276 -0.4667 0 0 0 0 4.2039e-045 1.79366e-043
-0.803741 -11.041 -1.94045 0 0 -0.2149 -0.8275 -0.5187 8.40779e-045 0 0 0 0 0
-0.803741 -11.041 -1.94045 0 0 -0.2149 -0.8275 -0.5187 0 0 2.84307e-039 0 2.84308e-039 0
-1.67445 -10.0303 -2.50605 0 0 -0.458 -0.566 -0.6855 0 0 2.84307e-039 0 2.84308e-039 0
-1.67445 -10.0303 -2.50605 0 0 -0.458 -0.566 -0.6855 8.40779e-045 0 0 0 0 0
-1.15366 -10.0303 -2.78515 2.86706e-042 -7.69516e+016 -0.3155 -0.566 -0.7616 0 0 0 0 4.2039e-045 1.79366e-043
-2.07765 -8.6265 -3.10945 2.86706e-042 -7.69516e+016 -0.518 -0.3613 -0.7753 0 0 0 0 4.2039e-045 1.79366e-043
-1.43135 -8.6265 -3.45565 0 0 -0.3568 -0.3613 -0.8615 8.40779e-045 0 0 0 0 0
-1.43135 -8.6265 -3.45565 0 0 -0.3568 -0.3613 -0.8615 0 0 2.84307e-039 0 2.84308e-039 0
-2.30804 -7.1101 -3.45425 0 0 -0.5503 -0.1376 -0.8236 0 0 2.84307e-039 0 2.84308e-039 0
-2.30804 -7.1101 -3.45425 0 0 -0.5503 -0.1376 -0.8236 8.40779e-045 0 0 0 0 0
-1.59015 -7.1101 -3.83885 2.86706e-042 -7.69516e+016 -0.379 -0.1376 -0.9151 0 0 0 0 4.2039e-045 1.79366e-043
-2.31885 -5.3805 -3.47045 2.86706e-042 -7.69516e+016 -0.5525 0.1042 -0.8269 0 0 0 0 4.2039e-045 1.79366e-043
-1.59755 -5.3805 -3.85685 0 0 -0.3806 0.1042 -0.9189 8.40779e-045 0 0 0 0 0
-1.59755 -5.3805 -3.85685 0 0 -0.3806 0.1042 -0.9189 0 0 2.84307e-039 0 2.84308e-039 0
-2.06325 -3.33701 -3.08785 0 0 -0.5345 0.2727 -0.8 0 0 2.84307e-039 0 2.84308e-039 0
-2.06325 -3.33701 -3.08785 0 0 -0.5345 0.2727 -0.8 8.40779e-045 0 0 0 0 0
-1.42145 -3.33701 -3.43175 2.86706e-042 -7.69516e+016 -0.3682 0.2727 -0.8889 0 0 0 0 4.2039e-045 1.79366e-043
-1.64925 -1.18121 -2.46825 2.86706e-042 -7.69516e+016 -0.5203 0.3505 -0.7787 0 0 0 0 4.2039e-045 1.79366e-043
-1.13625 -1.18121 -2.74315 0 0 -0.3584 0.3505 -0.8653 8.40779e-045 0 0 0 0 0
-1.13625 -1.18121 -2.74315 0 0 -0.3584 0.3505 -0.8653 0 0 2.84307e-039 0 2.84308e-039 0
-1.18495 0.884895 -1.77325 0 0 -0.526 0.3217 -0.7873 0 0 2.84307e-039 0 2.84308e-039 0
-1.18495 0.884895 -1.77325 0 0 -0.526 0.3217 -0.7873 8.40779e-045 0 0 0 0 0
-0.816345 0.884895 -1.97075 2.86706e-042 -7.69516e+016 -0.3623 0.3218 -0.8747 0 0 0 0 4.2039e-045 1.79366e-043
-0.799454 3.4086 -1.19635 2.86706e-042 -7.69516e+016 -0.5466 0.1793 -0.818 0 0 0 0 4.2039e-045 1.79366e-043
-0.550751 3.4086 -1.32955 0 0 -0.3765 0.1794 -0.9089 8.40779e-045 0 0 0 0 0
-0.550751 3.4086 -1.32955 0 0 -0.3765 0.1794 -0.9089 0 0 2.84307e-039 0 2.84308e-039 0
-0.621948 6.9371 -0.930649 0 0 -0.5555 0.0161 -0.8314 0 0 2.84307e-039 0 2.84308e-039 0
-0.621948 6.9371 -0.930649 0 0 -0.5555 0.0161 -0.8314 8.40779e-045 0 0 0 0 0
-0.428543 6.9371 -1.03435 2.86706e-042 -7.69516e+016 -0.3826 0.0161 -0.9238 0 0 0 0 4.2039e-045 1.79366e-043
-0.218445 -11.3779 -1.09815 0 0 -0.0341 -0.9846 -0.1713 0 0 2.84307e-039 0 2.84308e-039 0
-0.020752 -11.3779 -0.104347 2.86706e-042 -7.69516e+016 -0 -1 -0 0 0 0 0 4.2039e-045 1.79366e-043
-0.218445 -11.3779 -1.09815 0 0 -0.0341 -0.9846 -0.1713 8.40779e-045 0 0 0 0 0
-4.57764e-005 -11.3779 -1.11985 2.86706e-042 -7.69516e+016 -0 -0.9846 -0.1748 0 0 0 0 4.2039e-045 1.79366e-043
-4.57764e-005 -11.3779 -0.106346 0 0 -0 -1 -0 8.40779e-045 0 0 0 0 0
-4.57764e-005 -11.3779 -0.106346 0 0 -0 -1 -0 0 0 2.84307e-039 0 2.84308e-039 0
-0.409653 -11.041 -2.05955 2.86706e-042 -7.69516e+016 -0.1095 -0.8276 -0.5506 0 0 0 0 4.2039e-045 1.79366e-043
-4.57764e-005 -11.041 -2.10025 0 0 -0 -0.8275 -0.5615 8.40779e-045 0 0 0 0 0
-4.57764e-005 -11.041 -2.10025 0 0 -0 -0.8275 -0.5615 0 0 2.84307e-039 0 2.84308e-039 0
-0.587952 -10.0303 -2.95615 0 0 -0.1608 -0.566 -0.8085 0 0 2.84307e-039 0 2.84308e-039 0
-0.587952 -10.0303 -2.95615 0 0 -0.1608 -0.566 -0.8085 8.40779e-045 0 0 0 0 0
-4.57764e-005 -10.0303 -3.01455 2.86706e-042 -7.69516e+016 -0 -0.566 -0.8244 0 0 0 0 4.2039e-045 1.79366e-043
-0.729553 -8.6265 -3.66785 2.86706e-042 -7.69516e+016 -0.1819 -0.3613 -0.9145 0 0 0 0 4.2039e-045 1.79366e-043
-4.57764e-005 -8.6265 -3.74035 0 0 -0 -0.3613 -0.9324 8.40779e-045 0 0 0 0 0
-4.57764e-005 -8.6265 -3.74035 0 0 -0 -0.3613 -0.9324 0 0 2.84307e-039 0 2.84308e-039 0
-0.810455 -7.1101 -4.07455 0 0 -0.1932 -0.1376 -0.9715 0 0 2.84307e-039 0 2.84308e-039 0
-0.810455 -7.1101 -4.07455 0 0 -0.1932 -0.1376 -0.9715 8.40779e-045 0 0 0 0 0
-4.57764e-005 -7.1101 -4.15515 2.86706e-042 -7.69516e+016 -0 -0.1376 -0.9905 0 0 0 0 4.2039e-045 1.79366e-043
-0.814255 -5.3805 -4.09365 2.86706e-042 -7.69516e+016 -0.194 0.1042 -0.9755 0 0 0 0 4.2039e-045 1.79366e-043
-4.57764e-005 -5.3805 -4.17465 0 0 -0 0.1042 -0.9946 8.40779e-045 0 0 0 0 0
-4.57764e-005 -5.3805 -4.17465 0 0 -0 0.1042 -0.9946 0 0 2.84307e-039 0 2.84308e-039 0
-0.724548 -3.33701 -3.64235 0 0 -0.1877 0.2727 -0.9436 0 0 2.84307e-039 0 2.84308e-039 0
-0.724548 -3.33701 -3.64235 0 0 -0.1877 0.2727 -0.9436 8.40779e-045 0 0 0 0 0
-4.57764e-005 -3.33701 -3.71445 2.86706e-042 -7.69516e+016 0 0.2727 -0.9621 0 0 0 0 4.2039e-045 1.79366e-043
-0.579147 -1.18121 -2.91155 2.86706e-042 -7.69516e+016 -0.1827 0.3505 -0.9186 0 0 0 0 4.2039e-045 1.79366e-043
-4.57764e-005 -1.18121 -2.96915 0 0 0 0.3505 -0.9366 8.40779e-045 0 0 0 0 0
-4.57764e-005 -1.18121 -2.96915 0 0 0 0.3505 -0.9366 0 0 2.84307e-039 0 2.84308e-039 0
-0.416153 0.884895 -2.09175 0 0 -0.1847 0.3217 -0.9286 0 0 2.84307e-039 0 2.84308e-039 0
-0.416153 0.884895 -2.09175 0 0 -0.1847 0.3217 -0.9286 8.40779e-045 0 0 0 0 0
-4.57764e-005 0.884895 -2.13315 2.86706e-042 -7.69516e+016 0 0.3218 -0.9468 0 0 0 0 4.2039e-045 1.79366e-043
-0.280746 3.4086 -1.41115 2.86706e-042 -7.69516e+016 -0.1919 0.1793 -0.9649 0 0 0 0 4.2039e-045 1.79366e-043
-4.57764e-005 3.4086 -1.43905 0 0 0 0.1794 -0.9838 8.40779e-045 0 0 0 0 0
-4.57764e-005 3.4086 -1.43905 0 0 0 0.1794 -0.9838 0 0 2.84307e-039 0 2.84308e-039 0
-0.218445 6.9371 -1.09785 0 0 -0.1951 0.0161 -0.9807 0 0 2.84307e-039 0 2.84308e-039 0
-0.218445 6.9371 -1.09785 0 0 -0.1951 0.0161 -0.9807 8.40779e-045 0 0 0 0 0
-4.57764e-005 6.9371 -1.11955 2.86706e-042 -7.69516e+016 0 0.0161 -0.9999 0 0 0 0 4.2039e-045 1.79366e-043
0.218445 -11.3779 -1.09815 0 0 0.0341 -0.9846 -0.1713 0 0 2.84307e-039 0 2.84308e-039 0
0.020752 -11.3779 -0.104347 2.86706e-042 -7.69516e+016 0 -1 -0 0 0 0 0 4.2039e-045 1.79366e-043
0.218445 -11.3779 -1.09815 0 0 0.0341 -0.9846 -0.1713 8.40779e-045 0 0 0 0 0
0.428558 -11.3779 -1.03465 2.86706e-042 -7.69516e+016 0.0669 -0.9846 -0.1615 0 0 0 0 4.2039e-045 1.79366e-043
0.0406494 -11.3779 -0.0983467 0 0 0 -1 -0 8.40779e-045 0 0 0 0 0
0.0406494 -11.3779 -0.0983467 0 0 0 -1 -0 0 0 2.84307e-039 0 2.84308e-039 0
0.409653 -11.041 -2.05955 2.86706e-042 -7.69516e+016 0.1095 -0.8276 -0.5506 0 0 0 0 4.2039e-045 1.79366e-043
0.803757 -11.041 -1.94045 0 0 0.2149 -0.8275 -0.5187 8.40779e-045 0 0 0 0 0
0.803757 -11.041 -1.94045 0 0 0.2149 -0.8275 -0.5187 0 0 2.84307e-039 0 2.84308e-039 0
0.587952 -10.0303 -2.95615 0 0 0.1608 -0.566 -0.8085 0 0 2.84307e-039 0 2.84308e-039 0
0.587952 -10.0303 -2.95615 0 0 0.1608 -0.566 -0.8085 8.40779e-045 0 0 0 0 0
1.15355 -10.0303 -2.78515 2.86706e-042 -7.69516e+016 0.3155 -0.566 -0.7616 0 0 0 0 4.2039e-045 1.79366e-043
0.729553 -8.6265 -3.66785 2.86706e-042 -7.69516e+016 0.1819 -0.3613 -0.9145 0 0 0 0 4.2039e-045 1.79366e-043
1.43135 -8.6265 -3.45565 0 0 0.3568 -0.3613 -0.8615 8.40779e-045 0 0 0 0 0
1.43135 -8.6265 -3.45565 0 0 0.3568 -0.3613 -0.8615 0 0 2.84307e-039 0 2.84308e-039 0
0.810455 -7.1101 -4.07455 0 0 0.1932 -0.1376 -0.9715 0 0 2.84307e-039 0 2.84308e-039 0
0.810455 -7.1101 -4.07455 0 0 0.1932 -0.1376 -0.9715 8.40779e-045 0 0 0 0 0
1.59006 -7.1101 -3.83885 2.86706e-042 -7.69516e+016 0.379 -0.1376 -0.9151 0 0 0 0 4.2039e-045 1.79366e-043
0.814255 -5.3805 -4.09365 2.86706e-042 -7.69516e+016 0.194 0.1042 -0.9755 0 0 0 0 4.2039e-045 1.79366e-043
1.59755 -5.3805 -3.85685 0 0 0.3806 0.1042 -0.9189 8.40779e-045 0 0 0 0 0
1.59755 -5.3805 -3.85685 0 0 0.3806 0.1042 -0.9189 0 0 2.84307e-039 0 2.84308e-039 0
0.724548 -3.33701 -3.64235 0 0 0.1877 0.2727 -0.9436 0 0 2.84307e-039 0 2.84308e-039 0
0.724548 -3.33701 -3.64235 0 0 0.1877 0.2727 -0.9436 8.40779e-045 0 0 0 0 0
1.42145 -3.33701 -3.43175 2.86706e-042 -7.69516e+016 0.3682 0.2727 -0.8889 0 0 0 0 4.2039e-045 1.79366e-043
0.579147 -1.18121 -2.91155 2.86706e-042 -7.69516e+016 0.1827 0.3505 -0.9186 0 0 0 0 4.2039e-045 1.79366e-043
1.13625 -1.18121 -2.74315 0 0 0.3584 0.3505 -0.8653 8.40779e-045 0 0 0 0 0
1.13625 -1.18121 -2.74315 0 0 0.3584 0.3505 -0.8653 0 0 2.84307e-039 0 2.84308e-039 0
0.416046 0.884895 -2.09175 0 0 0.1847 0.3217 -0.9286 0 0 2.84307e-039 0 2.84308e-039 0
0.416046 0.884895 -2.09175 0 0 0.1847 0.3217 -0.9286 8.40779e-045 0 0 0 0 0
0.816345 0.884895 -1.97075 2.86706e-042 -7.69516e+016 0.3623 0.3218 -0.8747 0 0 0 0 4.2039e-045 1.79366e-043
0.280746 3.4086 -1.41115 2.86706e-042 -7.69516e+016 0.1919 0.1793 -0.9649 0 0 0 0 4.2039e-045 1.79366e-043
0.550751 3.4086 -1.32955 0 0 0.3765 0.1794 -0.9089 8.40779e-045 0 0 0 0 0
0.550751 3.4086 -1.32955 0 0 0.3765 0.1794 -0.9089 0 0 2.84307e-039 0 2.84308e-039 0
0.218445 6.9371 -1.09785 0 0 0.1951 0.0161 -0.9807 0 0 2.84307e-039 0 2.84308e-039 0
0.218445 6.9371 -1.09785 0 0 0.1951 0.0161 -0.9807 8.40779e-045 0 0 0 0 0
0.428558 6.9371 -1.03435 2.86706e-042 -7.69516e+016 0.3826 0.0161 -0.9238 0 0 0 0 4.2039e-045 1.79366e-043
0.621948 -11.3779 -0.930946 0 0 0.097 -0.9846 -0.1452 0 0 2.84307e-039 0 2.84308e-039 0
0.0590515 -11.3779 -0.0884476 2.86706e-042 -7.69516e+016 0 -1 -0 0 0 0 0 4.2039e-045 1.79366e-043
0.621948 -11.3779 -0.930946 0 0 0.097 -0.9846 -0.1452 8.40779e-045 0 0 0 0 0
0.791748 -11.3779 -0.791847 2.86706e-042 -7.69516e+016 0.1236 -0.9846 -0.1236 0 0 0 0 4.2039e-045 1.79366e-043
0.0751495 -11.3779 -0.0752487 0 0 0 -1 -0 8.40779e-045 0 0 0 0 0
0.0751495 -11.3779 -0.0752487 0 0 0 -1 -0 0 0 2.84307e-039 0 2.84308e-039 0
1.16655 -11.041 -1.74605 2.86706e-042 -7.69516e+016 0.3119 -0.8276 -0.4667 0 0 0 0 4.2039e-045 1.79366e-043
1.48505 -11.041 -1.48515 0 0 0.397 -0.8275 -0.397 8.40779e-045 0 0 0 0 0
1.48505 -11.041 -1.48515 0 0 0.397 -0.8275 -0.397 0 0 2.84307e-039 0 2.84308e-039 0
1.67445 -10.0303 -2.50605 0 0 0.458 -0.566 -0.6855 0 0 2.84307e-039 0 2.84308e-039 0
1.67445 -10.0303 -2.50605 0 0 0.458 -0.566 -0.6855 8.40779e-045 0 0 0 0 0
2.13155 -10.0303 -2.13165 2.86706e-042 -7.69516e+016 0.5829 -0.566 -0.5829 0 0 0 0 4.2039e-045 1.79366e-043
2.07765 -8.6265 -3.10945 2.86706e-042 -7.69516e+016 0.518 -0.3613 -0.7753 0 0 0 0 4.2039e-045 1.79366e-043
2.64474 -8.6265 -2.64485 0 0 0.6593 -0.3613 -0.6593 8.40779e-045 0 0 0 0 0
2.64474 -8.6265 -2.64485 0 0 0.6593 -0.3613 -0.6593 0 0 2.84307e-039 0 2.84308e-039 0
2.30804 -7.1101 -3.45425 0 0 0.5503 -0.1376 -0.8236 0 0 2.84307e-039 0 2.84308e-039 0
2.30804 -7.1101 -3.45425 0 0 0.5503 -0.1376 -0.8236 8.40779e-045 0 0 0 0 0
2.93816 -7.1101 -2.93815 2.86706e-042 -7.69516e+016 0.7004 -0.1376 -0.7004 0 0 0 0 4.2039e-045 1.79366e-043
2.31885 -5.3805 -3.47045 2.86706e-042 -7.69516e+016 0.5525 0.1042 -0.8269 0 0 0 0 4.2039e-045 1.79366e-043
2.95195 -5.3805 -2.95195 0 0 0.7033 0.1042 -0.7033 8.40779e-045 0 0 0 0 0
2.95195 -5.3805 -2.95195 0 0 0.7033 0.1042 -0.7033 0 0 2.84307e-039 0 2.84308e-039 0
2.06325 -3.33701 -3.08785 0 0 0.5345 0.2727 -0.8 0 0 2.84307e-039 0 2.84308e-039 0
2.06325 -3.33701 -3.08785 0 0 0.5345 0.2727 -0.8 8.40779e-045 0 0 0 0 0
2.62656 -3.33701 -2.62655 2.86706e-042 -7.69516e+016 0.6803 0.2727 -0.6803 0 0 0 0 4.2039e-045 1.79366e-043
1.64925 -1.18121 -2.46825 2.86706e-042 -7.69516e+016 0.5203 0.3505 -0.7787 0 0 0 0 4.2039e-045 1.79366e-043
2.09955 -1.18121 -2.09945 0 0 0.6623 0.3505 -0.6622 8.40779e-045 0 0 0 0 0
2.09955 -1.18121 -2.09945 0 0 0.6623 0.3505 -0.6622 0 0 2.84307e-039 0 2.84308e-039 0
1.18495 0.884895 -1.77325 0 0 0.526 0.3217 -0.7873 0 0 2.84307e-039 0 2.84308e-039 0
1.18495 0.884895 -1.77325 0 0 0.526 0.3217 -0.7873 8.40779e-045 0 0 0 0 0
1.50845 0.884895 -1.50835 2.86706e-042 -7.69516e+016 0.6695 0.3218 -0.6695 0 0 0 0 4.2039e-045 1.79366e-043
0.799454 3.4086 -1.19635 2.86706e-042 -7.69516e+016 0.5466 0.1793 -0.818 0 0 0 0 4.2039e-045 1.79366e-043
1.01765 3.4086 -1.01755 0 0 0.6956 0.1794 -0.6956 8.40779e-045 0 0 0 0 0
1.01765 3.4086 -1.01755 0 0 0.6956 0.1794 -0.6956 0 0 2.84307e-039 0 2.84308e-039 0
0.621948 6.9371 -0.930649 0 0 0.5555 0.0161 -0.8314 0 0 2.84307e-039 0 2.84308e-039 0
0.621948 6.9371 -0.930649 0 0 0.5555 0.0161 -0.8314 8.40779e-045 0 0 0 0 0
0.791748 6.9371 -0.791649 2.86706e-042 -7.69516e+016 0.707 0.0161 -0.707 0 0 0 0 4.2039e-045 1.79366e-043
0.930847 -11.3779 -0.622047 0 0 0.1452 -0.9846 -0.097 0 0 2.84307e-039 0 2.84308e-039 0
0.0883484 -11.3779 -0.0591469 2.86706e-042 -7.69516e+016 0 -1 -0 0 0 0 0 4.2039e-045 1.79366e-043
0.930847 -11.3779 -0.622047 0 0 0.1452 -0.9846 -0.097 8.40779e-045 0 0 0 0 0
1.03455 -11.3779 -0.428646 2.86706e-042 -7.69516e+016 0.1615 -0.9846 -0.0669 0 0 0 0 4.2039e-045 1.79366e-043
0.0982513 -11.3779 -0.0407486 0 0 0 -1 -0 8.40779e-045 0 0 0 0 0
0.0982513 -11.3779 -0.0407486 0 0 0 -1 -0 0 0 2.84307e-039 0 2.84308e-039 0
1.74596 -11.041 -1.16665 2.86706e-042 -7.69516e+016 0.4667 -0.8276 -0.3119 0 0 0 0 4.2039e-045 1.79366e-043
1.94035 -11.041 -0.803848 0 0 0.5187 -0.8275 -0.2149 8.40779e-045 0 0 0 0 0
1.94035 -11.041 -0.803848 0 0 0.5187 -0.8275 -0.2149 0 0 2.84307e-039 0 2.84308e-039 0
2.50606 -10.0303 -1.67455 0 0 0.6854 -0.566 -0.458 0 0 2.84307e-039 0 2.84308e-039 0
2.50606 -10.0303 -1.67455 0 0 0.6854 -0.566 -0.458 8.40779e-045 0 0 0 0 0
2.78505 -10.0303 -1.15365 2.86706e-042 -7.69516e+016 0.7616 -0.566 -0.3155 0 0 0 0 4.2039e-045 1.79366e-043
3.10934 -8.6265 -2.07765 2.86706e-042 -7.69516e+016 0.7753 -0.3613 -0.518 0 0 0 0 4.2039e-045 1.79366e-043
3.45555 -8.6265 -1.43145 0 0 0.8615 -0.3613 -0.3568 8.40779e-045 0 0 0 0 0
3.45555 -8.6265 -1.43145 0 0 0.8615 -0.3613 -0.3568 0 0 2.84307e-039 0 2.84308e-039 0
3.45425 -7.1102 -2.30805 0 0 0.8236 -0.1376 -0.5503 0 0 2.84307e-039 0 2.84308e-039 0
3.45425 -7.1102 -2.30805 0 0 0.8236 -0.1376 -0.5503 8.40779e-045 0 0 0 0 0
3.83885 -7.1102 -1.59015 2.86706e-042 -7.69516e+016 0.9151 -0.1376 -0.379 0 0 0 0 4.2039e-045 1.79366e-043
3.47044 -5.3806 -2.31885 2.86706e-042 -7.69516e+016 0.8269 0.1042 -0.5525 0 0 0 0 4.2039e-045 1.79366e-043
3.85686 -5.3806 -1.59755 0 0 0.9189 0.1042 -0.3806 8.40779e-045 0 0 0 0 0
3.85686 -5.3806 -1.59755 0 0 0.9189 0.1042 -0.3806 0 0 2.84307e-039 0 2.84308e-039 0
3.08784 -3.33701 -2.06325 0 0 0.8 0.2727 -0.5345 0 0 2.84307e-039 0 2.84308e-039 0
3.08784 -3.33701 -2.06325 0 0 0.8 0.2727 -0.5345 8.40779e-045 0 0 0 0 0
3.43175 -3.33701 -1.42145 2.86706e-042 -7.69516e+016 0.8889 0.2727 -0.3682 0 0 0 0 4.2039e-045 1.79366e-043
2.46835 -1.18121 -1.64925 2.86706e-042 -7.69516e+016 0.7787 0.3504 -0.5203 0 0 0 0 4.2039e-045 1.79366e-043
2.74315 -1.18121 -1.13615 0 0 0.8653 0.3505 -0.3584 8.40779e-045 0 0 0 0 0
2.74315 -1.18121 -1.13615 0 0 0.8653 0.3505 -0.3584 0 0 2.84307e-039 0 2.84308e-039 0
1.77335 0.884895 -1.18485 0 0 0.7873 0.3217 -0.526 0 0 2.84307e-039 0 2.84308e-039 0
1.77335 0.884895 -1.18485 0 0 0.7873 0.3217 -0.526 8.40779e-045 0 0 0 0 0
1.97086 0.884895 -0.816246 2.86706e-042 -7.69516e+016 0.8747 0.3218 -0.3623 0 0 0 0 4.2039e-045 1.79366e-043
1.19646 3.4086 -0.799347 2.86706e-042 -7.69516e+016 0.818 0.1793 -0.5466 0 0 0 0 4.2039e-045 1.79366e-043
1.32965 3.4086 -0.550648 0 0 0.9089 0.1794 -0.3765 8.40779e-045 0 0 0 0 0
1.32965 3.4086 -0.550648 0 0 0.9089 0.1794 -0.3765 0 0 2.84307e-039 0 2.84308e-039 0
0.930847 6.9371 -0.621746 0 0 0.8314 0.0161 -0.5555 0 0 2.84307e-039 0 2.84308e-039 0
0.930847 6.9371 -0.621746 0 0 0.8314 0.0161 -0.5555 8.40779e-045 0 0 0 0 0
1.03455 6.9371 -0.428349 2.86706e-042 -7.69516e+016 0.9238 0.0161 -0.3826 0 0 0 0 4.2039e-045 1.79366e-043
1.09805 -11.3779 -0.218548 0 0 0.1713 -0.9846 -0.0341 0 0 2.84307e-039 0 2.84308e-039 0
0.104248 -11.3779 -0.0208473 2.86706e-042 -7.69516e+016 0 -1 -0 0 0 0 0 4.2039e-045 1.79366e-043
1.09805 -11.3779 -0.218548 0 0 0.1713 -0.9846 -0.0341 8.40779e-045 0 0 0 0 0
1.11975 -11.3779 -4.95911e-005 2.86706e-042 -7.69516e+016 0.1748 -0.9846 -0 0 0 0 0 4.2039e-045 1.79366e-043
0.106247 -11.3779 -4.95911e-005 0 0 0 -1 -0 8.40779e-045 0 0 0 0 0
0.106247 -11.3779 -4.95911e-005 0 0 0 -1 -0 0 0 2.84307e-039 0 2.84308e-039 0
2.05945 -11.041 -0.409748 2.86706e-042 -7.69516e+016 0.5505 -0.8276 -0.1095 0 0 0 0 4.2039e-045 1.79366e-043
2.10014 -11.041 -4.95911e-005 0 0 0.5615 -0.8275 -0 8.40779e-045 0 0 0 0 0
2.10014 -11.041 -4.95911e-005 0 0 0.5615 -0.8275 -0 0 0 2.84307e-039 0 2.84308e-039 0
2.95605 -10.0304 -0.588047 0 0 0.8085 -0.566 -0.1608 0 0 2.84307e-039 0 2.84308e-039 0
2.95605 -10.0304 -0.588047 0 0 0.8085 -0.566 -0.1608 8.40779e-045 0 0 0 0 0
3.01456 -10.0304 -4.95911e-005 2.86706e-042 -7.69516e+016 0.8244 -0.566 -0 0 0 0 0 4.2039e-045 1.79366e-043
3.66776 -8.6265 -0.729649 2.86706e-042 -7.69516e+016 0.9145 -0.3613 -0.1819 0 0 0 0 4.2039e-045 1.79366e-043
3.74036 -8.6265 -4.95911e-005 0 0 0.9324 -0.3613 -0 8.40779e-045 0 0 0 0 0
3.74036 -8.6265 -4.95911e-005 0 0 0.9324 -0.3613 -0 0 0 2.84307e-039 0 2.84308e-039 0
4.07455 -7.1102 -0.810448 0 0 0.9715 -0.1376 -0.1932 0 0 2.84307e-039 0 2.84308e-039 0
4.07455 -7.1102 -0.810448 0 0 0.9715 -0.1376 -0.1932 8.40779e-045 0 0 0 0 0
4.15515 -7.1102 -4.95911e-005 2.86706e-042 -7.69516e+016 0.9905 -0.1376 -0 0 0 0 0 4.2039e-045 1.79366e-043
4.09366 -5.3806 -0.814247 2.86706e-042 -7.69516e+016 0.9755 0.1041 -0.194 0 0 0 0 4.2039e-045 1.79366e-043
4.17465 -5.3806 -4.95911e-005 0 0 0.9946 0.1041 0 8.40779e-045 0 0 0 0 0
4.17465 -5.3806 -4.95911e-005 0 0 0.9946 0.1041 0 0 0 2.84307e-039 0 2.84308e-039 0
3.64246 -3.33701 -0.724449 0 0 0.9436 0.2727 -0.1877 0 0 2.84307e-039 0 2.84308e-039 0
3.64246 -3.33701 -0.724449 0 0 0.9436 0.2727 -0.1877 8.40779e-045 0 0 0 0 0
3.71445 -3.33701 5.34058e-005 2.86706e-042 -7.69516e+016 0.9621 0.2727 0 0 0 0 0 4.2039e-045 1.79366e-043
2.91154 -1.18121 -0.579048 2.86706e-042 -7.69516e+016 0.9186 0.3504 -0.1827 0 0 0 0 4.2039e-045 1.79366e-043
2.96915 -1.1813 5.34058e-005 0 0 0.9366 0.3505 0 8.40779e-045 0 0 0 0 0
2.96915 -1.1813 5.34058e-005 0 0 0.9366 0.3505 0 0 0 2.84307e-039 0 2.84308e-039 0
2.09186 0.884895 -0.415947 0 0 0.9287 0.3217 -0.1847 0 0 2.84307e-039 0 2.84308e-039 0
2.09186 0.884895 -0.415947 0 0 0.9287 0.3217 -0.1847 8.40779e-045 0 0 0 0 0
2.13326 0.884895 0.000152588 2.86706e-042 -7.69516e+016 0.9468 0.3218 0 0 0 0 0 4.2039e-045 1.79366e-043
1.41135 3.4086 -0.280548 2.86706e-042 -7.69516e+016 0.9649 0.1793 -0.1919 0 0 0 0 4.2039e-045 1.79366e-043
1.43925 3.4086 0.000152588 0 0 0.9838 0.1794 0 8.40779e-045 0 0 0 0 0
1.43925 3.4086 0.000152588 0 0 0.9838 0.1794 0 0 0 2.84307e-039 0 2.84308e-039 0
1.09805 6.9371 -0.218246 0 0 0.9807 0.0161 -0.1951 0 0 2.84307e-039 0 2.84308e-039 0
1.09805 6.9371 -0.218246 0 0 0.9807 0.0161 -0.1951 8.40779e-045 0 0 0 0 0
1.11975 6.9371 0.000152588 2.86706e-042 -7.69516e+016 0.9999 0.0161 0 0 0 0 0 4.2039e-045 1.79366e-043
1.09805 -11.3779 0.218353 0 0 0.1713 -0.9846 0.0341 0 0 2.84307e-039 0 2.84308e-039 0
0.104248 -11.3779 0.0206528 2.86706e-042 -7.69516e+016 0 -1 -0 0 0 0 0 4.2039e-045 1.79366e-043
1.09805 -11.3779 0.218353 0 0 0.1713 -0.9846 0.0341 8.40779e-045 0 0 0 0 0
1.03455 -11.3779 0.428452 2.86706e-042 -7.69516e+016 0.1615 -0.9846 0.0669 0 0 0 0 4.2039e-045 1.79366e-043
0.0982513 -11.3779 0.040554 0 0 0 -1 -0 8.40779e-045 0 0 0 0 0
0.0982513 -11.3779 0.040554 0 0 0 -1 -0 0 0 2.84307e-039 0 2.84308e-039 0
2.05945 -11.041 0.409554 2.86706e-042 -7.69516e+016 0.5505 -0.8276 0.1095 0 0 0 0 4.2039e-045 1.79366e-043
1.94035 -11.041 0.803654 0 0 0.5187 -0.8275 0.2149 8.40779e-045 0 0 0 0 0
1.94035 -11.041 0.803654 0 0 0.5187 -0.8275 0.2149 0 0 2.84307e-039 0 2.84308e-039 0
2.95605 -10.0304 0.587952 0 0 0.8085 -0.566 0.1608 0 0 2.84307e-039 0 2.84308e-039 0
2.95605 -10.0304 0.587952 0 0 0.8085 -0.566 0.1608 8.40779e-045 0 0 0 0 0
2.78505 -10.0304 1.15355 2.86706e-042 -7.69516e+016 0.7616 -0.566 0.3155 0 0 0 0 4.2039e-045 1.79366e-043
3.66776 -8.6266 0.729553 2.86706e-042 -7.69516e+016 0.9145 -0.3613 0.1819 0 0 0 0 4.2039e-045 1.79366e-043
3.45555 -8.6266 1.43135 0 0 0.8615 -0.3614 0.3568 8.40779e-045 0 0 0 0 0
3.45555 -8.6266 1.43135 0 0 0.8615 -0.3614 0.3568 0 0 2.84307e-039 0 2.84308e-039 0
4.07455 -7.1102 0.810452 0 0 0.9715 -0.1376 0.1932 0 0 2.84307e-039 0 2.84308e-039 0
4.07455 -7.1102 0.810452 0 0 0.9715 -0.1376 0.1932 8.40779e-045 0 0 0 0 0
3.83885 -7.1102 1.59005 2.86706e-042 -7.69516e+016 0.9151 -0.1376 0.379 0 0 0 0 4.2039e-045 1.79366e-043
4.09366 -5.3806 0.814251 2.86706e-042 -7.69516e+016 0.9755 0.1041 0.194 0 0 0 0 4.2039e-045 1.79366e-043
3.85686 -5.3806 1.59755 0 0 0.9189 0.1041 0.3806 8.40779e-045 0 0 0 0 0
3.85686 -5.3806 1.59755 0 0 0.9189 0.1041 0.3806 0 0 2.84307e-039 0 2.84308e-039 0
3.64246 -3.33701 0.724552 0 0 0.9436 0.2727 0.1877 0 0 2.84307e-039 0 2.84308e-039 0
3.64246 -3.33701 0.724552 0 0 0.9436 0.2727 0.1877 8.40779e-045 0 0 0 0 0
3.43175 -3.33701 1.42155 2.86706e-042 -7.69516e+016 0.8889 0.2727 0.3682 0 0 0 0 4.2039e-045 1.79366e-043
2.91154 -1.1813 0.579254 2.86706e-042 -7.69516e+016 0.9186 0.3504 0.1827 0 0 0 0 4.2039e-045 1.79366e-043
2.74315 -1.1813 1.13635 0 0 0.8653 0.3505 0.3584 8.40779e-045 0 0 0 0 0
2.74315 -1.1813 1.13635 0 0 0.8653 0.3505 0.3584 0 0 2.84307e-039 0 2.84308e-039 0
2.09186 0.884895 0.416153 0 0 0.9287 0.3217 0.1847 0 0 2.84307e-039 0 2.84308e-039 0
2.09186 0.884895 0.416153 0 0 0.9287 0.3217 0.1847 8.40779e-045 0 0 0 0 0
1.97086 0.884895 0.816452 2.86706e-042 -7.69516e+016 0.8747 0.3218 0.3623 0 0 0 0 4.2039e-045 1.79366e-043
1.41135 3.4086 0.280853 2.86706e-042 -7.69516e+016 0.9649 0.1793 0.1919 0 0 0 0 4.2039e-045 1.79366e-043
1.32965 3.4086 0.550953 0 0 0.9089 0.1794 0.3765 8.40779e-045 0 0 0 0 0
1.32965 3.4086 0.550953 0 0 0.9089 0.1794 0.3765 0 0 2.84307e-039 0 2.84308e-039 0
1.09805 6.9371 0.218651 0 0 0.9807 0.0161 0.1951 0 0 2.84307e-039 0 2.84308e-039 0
1.09805 6.9371 0.218651 0 0 0.9807 0.0161 0.1951 8.40779e-045 0 0 0 0 0
1.03455 6.9371 0.428753 2.86706e-042 -7.69516e+016 0.9238 0.0161 0.3826 0 0 0 0 4.2039e-045 1.79366e-043
0.930847 -11.3779 0.621952 0 0 0.1452 -0.9846 0.097 0 0 2.84307e-039 0 2.84308e-039 0
0.0883484 -11.3779 0.0589523 2.86706e-042 -7.69516e+016 0 -1 -0 0 0 0 0 4.2039e-045 1.79366e-043
0.930847 -11.3779 0.621952 0 0 0.1452 -0.9846 0.097 8.40779e-045 0 0 0 0 0
0.791748 -11.3779 0.791752 2.86706e-042 -7.69516e+016 0.1236 -0.9846 0.1236 0 0 0 0 4.2039e-045 1.79366e-043
0.0751495 -11.3779 0.0750542 0 0 0 -1 -0 8.40779e-045 0 0 0 0 0
0.0751495 -11.3779 0.0750542 0 0 0 -1 -0 0 0 2.84307e-039 0 2.84308e-039 0
1.74596 -11.0411 1.16645 2.86706e-042 -7.69516e+016 0.4667 -0.8276 0.3118 0 0 0 0 4.2039e-045 1.79366e-043
1.48505 -11.0411 1.48495 0 0 0.397 -0.8275 0.397 8.40779e-045 0 0 0 0 0
1.48505 -11.0411 1.48495 0 0 0.397 -0.8275 0.397 0 0 2.84307e-039 0 2.84308e-039 0
2.50606 -10.0304 1.67435 0 0 0.6854 -0.5661 0.458 0 0 2.84307e-039 0 2.84308e-039 0
2.50606 -10.0304 1.67435 0 0 0.6854 -0.5661 0.458 8.40779e-045 0 0 0 0 0
2.13155 -10.0304 2.13155 2.86706e-042 -7.69516e+016 0.5829 -0.5661 0.5829 0 0 0 0 4.2039e-045 1.79366e-043
3.10934 -8.6266 2.07755 2.86706e-042 -7.69516e+016 0.7753 -0.3613 0.518 0 0 0 0 4.2039e-045 1.79366e-043
2.64474 -8.6266 2.64475 0 0 0.6593 -0.3614 0.6593 8.40779e-045 0 0 0 0 0
2.64474 -8.6266 2.64475 0 0 0.6593 -0.3614 0.6593 0 0 2.84307e-039 0 2.84308e-039 0
3.45425 -7.1102 2.30805 0 0 0.8236 -0.1376 0.5503 0 0 2.84307e-039 0 2.84308e-039 0
3.45425 -7.1102 2.30805 0 0 0.8236 -0.1376 0.5503 8.40779e-045 0 0 0 0 0
2.93816 -7.1102 2.93805 2.86706e-042 -7.69516e+016 0.7004 -0.1376 0.7004 0 0 0 0 4.2039e-045 1.79366e-043
3.47044 -5.3806 2.31885 2.86706e-042 -7.69516e+016 0.8269 0.1041 0.5526 0 0 0 0 4.2039e-045 1.79366e-043
2.95195 -5.3806 2.95195 0 0 0.7033 0.1041 0.7033 8.40779e-045 0 0 0 0 0
2.95195 -5.3806 2.95195 0 0 0.7033 0.1041 0.7033 0 0 2.84307e-039 0 2.84308e-039 0
3.08784 -3.33701 2.06325 0 0 0.8 0.2727 0.5345 0 0 2.84307e-039 0 2.84308e-039 0
3.08784 -3.33701 2.06325 0 0 0.8 0.2727 0.5345 8.40779e-045 0 0 0 0 0
2.62656 -3.3371 2.62655 2.86706e-042 -7.69516e+016 0.6803 0.2727 0.6803 0 0 0 0 4.2039e-045 1.79366e-043
2.46835 -1.1813 1.64935 2.86706e-042 -7.69516e+016 0.7787 0.3504 0.5203 0 0 0 0 4.2039e-045 1.79366e-043
2.09955 -1.1813 2.09965 0 0 0.6623 0.3505 0.6623 8.40779e-045 0 0 0 0 0
2.09955 -1.1813 2.09965 0 0 0.6623 0.3505 0.6623 0 0 2.84307e-039 0 2.84308e-039 0
1.77335 0.884895 1.18505 0 0 0.7873 0.3217 0.526 0 0 2.84307e-039 0 2.84308e-039 0
1.77335 0.884895 1.18505 0 0 0.7873 0.3217 0.526 8.40779e-045 0 0 0 0 0
1.50845 0.884895 1.50855 2.86706e-042 -7.69516e+016 0.6695 0.3218 0.6695 0 0 0 0 4.2039e-045 1.79366e-043
1.19646 3.4086 0.799553 2.86706e-042 -7.69516e+016 0.818 0.1793 0.5466 0 0 0 0 4.2039e-045 1.79366e-043
1.01765 3.4086 1.01785 0 0 0.6956 0.1793 0.6956 8.40779e-045 0 0 0 0 0
1.01765 3.4086 1.01785 0 0 0.6956 0.1793 0.6956 0 0 2.84307e-039 0 2.84308e-039 0
0.930847 6.9371 0.62215 0 0 0.8314 0.0161 0.5555 0 0 2.84307e-039 0 2.84308e-039 0
0.930847 6.9371 0.62215 0 0 0.8314 0.0161 0.5555 8.40779e-045 0 0 0 0 0
0.791748 6.9371 0.791954 2.86706e-042 -7.69516e+016 0.707 0.0161 0.707 0 0 0 0 4.2039e-045 1.79366e-043
0.621948 -11.3779 0.930752 0 0 0.097 -0.9846 0.1452 0 0 2.84307e-039 0 2.84308e-039 0
0.0590515 -11.3779 0.088253 2.86706e-042 -7.69516e+016 0 -1 -0 0 0 0 0 4.2039e-045 1.79366e-043
0.621948 -11.3779 0.930752 0 0 0.097 -0.9846 0.1452 8.40779e-045 0 0 0 0 0
0.428558 -11.3779 1.03445 2.86706e-042 -7.69516e+016 0.0669 -0.9846 0.1615 0 0 0 0 4.2039e-045 1.79366e-043
0.0406494 -11.3779 0.0981522 0 0 0 -1 -0 8.40779e-045 0 0 0 0 0
0.0406494 -11.3779 0.0981522 0 0 0 -1 -0 0 0 2.84307e-039 0 2.84308e-039 0
1.16655 -11.0411 1.74585 2.86706e-042 -7.69516e+016 0.3119 -0.8276 0.4667 0 0 0 0 4.2039e-045 1.79366e-043
0.803757 -11.0411 1.94025 0 0 0.2149 -0.8275 0.5187 8.40779e-045 0 0 0 0 0
0.803757 -11.0411 1.94025 0 0 0.2149 -0.8275 0.5187 0 0 2.84307e-039 0 2.84308e-039 0
1.67445 -10.0304 2.50595 0 0 0.458 -0.5661 0.6854 0 0 2.84307e-039 0 2.84308e-039 0
1.67445 -10.0304 2.50595 0 0 0.458 -0.5661 0.6854 8.40779e-045 0 0 0 0 0
1.15366 -10.0304 2.78495 2.86706e-042 -7.69516e+016 0.3155 -0.5661 0.7616 0 0 0 0 4.2039e-045 1.79366e-043
2.07765 -8.6266 3.10935 2.86706e-042 -7.69516e+016 0.518 -0.3613 0.7753 0 0 0 0 4.2039e-045 1.79366e-043
1.43135 -8.6266 3.45555 0 0 0.3568 -0.3614 0.8614 8.40779e-045 0 0 0 0 0
1.43135 -8.6266 3.45555 0 0 0.3568 -0.3614 0.8614 0 0 2.84307e-039 0 2.84308e-039 0
2.30804 -7.1102 3.45415 0 0 0.5503 -0.1376 0.8236 0 0 2.84307e-039 0 2.84308e-039 0
2.30804 -7.1102 3.45415 0 0 0.5503 -0.1376 0.8236 8.40779e-045 0 0 0 0 0
1.59006 -7.1102 3.83885 2.86706e-042 -7.69516e+016 0.379 -0.1376 0.9151 0 0 0 0 4.2039e-045 1.79366e-043
2.31885 -5.3806 3.47045 2.86706e-042 -7.69516e+016 0.5525 0.1041 0.827 0 0 0 0 4.2039e-045 1.79366e-043
1.59755 -5.3807 3.85685 0 0 0.3806 0.1041 0.9189 8.40779e-045 0 0 0 0 0
1.59755 -5.3807 3.85685 0 0 0.3806 0.1041 0.9189 0 0 2.84307e-039 0 2.84308e-039 0
2.06325 -3.3371 3.08795 0 0 0.5345 0.2727 0.8 0 0 2.84307e-039 0 2.84308e-039 0
2.06325 -3.3371 3.08795 0 0 0.5345 0.2727 0.8 8.40779e-045 0 0 0 0 0
1.42145 -3.3371 3.43175 2.86706e-042 -7.69516e+016 0.3682 0.2727 0.8889 0 0 0 0 4.2039e-045 1.79366e-043
1.64925 -1.1813 2.46835 2.86706e-042 -7.69516e+016 0.5203 0.3504 0.7787 0 0 0 0 4.2039e-045 1.79366e-043
1.13625 -1.1813 2.74325 0 0 0.3584 0.3505 0.8653 8.40779e-045 0 0 0 0 0
1.13625 -1.1813 2.74325 0 0 0.3584 0.3505 0.8653 0 0 2.84307e-039 0 2.84308e-039 0
1.18495 0.884895 1.77345 0 0 0.526 0.3217 0.7873 0 0 2.84307e-039 0 2.84308e-039 0
1.18495 0.884895 1.77345 0 0 0.526 0.3217 0.7873 8.40779e-045 0 0 0 0 0
0.816345 0.884895 1.97095 2.86706e-042 -7.69516e+016 0.3623 0.3217 0.8748 0 0 0 0 4.2039e-045 1.79366e-043
0.799454 3.4086 1.19655 2.86706e-042 -7.69516e+016 0.5466 0.1793 0.818 0 0 0 0 4.2039e-045 1.79366e-043
0.550751 3.4086 1.32985 0 0 0.3765 0.1793 0.9089 8.40779e-045 0 0 0 0 0
0.550751 3.4086 1.32985 0 0 0.3765 0.1793 0.9089 0 0 2.84307e-039 0 2.84308e-039 0
0.621948 6.9371 0.931053 0 0 0.5555 0.0161 0.8314 0 0 2.84307e-039 0 2.84308e-039 0
0.621948 6.9371 0.931053 0 0 0.5555 0.0161 0.8314 8.40779e-045 0 0 0 0 0
0.428558 6.9371 1.03475 2.86706e-042 -7.69516e+016 0.3826 0.0161 0.9238 0 0 0 0 4.2039e-045 1.79366e-043
0.218445 -11.3779 1.09795 0 0 0.0341 -0.9846 0.1713 0 0 2.84307e-039 0 2.84308e-039 0
0.020752 -11.3779 0.104153 2.86706e-042 -7.69516e+016 0 -1 -0 0 0 0 0 4.2039e-045 1.79366e-043
0.218445 -11.3779 1.09795 0 0 0.0341 -0.9846 0.1713 8.40779e-045 0 0 0 0 0
-4.57764e-005 -11.3779 1.11965 2.86706e-042 -7.69516e+016 0 -0.9846 0.1748 0 0 0 0 4.2039e-045 1.79366e-043
-4.57764e-005 -11.3779 0.106251 0 0 0 -1 -0 8.40779e-045 0 0 0 0 0
-4.57764e-005 -11.3779 0.106251 0 0 0 -1 -0 0 0 2.84307e-039 0 2.84308e-039 0
0.409653 -11.0411 2.05935 2.86706e-042 -7.69516e+016 0.1095 -0.8276 0.5505 0 0 0 0 4.2039e-045 1.79366e-043
-4.57764e-005 -11.0411 2.10015 0 0 0 -0.8275 0.5615 8.40779e-045 0 0 0 0 0
-4.57764e-005 -11.0411 2.10015 0 0 0 -0.8275 0.5615 0 0 2.84307e-039 0 2.84308e-039 0
0.587952 -10.0304 2.95595 0 0 0.1608 -0.5661 0.8085 0 0 2.84307e-039 0 2.84308e-039 0
0.587952 -10.0304 2.95595 0 0 0.1608 -0.5661 0.8085 8.40779e-045 0 0 0 0 0
-4.57764e-005 -10.0304 3.01445 2.86706e-042 -7.69516e+016 0 -0.5661 0.8244 0 0 0 0 4.2039e-045 1.79366e-043
0.729553 -8.6266 3.66765 2.86706e-042 -7.69516e+016 0.1819 -0.3613 0.9145 0 0 0 0 4.2039e-045 1.79366e-043
-4.57764e-005 -8.6266 3.74025 0 0 0 -0.3614 0.9324 8.40779e-045 0 0 0 0 0
-4.57764e-005 -8.6266 3.74025 0 0 0 -0.3614 0.9324 0 0 2.84307e-039 0 2.84308e-039 0
0.810455 -7.11031 4.07445 0 0 0.1932 -0.1376 0.9715 0 0 2.84307e-039 0 2.84308e-039 0
0.810455 -7.11031 4.07445 0 0 0.1932 -0.1376 0.9715 8.40779e-045 0 0 0 0 0
-4.57764e-005 -7.11031 4.15505 2.86706e-042 -7.69516e+016 -0 -0.1376 0.9905 0 0 0 0 4.2039e-045 1.79366e-043
0.814255 -5.3807 4.09365 2.86706e-042 -7.69516e+016 0.194 0.1041 0.9755 0 0 0 0 4.2039e-045 1.79366e-043
-4.57764e-005 -5.3807 4.17465 0 0 -0 0.1041 0.9946 8.40779e-045 0 0 0 0 0
-4.57764e-005 -5.3807 4.17465 0 0 -0 0.1041 0.9946 0 0 2.84307e-039 0 2.84308e-039 0
0.724548 -3.3371 3.64245 0 0 0.1877 0.2727 0.9436 0 0 2.84307e-039 0 2.84308e-039 0
0.724548 -3.3371 3.64245 0 0 0.1877 0.2727 0.9436 8.40779e-045 0 0 0 0 0
-4.57764e-005 -3.3371 3.71455 2.86706e-042 -7.69516e+016 -0 0.2727 0.9621 0 0 0 0 4.2039e-045 1.79366e-043
0.579147 -1.1813 2.91165 2.86706e-042 -7.69516e+016 0.1827 0.3504 0.9186 0 0 0 0 4.2039e-045 1.79366e-043
-4.57764e-005 -1.1813 2.96925 0 0 -0 0.3505 0.9366 8.40779e-045 0 0 0 0 0
-4.57764e-005 -1.1813 2.96925 0 0 -0 0.3505 0.9366 0 0 2.84307e-039 0 2.84308e-039 0
0.416046 0.884895 2.09195 0 0 0.1847 0.3217 0.9287 0 0 2.84307e-039 0 2.84308e-039 0
0.416046 0.884895 2.09195 0 0 0.1847 0.3217 0.9287 8.40779e-045 0 0 0 0 0
-4.57764e-005 0.884895 2.13335 2.86706e-042 -7.69516e+016 -0 0.3217 0.9468 0 0 0 0 4.2039e-045 1.79366e-043
0.280746 3.4086 1.41145 2.86706e-042 -7.69516e+016 0.1919 0.1793 0.9649 0 0 0 0 4.2039e-045 1.79366e-043
-4.57764e-005 3.4086 1.43935 0 0 -0 0.1793 0.9838 8.40779e-045 0 0 0 0 0
-4.57764e-005 3.4086 1.43935 0 0 -0 0.1793 0.9838 0 0 2.84307e-039 0 2.84308e-039 0
0.218445 6.9371 1.09825 0 0 0.1951 0.0161 0.9807 0 0 2.84307e-039 0 2.84308e-039 0
0.218445 6.9371 1.09825 0 0 0.1951 0.0161 0.9807 8.40779e-045 0 0 0 0 0
-4.57764e-005 6.9371 1.11995 2.86706e-042 -7.69516e+016 -0 0.0161 0.9999 0 0 0 0 4.2039e-045 1.79366e-043
-0.218445 -11.3779 1.09795 0 0 -0.0341 -0.9846 0.1713 0 0 2.84307e-039 0 2.84308e-039 0
-0.020752 -11.3779 0.104153 2.86706e-042 -7.69516e+016 -0 -1 -0 0 0 0 0 4.2039e-045 1.79366e-043
-0.218445 -11.3779 1.09795 0 0 -0.0341 -0.9846 0.1713 8.40779e-045 0 0 0 0 0
-0.428543 -11.3779 1.03445 2.86706e-042 -7.69516e+016 -0.0669 -0.9846 0.1615 0 0 0 0 4.2039e-045 1.79366e-043
-0.0406494 -11.3779 0.0981522 0 0 -0 -1 -0 8.40779e-045 0 0 0 0 0
-0.0406494 -11.3779 0.0981522 0 0 -0 -1 -0 0 0 2.84307e-039 0 2.84308e-039 0
-0.409653 -11.0411 2.05935 2.86706e-042 -7.69516e+016 -0.1095 -0.8276 0.5505 0 0 0 0 4.2039e-045 1.79366e-043
-0.803741 -11.0411 1.94025 0 0 -0.2149 -0.8275 0.5187 8.40779e-045 0 0 0 0 0
-0.803741 -11.0411 1.94025 0 0 -0.2149 -0.8275 0.5187 0 0 2.84307e-039 0 2.84308e-039 0
-0.587952 -10.0304 2.95595 0 0 -0.1608 -0.5661 0.8085 0 0 2.84307e-039 0 2.84308e-039 0
-0.587952 -10.0304 2.95595 0 0 -0.1608 -0.5661 0.8085 8.40779e-045 0 0 0 0 0
-1.15366 -10.0304 2.78495 2.86706e-042 -7.69516e+016 -0.3155 -0.5661 0.7616 0 0 0 0 4.2039e-045 1.79366e-043
-0.729553 -8.6266 3.66765 2.86706e-042 -7.69516e+016 -0.1819 -0.3613 0.9145 0 0 0 0 4.2039e-045 1.79366e-043
-1.43135 -8.6266 3.45555 0 0 -0.3568 -0.3614 0.8614 8.40779e-045 0 0 0 0 0
-1.43135 -8.6266 3.45555 0 0 -0.3568 -0.3614 0.8614 0 0 2.84307e-039 0 2.84308e-039 0
-0.810455 -7.11031 4.07445 0 0 -0.1932 -0.1376 0.9715 0 0 2.84307e-039 0 2.84308e-039 0
-0.810455 -7.11031 4.07445 0 0 -0.1932 -0.1376 0.9715 8.40779e-045 0 0 0 0 0
-1.59015 -7.1102 3.83885 2.86706e-042 -7.69516e+016 -0.379 -0.1376 0.9151 0 0 0 0 4.2039e-045 1.79366e-043
-0.814255 -5.3807 4.09365 2.86706e-042 -7.69516e+016 -0.194 0.1041 0.9755 0 0 0 0 4.2039e-045 1.79366e-043
-1.59755 -5.3807 3.85685 0 0 -0.3806 0.1041 0.9189 8.40779e-045 0 0 0 0 0
-1.59755 -5.3807 3.85685 0 0 -0.3806 0.1041 0.9189 0 0 2.84307e-039 0 2.84308e-039 0
-0.724548 -3.3371 3.64245 0 0 -0.1877 0.2727 0.9436 0 0 2.84307e-039 0 2.84308e-039 0
-0.724548 -3.3371 3.64245 0 0 -0.1877 0.2727 0.9436 8.40779e-045 0 0 0 0 0
-1.42145 -3.3371 3.43175 2.86706e-042 -7.69516e+016 -0.3682 0.2727 0.8889 0 0 0 0 4.2039e-045 1.79366e-043
-0.579147 -1.1813 2.91165 2.86706e-042 -7.69516e+016 -0.1827 0.3504 0.9186 0 0 0 0 4.2039e-045 1.79366e-043
-1.13625 -1.1813 2.74325 0 0 -0.3584 0.3505 0.8653 8.40779e-045 0 0 0 0 0
-1.13625 -1.1813 2.74325 0 0 -0.3584 0.3505 0.8653 0 0 2.84307e-039 0 2.84308e-039 0
-0.416153 0.884895 2.09195 0 0 -0.1847 0.3217 0.9287 0 0 2.84307e-039 0 2.84308e-039 0
-0.416153 0.884895 2.09195 0 0 -0.1847 0.3217 0.9287 8.40779e-045 0 0 0 0 0
-0.816345 0.884895 1.97095 2.86706e-042 -7.69516e+016 -0.3623 0.3217 0.8748 0 0 0 0 4.2039e-045 1.79366e-043
-0.280746 3.4086 1.41145 2.86706e-042 -7.69516e+016 -0.1919 0.1793 0.9649 0 0 0 0 4.2039e-045 1.79366e-043
-0.550751 3.4086 1.32985 0 0 -0.3765 0.1793 0.9089 8.40779e-045 0 0 0 0 0
-0.550751 3.4086 1.32985 0 0 -0.3765 0.1793 0.9089 0 0 2.84307e-039 0 2.84308e-039 0
-0.218445 6.9371 1.09825 0 0 -0.1951 0.0161 0.9807 0 0 2.84307e-039 0 2.84308e-039 0
-0.218445 6.9371 1.09825 0 0 -0.1951 0.0161 0.9807 8.40779e-045 0 0 0 0 0
-0.428543 6.9371 1.03475 2.86706e-042 -7.69516e+016 -0.3826 0.0161 0.9238 0 0 0 0 4.2039e-045 1.79366e-043
-0.621948 -11.3779 0.930752 0 0 -0.097 -0.9846 0.1452 0 0 2.84307e-039 0 2.84308e-039 0
-0.0590515 -11.3779 0.088253 2.86706e-042 -7.69516e+016 -0 -1 -0 0 0 0 0 4.2039e-045 1.79366e-043
-0.621948 -11.3779 0.930752 0 0 -0.097 -0.9846 0.1452 8.40779e-045 0 0 0 0 0
-0.791855 -11.3779 0.791752 2.86706e-042 -7.69516e+016 -0.1236 -0.9846 0.1236 0 0 0 0 4.2039e-045 1.79366e-043
-0.0751495 -11.3779 0.0750542 0 0 -0 -1 -0 8.40779e-045 0 0 0 0 0
-0.0751495 -11.3779 0.0750542 0 0 -0 -1 -0 0 0 2.84307e-039 0 2.84308e-039 0
-1.16655 -11.0411 1.74585 2.86706e-042 -7.69516e+016 -0.3119 -0.8276 0.4667 0 0 0 0 4.2039e-045 1.79366e-043
-1.48505 -11.0411 1.48495 0 0 -0.397 -0.8275 0.397 8.40779e-045 0 0 0 0 0
-1.48505 -11.0411 1.48495 0 0 -0.397 -0.8275 0.397 0 0 2.84307e-039 0 2.84308e-039 0
-1.67445 -10.0304 2.50595 0 0 -0.458 -0.5661 0.6854 0 0 2.84307e-039 0 2.84308e-039 0
-1.67445 -10.0304 2.50595 0 0 -0.458 -0.5661 0.6854 8.40779e-045 0 0 0 0 0
-2.13155 -10.0304 2.13155 2.86706e-042 -7.69516e+016 -0.5829 -0.5661 0.5829 0 0 0 0 4.2039e-045 1.79366e-043
-2.07765 -8.6266 3.10935 2.86706e-042 -7.69516e+016 -0.518 -0.3613 0.7753 0 0 0 0 4.2039e-045 1.79366e-043
-2.64485 -8.6266 2.64475 0 0 -0.6593 -0.3614 0.6593 8.40779e-045 0 0 0 0 0
-2.64485 -8.6266 2.64475 0 0 -0.6593 -0.3614 0.6593 0 0 2.84307e-039 0 2.84308e-039 0
-2.30804 -7.1102 3.45415 0 0 -0.5503 -0.1376 0.8236 0 0 2.84307e-039 0 2.84308e-039 0
-2.30804 -7.1102 3.45415 0 0 -0.5503 -0.1376 0.8236 8.40779e-045 0 0 0 0 0
-2.93816 -7.1102 2.93805 2.86706e-042 -7.69516e+016 -0.7004 -0.1376 0.7004 0 0 0 0 4.2039e-045 1.79366e-043
-2.31885 -5.3806 3.47045 2.86706e-042 -7.69516e+016 -0.5525 0.1041 0.8269 0 0 0 0 4.2039e-045 1.79366e-043
-2.95195 -5.3806 2.95195 0 0 -0.7033 0.1041 0.7033 8.40779e-045 0 0 0 0 0
-2.95195 -5.3806 2.95195 0 0 -0.7033 0.1041 0.7033 0 0 2.84307e-039 0 2.84308e-039 0
-2.06325 -3.3371 3.08795 0 0 -0.5345 0.2727 0.8 0 0 2.84307e-039 0 2.84308e-039 0
-2.06325 -3.3371 3.08795 0 0 -0.5345 0.2727 0.8 8.40779e-045 0 0 0 0 0
-2.62656 -3.3371 2.62655 2.86706e-042 -7.69516e+016 -0.6803 0.2727 0.6803 0 0 0 0 4.2039e-045 1.79366e-043
-1.64925 -1.1813 2.46835 2.86706e-042 -7.69516e+016 -0.5203 0.3504 0.7787 0 0 0 0 4.2039e-045 1.79366e-043
-2.09955 -1.1813 2.09955 0 0 -0.6623 0.3505 0.6623 8.40779e-045 0 0 0 0 0
-2.09955 -1.1813 2.09955 0 0 -0.6623 0.3505 0.6623 0 0 2.84307e-039 0 2.84308e-039 0
-1.18495 0.884895 1.77345 0 0 -0.526 0.3217 0.7873 0 0 2.84307e-039 0 2.84308e-039 0
-1.18495 0.884895 1.77345 0 0 -0.526 0.3217 0.7873 8.40779e-045 0 0 0 0 0
-1.50845 0.884895 1.50855 2.86706e-042 -7.69516e+016 -0.6695 0.3218 0.6695 0 0 0 0 4.2039e-045 1.79366e-043
-0.799454 3.4086 1.19655 2.86706e-042 -7.69516e+016 -0.5466 0.1793 0.818 0 0 0 0 4.2039e-045 1.79366e-043
-1.01775 3.4086 1.01785 0 0 -0.6956 0.1793 0.6956 8.40779e-045 0 0 0 0 0
-1.01775 3.4086 1.01785 0 0 -0.6956 0.1793 0.6956 0 0 2.84307e-039 0 2.84308e-039 0
-0.621948 6.9371 0.931053 0 0 -0.5555 0.0161 0.8314 0 0 2.84307e-039 0 2.84308e-039 0
-0.621948 6.9371 0.931053 0 0 -0.5555 0.0161 0.8314 8.40779e-045 0 0 0 0 0
-0.791855 6.9371 0.791954 2.86706e-042 -7.69516e+016 -0.707 0.0161 0.707 0 0 0 0 4.2039e-045 1.79366e-043
-0.930847 -11.3779 0.621952 0 0 -0.1452 -0.9846 0.097 0 0 2.84307e-039 0 2.84308e-039 0
-0.0883484 -11.3779 0.0589523 2.86706e-042 -7.69516e+016 -0 -1 -0 0 0 0 0 4.2039e-045 1.79366e-043
-0.930847 -11.3779 0.621952 0 0 -0.1452 -0.9846 0.097 8.40779e-045 0 0 0 0 0
-1.03455 -11.3779 0.428452 2.86706e-042 -7.69516e+016 -0.1615 -0.9846 0.0669 0 0 0 0 4.2039e-045 1.79366e-043
-0.0982513 -11.3779 0.040554 0 0 -0 -1 -0 8.40779e-045 0 0 0 0 0
-0.0982513 -11.3779 0.040554 0 0 -0 -1 -0 0 0 2.84307e-039 0 2.84308e-039 0
-1.74596 -11.0411 1.16645 2.86706e-042 -7.69516e+016 -0.4667 -0.8276 0.3118 0 0 0 0 4.2039e-045 1.79366e-043
-1.94035 -11.041 0.803654 0 0 -0.5187 -0.8275 0.2149 8.40779e-045 0 0 0 0 0
-1.94035 -11.041 0.803654 0 0 -0.5187 -0.8275 0.2149 0 0 2.84307e-039 0 2.84308e-039 0
-2.50604 -10.0304 1.67435 0 0 -0.6854 -0.5661 0.458 0 0 2.84307e-039 0 2.84308e-039 0
-2.50604 -10.0304 1.67435 0 0 -0.6854 -0.5661 0.458 8.40779e-045 0 0 0 0 0
-2.78505 -10.0304 1.15355 2.86706e-042 -7.69516e+016 -0.7616 -0.566 0.3155 0 0 0 0 4.2039e-045 1.79366e-043
-3.10934 -8.6266 2.07755 2.86706e-042 -7.69516e+016 -0.7753 -0.3613 0.518 0 0 0 0 4.2039e-045 1.79366e-043
-3.45555 -8.6266 1.43135 0 0 -0.8615 -0.3614 0.3568 8.40779e-045 0 0 0 0 0
-3.45555 -8.6266 1.43135 0 0 -0.8615 -0.3614 0.3568 0 0 2.84307e-039 0 2.84308e-039 0
-3.45425 -7.1102 2.30805 0 0 -0.8236 -0.1376 0.5503 0 0 2.84307e-039 0 2.84308e-039 0
-3.45425 -7.1102 2.30805 0 0 -0.8236 -0.1376 0.5503 8.40779e-045 0 0 0 0 0
-3.83885 -7.1102 1.59005 2.86706e-042 -7.69516e+016 -0.9151 -0.1376 0.379 0 0 0 0 4.2039e-045 1.79366e-043
-3.47044 -5.3806 2.31885 2.86706e-042 -7.69516e+016 -0.8269 0.1041 0.5526 0 0 0 0 4.2039e-045 1.79366e-043
-3.85684 -5.3806 1.59755 0 0 -0.9189 0.1041 0.3806 8.40779e-045 0 0 0 0 0
-3.85684 -5.3806 1.59755 0 0 -0.9189 0.1041 0.3806 0 0 2.84307e-039 0 2.84308e-039 0
-3.08795 -3.33701 2.06325 0 0 -0.8 0.2727 0.5345 0 0 2.84307e-039 0 2.84308e-039 0
-3.08795 -3.33701 2.06325 0 0 -0.8 0.2727 0.5345 8.40779e-045 0 0 0 0 0
-3.43175 -3.33701 1.42155 2.86706e-042 -7.69516e+016 -0.8889 0.2727 0.3682 0 0 0 0 4.2039e-045 1.79366e-043
-2.46835 -1.1813 1.64935 2.86706e-042 -7.69516e+016 -0.7787 0.3504 0.5203 0 0 0 0 4.2039e-045 1.79366e-043
-2.74315 -1.1813 1.13635 0 0 -0.8653 0.3505 0.3584 8.40779e-045 0 0 0 0 0
-2.74315 -1.1813 1.13635 0 0 -0.8653 0.3505 0.3584 0 0 2.84307e-039 0 2.84308e-039 0
-1.77335 0.884895 1.18505 0 0 -0.7873 0.3217 0.526 0 0 2.84307e-039 0 2.84308e-039 0
-1.77335 0.884895 1.18505 0 0 -0.7873 0.3217 0.526 8.40779e-045 0 0 0 0 0
-1.97086 0.884895 0.816452 2.86706e-042 -7.69516e+016 -0.8747 0.3218 0.3623 0 0 0 0 4.2039e-045 1.79366e-043
-1.19644 3.4086 0.799553 2.86706e-042 -7.69516e+016 -0.818 0.1793 0.5466 0 0 0 0 4.2039e-045 1.79366e-043
-1.32965 3.4086 0.550953 0 0 -0.9089 0.1794 0.3765 8.40779e-045 0 0 0 0 0
-1.32965 3.4086 0.550953 0 0 -0.9089 0.1794 0.3765 0 0 2.84307e-039 0 2.84308e-039 0
-0.930847 6.9371 0.62215 0 0 -0.8314 0.0161 0.5555 0 0 2.84307e-039 0 2.84308e-039 0
-0.930847 6.9371 0.62215 0 0 -0.8314 0.0161 0.5555 8.40779e-045 0 0 0 0 0
-1.03455 6.9371 0.428753 2.86706e-042 -7.69516e+016 -0.9238 0.0161 0.3826 0 0 0 0 4.2039e-045 1.79366e-043
-1.09805 -11.3779 0.218353 0 0 -0.1713 -0.9846 0.0341 0 0 2.84307e-039 0 2.84308e-039 0
-0.104248 -11.3779 0.0206528 2.86706e-042 -7.69516e+016 -0 -1 -0 0 0 0 0 4.2039e-045 1.79366e-043
-1.09805 -11.3779 0.218353 0 0 -0.1713 -0.9846 0.0341 8.40779e-045 0 0 0 0 0
-2.05945 -11.041 0.409554 2.86706e-042 -7.69516e+016 -0.5505 -0.8276 0.1095 0 0 0 0 4.2039e-045 1.79366e-043
-2.95605 -10.0304 0.587952 0 0 -0.8085 -0.566 0.1608 0 0 2.84307e-039 0 2.84308e-039 0
-2.95605 -10.0304 0.587952 0 0 -0.8085 -0.566 0.1608 8.40779e-045 0 0 0 0 0
-3.66776 -8.6266 0.729553 2.86706e-042 -7.69516e+016 -0.9145 -0.3613 0.1819 0 0 0 0 4.2039e-045 1.79366e-043
-4.07455 -7.1102 0.810452 0 0 -0.9715 -0.1376 0.1932 0 0 2.84307e-039 0 2.84308e-039 0
-4.07455 -7.1102 0.810452 0 0 -0.9715 -0.1376 0.1932 8.40779e-045 0 0 0 0 0
-4.09364 -5.3806 0.814251 2.86706e-042 -7.69516e+016 -0.9755 0.1041 0.194 0 0 0 0 4.2039e-045 1.79366e-043
-3.64246 -3.33701 0.724552 0 0 -0.9436 0.2727 0.1877 0 0 2.84307e-039 0 2.84308e-039 0
-3.64246 -3.33701 0.724552 0 0 -0.9436 0.2727 0.1877 8.40779e-045 0 0 0 0 0
-2.91154 -1.1813 0.579254 2.86706e-042 -7.69516e+016 -0.9186 0.3504 0.1827 0 0 0 0 4.2039e-045 1.79366e-043
-2.09184 0.884895 0.416153 0 0 -0.9287 0.3217 0.1847 0 0 2.84307e-039 0 2.84308e-039 0
-2.09184 0.884895 0.416153 0 0 -0.9287 0.3217 0.1847 8.40779e-045 0 0 0 0 0
-1.41135 3.4086 0.280853 2.86706e-042 -7.69516e+016 -0.9649 0.1793 0.1919 0 0 0 0 4.2039e-045 1.79366e-043
-1.09805 6.9371 0.218651 0 0 -0.9807 0.0161 0.1951 0 0 2.84307e-039 0 2.84308e-039 0
-1.09805 6.9371 0.218651 0 0 -0.9807 0.0161 0.1951 8.40779e-045 0 0 0 0 0
Index count: 2112
0
1
2
3
4
5
0
6
7
8
1
5
0
9
10
11
6
5
0
4
12
13
9
5
14
9
12
13
15
16
14
17
10
11
9
16
14
18
19
20
17
16
14
15
21
22
18
16
23
18
21
22
24
25
23
26
19
20
18
25
23
27
28
29
26
25
23
24
30
31
27
25
32
27
30
31
33
34
32
35
28
29
27
34
32
36
37
38
35
34
32
33
39
40
36
34
41
36
39
40
42
43
41
44
37
38
36
43
41
45
46
47
44
43
41
42
48
49
45
43
50
45
48
49
51
52
50
53
46
47
45
52
54
55
7
8
6
56
54
57
58
59
55
56
54
60
61
62
57
56
54
6
10
11
60
56
63
60
10
11
17
64
63
65
61
62
60
64
63
66
67
68
65
64
63
17
19
20
66
64
69
66
19
20
26
70
69
71
67
68
66
70
69
72
73
74
71
70
69
26
28
29
72
70
75
72
28
29
35
76
75
77
73
74
72
76
75
78
79
80
77
76
75
35
37
38
78
76
81
78
37
38
44
82
81
83
79
80
78
82
81
84
85
86
83
82
81
44
46
47
84
82
87
84
46
47
53
88
87
89
85
86
84
88
90
91
58
59
57
92
90
93
94
95
91
92
90
96
97
98
93
92
90
57
61
62
96
92
99
96
61
62
65
100
99
101
97
98
96
100
99
102
103
104
101
100
99
65
67
68
102
100
105
102
67
68
71
106
105
107
103
104
102
106
105
108
109
110
107
106
105
71
73
74
108
106
111
108
73
74
77
112
111
113
109
110
108
112
111
114
115
116
113
112
111
77
79
80
114
112
117
114
79
80
83
118
117
119
115
116
114
118
117
120
121
122
119
118
117
83
85
86
120
118
123
120
85
86
89
124
123
125
121
122
120
124
126
127
94
95
93
128
126
129
130
131
127
128
126
132
133
134
129
128
126
93
97
98
132
128
135
132
97
98
101
136
135
137
133
134
132
136
135
138
139
140
137
136
135
101
103
104
138
136
141
138
103
104
107
142
141
143
139
140
138
142
141
144
145
146
143
142
141
107
109
110
144
142
147
144
109
110
113
148
147
149
145
146
144
148
147
150
151
152
149
148
147
113
115
116
150
148
153
150
115
116
119
154
153
155
151
152
150
154
153
156
157
158
155
154
153
119
121
122
156
154
159
156
121
122
125
160
159
161
157
158
156
160
162
163
130
131
129
164
162
165
166
167
163
164
162
168
169
170
165
164
162
129
133
134
168
164
171
168
133
134
137
172
171
173
169
170
168
172
171
174
175
176
173
172
171
137
139
140
174
172
177
174
139
140
143
178
177
179
175
176
174
178
177
180
181
182
179
178
177
143
145
146
180
178
183
180
145
146
149
184
183
185
181
182
180
184
183
186
187
188
185
184
183
149
151
152
186
184
189
186
151
152
155
190
189
191
187
188
186
190
189
192
193
194
191
190
189
155
157
158
192
190
195
192
157
158
161
196
195
197
193
194
192
196
198
199
166
167
165
200
198
201
202
203
199
200
198
204
205
206
201
200
198
165
169
170
204
200
207
204
169
170
173
208
207
209
205
206
204
208
207
210
211
212
209
208
207
173
175
176
210
208
213
210
175
176
179
214
213
215
211
212
210
214
213
216
217
218
215
214
213
179
181
182
216
214
219
216
181
182
185
220
219
221
217
218
216
220
219
222
223
224
221
220
219
185
187
188
222
220
225
222
187
188
191
226
225
227
223
224
222
226
225
228
229
230
227
226
225
191
193
194
228
226
231
228
193
194
197
232
231
233
229
230
228
232
234
235
202
203
201
236
234
237
238
239
235
236
234
240
241
242
237
236
234
201
205
206
240
236
243
240
205
206
209
244
243
245
241
242
240
244
243
246
247
248
245
244
243
209
211
212
246
244
249
246
211
212
215
250
249
251
247
248
246
250
249
252
253
254
251
250
249
215
217
218
252
250
255
252
217
218
221
256
255
257
253
254
252
256
255
258
259
260
257
256
255
221
223
224
258
256
261
258
223
224
227
262
261
263
259
260
258
262
261
264
265
266
263
262
261
227
229
230
264
262
267
264
229
230
233
268
267
269
265
266
264
268
270
271
238
239
237
272
270
273
274
275
271
272
270
276
277
278
273
272
270
237
241
242
276
272
279
276
241
242
245
280
279
281
277
278
276
280
279
282
283
284
281
280
279
245
247
248
282
280
285
282
247
248
251
286
285
287
283
284
282
286
285
288
289
290
287
286
285
251
253
254
288
286
291
288
253
254
257
292
291
293
289
290
288
292
291
294
295
296
293
292
291
257
259
260
294
292
297
294
259
260
263
298
297
299
295
296
294
298
297
300
301
302
299
298
297
263
265
266
300
298
303
300
265
266
269
304
303
305
301
302
300
304
306
307
274
275
273
308
306
309
310
311
307
308
306
312
313
314
309
308
306
273
277
278
312
308
315
312
277
278
281
316
315
317
313
314
312
316
315
318
319
320
317
316
315
281
283
284
318
316
321
318
283
284
287
322
321
323
319
320
318
322
321
324
325
326
323
322
321
287
289
290
324
322
327
324
289
290
293
328
327
329
325
326
324
328
327
330
331
332
329
328
327
293
295
296
330
328
333
330
295
296
299
334
333
335
331
332
330
334
333
336
337
338
335
334
333
299
301
302
336
334
339
336
301
302
305
340
339
341
337
338
336
340
342
343
310
311
309
344
342
345
346
347
343
344
342
348
349
350
345
344
342
309
313
314
348
344
351
348
313
314
317
352
351
353
349
350
348
352
351
354
355
356
353
352
351
317
319
320
354
352
357
354
319
320
323
358
357
359
355
356
354
358
357
360
361
362
359
358
357
323
325
326
360
358
363
360
325
326
329
364
363
365
361
362
360
364
363
366
367
368
365
364
363
329
331
332
366
364
369
366
331
332
335
370
369
371
367
368
366
370
369
372
373
374
371
370
369
335
337
338
372
370
375
372
337
338
341
376
375
377
373
374
372
376
378
379
346
347
345
380
378
381
382
383
379
380
378
384
385
386
381
380
378
345
349
350
384
380
387
384
349
350
353
388
387
389
385
386
384
388
387
390
391
392
389
388
387
353
355
356
390
388
393
390
355
356
359
394
393
395
391
392
390
394
393
396
397
398
395
394
393
359
361
362
396
394
399
396
361
362
365
400
399
401
397
398
396
400
399
402
403
404
401
400
399
365
367
368
402
400
405
402
367
368
371
406
405
407
403
404
402
406
405
408
409
410
407
406
405
371
373
374
408
406
411
408
373
374
377
412
411
413
409
410
408
412
414
415
382
383
381
416
414
417
418
419
415
416
414
420
421
422
417
416
414
381
385
386
420
416
423
420
385
386
389
424
423
425
421
422
420
424
423
426
427
428
425
424
423
389
391
392
426
424
429
426
391
392
395
430
429
431
427
428
426
430
429
432
433
434
431
430
429
395
397
398
432
430
435
432
397
398
401
436
435
437
433
434
432
436
435
438
439
440
437
436
435
401
403
404
438
436
441
438
403
404
407
442
441
443
439
440
438
442
441
444
445
446
443
442
441
407
409
410
444
442
447
444
409
410
413
448
447
449
445
446
444
448
450
451
418
419
417
452
450
453
454
455
451
452
450
456
457
458
453
452
450
417
421
422
456
452
459
456
421
422
425
460
459
461
457
458
456
460
459
462
463
464
461
460
459
425
427
428
462
460
465
462
427
428
431
466
465
467
463
464
462
466
465
468
469
470
467
466
465
431
433
434
468
466
471
468
433
434
437
472
471
473
469
470
468
472
471
474
475
476
473
472
471
437
439
440
474
472
477
474
439
440
443
478
477
479
475
476
474
478
477
480
481
482
479
478
477
443
445
446
480
478
483
480
445
446
449
484
483
485
481
482
480
484
486
487
454
455
453
488
486
489
490
491
487
488
486
492
493
494
489
488
486
453
457
458
492
488
495
492
457
458
461
496
495
497
493
494
492
496
495
498
499
500
497
496
495
461
463
464
498
496
501
498
463
464
467
502
501
503
499
500
498
502
501
504
505
506
503
502
501
467
469
470
504
502
507
504
469
470
473
508
507
509
505
506
504
508
507
510
511
512
509
508
507
473
475
476
510
508
513
510
475
476
479
514
513
515
511
512
510
514
513
516
517
518
515
514
513
479
481
482
516
514
519
516
481
482
485
520
519
521
517
518
516
520
522
523
490
491
489
524
522
525
526
527
523
524
522
528
529
530
525
524
522
489
493
494
528
524
531
528
493
494
497
532
531
533
529
530
528
532
531
534
535
536
533
532
531
497
499
500
534
532
537
534
499
500
503
538
537
539
535
536
534
538
537
540
541
542
539
538
537
503
505
506
540
538
543
540
505
506
509
544
543
545
541
542
540
544
543
546
547
548
545
544
543
509
511
512
546
544
549
546
511
512
515
550
549
551
547
548
546
550
549
552
553
554
551
550
549
515
517
518
552
550
555
552
517
518
521
556
555
557
553
554
552
556
558
559
526
527
525
560
558
4
2
3
559
560
558
561
12
13
4
560
558
525
529
530
561
560
562
561
529
530
533
563
562
15
12
13
561
563
562
564
21
22
15
563
562
533
535
536
564
563
565
564
535
536
539
566
565
24
21
22
564
566
565
567
30
31
24
566
565
539
541
542
567
566
568
567
541
542
545
569
568
33
30
31
567
569
568
570
39
40
33
569
568
545
547
548
570
569
571
570
547
548
551
572
571
42
39
40
570
572
571
573
48
49
42
572
571
551
553
554
573
572
574
573
553
554
557
575
574
51
48
49
573
575
