bounding box: -288.301 -209.487 -249.676 288.301 209.487 249.676
Material name: altar_rock.mat
Vertex Count: 378
-225 -169.272 -213.129 -1.75 0.4 0 0 -1 1 0 0 0 -1 0
225 -169.272 -213.129 2.75 0.4 0 0 -1 1 0 0 0 -1 0
225 -189.272 -213.129 2.75 0.6 0 0 -1 1 0 0 0 -1 0
-225 -189.272 -213.129 -1.75 0.6 0 0 -1 1 -0 -0 0 -1 0
225 -169.272 -213.129 0.4 2.4486 0.866 0 0.5 0 -1 0 0.5 -0 -0.866025
0 -169.272 176.582 0.4 -1.4486 0.866 0 0.5 0 -1 0 0.5 -0 -0.866025
0 -189.272 176.582 0.6 -1.4486 0.866 0 0.5 0 -1 0 0.5 -0 -0.866025
225 -189.272 -213.129 0.6 2.4486 0.866 0 0.5 0 -1 0 0.5 0 -0.866025
0 -169.272 176.582 0.4 -1.4486 -0.866 0 0.5 -0 -1 -0 -0.5 0 -0.866025
-225 -169.272 -213.129 0.4 2.4486 -0.866 0 0.5 -0 -1 -0 -0.5 0 -0.866025
-225 -189.272 -213.129 0.6 2.4486 -0.866 0 0.5 -0 -1 -0 -0.5 0 -0.866025
0 -189.272 176.582 0.6 -1.4486 -0.866 0 0.5 -0 -1 -0 -0.5 -0 -0.866025
-225 -169.272 -213.129 0.1098 0.9268 0 1 0 1 0 0 -5.01718e-008 0 -1
0 -169.272 176.582 0.5 0.1464 0 1 0 1 0 0 -5.01718e-008 0 -1
225 -169.272 -213.129 0.8902 0.9268 0 1 0 1 0 0 -5.01718e-008 0 -1
288.301 -209.487 -249.676 0 1 0 -1 0 -1 0 0 0 0 -1
0 -209.487 249.676 0.5 0 0 -1 0 -1 0 0 0 0 -1
-288.301 -209.487 -249.676 1 1 0 -1 0 -1 0 0 0 0 -1
-288.301 -189.487 -249.676 0 1 0 1 -0.0059 1 0 0 0.000353094 -0.00587458 -0.999983
-225 -189.272 -213.129 0.1098 0.9268 0 1 -0.0059 1 0 0 0.000353094 -0.00587458 -0.999983
225 -189.272 -213.129 0.8902 0.9268 0 1 -0.0059 1 0 0 0.000353094 -0.00587458 -0.999983
225 -189.272 -213.129 0.8902 0.9268 0 1 -0.0059 1 0 0 -0.000275242 -0.00587458 -0.999983
288.301 -189.487 -249.676 1 1 0 1 -0.0059 1 0 0 -0.000275242 -0.00587458 -0.999983
-288.301 -189.487 -249.676 0 1 0 1 -0.0059 1 0 0 -0.000275242 -0.00587458 -0.999983
0 -189.487 249.676 0.5 0 -0.0051 1 0.0029 0.999987 0.00508653 0.000353903 0 0.00293733 -0.999996
0 -189.272 176.582 0.5 0.1464 -0.0051 1 0.0029 0.999987 0.00508653 0.000353903 0 0.00293733 -0.999996
-225 -189.272 -213.129 0.1098 0.9268 -0.0051 1 0.0029 0.999987 0.00508653 0.000353903 0 0.00293733 -0.999996
-225 -189.272 -213.129 0.1098 0.9268 -0.0051 1 0.0029 0.999987 0.00508797 -0.000136957 -0.000137746 0.00293663 -0.999996
-288.301 -189.487 -249.676 0 1 -0.0051 1 0.0029 0.999987 0.00508797 -0.000136957 -0.000137746 0.00293663 -0.999996
0 -189.487 249.676 0.5 0 -0.0051 1 0.0029 0.999987 0.00508797 -0.000136957 -0.000137746 0.00293663 -0.999996
288.301 -189.487 -249.676 1 1 0.0051 1 0.0029 0.999987 -0.00508808 0.000175731 0.000176295 0.00293644 -0.999996
225 -189.272 -213.129 0.8902 0.9268 0.0051 1 0.0029 0.999987 -0.00508808 0.000175731 0.000176295 0.00293644 -0.999996
0 -189.272 176.582 0.5 0.1464 0.0051 1 0.0029 0.999987 -0.00508808 0.000175731 0.000176295 0.00293644 -0.999996
0 -189.272 176.582 0.5 0.1464 0.0051 1 0.0029 0.999987 -0.00508676 -0.000276379 0 0.00293733 -0.999996
0 -189.487 249.676 0.5 0 0.0051 1 0.0029 0.999987 -0.00508676 -0.000276379 0 0.00293733 -0.999996
288.301 -189.487 -249.676 1 1 0.0051 1 0.0029 0.999987 -0.00508676 -0.000276379 0 0.00293733 -0.999996
-288.301 -209.487 -249.676 -2.383 0.6 0 0 -1 1 0 0 0 -1 0
-288.301 -189.487 -249.676 -2.383 0.4 0 0 -1 1 0 0 0 -1 0
288.301 -189.487 -249.676 3.383 0.4 0 0 -1 1 0 0 0 -1 0
288.301 -209.487 -249.676 3.383 0.6 0 0 -1 1 0 0 0 -1 0
0 -209.487 249.676 0.6 -1.9968 -0.866 0 0.5 -0 -1 -0 -0.5 -0 -0.866025
0 -189.487 249.676 0.4 -1.9968 -0.866 0 0.5 -0 -1 -0 -0.5 -0 -0.866025
-288.301 -189.487 -249.676 0.4 2.9968 -0.866 0 0.5 -0 -1 -0 -0.5 -0 -0.866025
-288.301 -209.487 -249.676 0.6 2.9968 -0.866 0 0.5 0 -1 0 -0.5 -0 -0.866025
288.301 -209.487 -249.676 1.9415 0.6 0.866 0 0.5 0.5 -0 -0.866025 -0 -1 -0
288.301 -189.487 -249.676 1.9415 0.4 0.866 0 0.5 0.5 -0 -0.866025 -0 -1 -0
0 -189.487 249.676 -0.9415 0.4 0.866 0 0.5 0.5 -0 -0.866025 -0 -1 -0
0 -209.487 249.676 -0.9415 0.6 0.866 0 0.5 0.5 -0 -0.866025 -0 -1 0
-125.291 -84.6685 -181.621 0.3018 1.9942 0.8184 0.0422 0.5731 -0.573577 0 0.819152 0.0515905 -0.998668 -5.48649e-005
-160.749 -84.6685 -130.983 0.9769 1.9942 0.8184 0.0422 0.5731 -0.573577 0 0.819152 0.0515905 -0.998668 -5.48649e-005
-157.82 -169.214 -128.932 1.0043 3.1215 0.8184 0.0422 0.5731 -0.573577 0 0.819152 0.0515905 -0.998668 -5.48649e-005
-157.82 -169.214 -128.932 1.0043 3.1215 0.8184 0.0422 0.5731 -0.573577 -0 0.819152 0.0515262 -0.998672 3.72387e-005
-122.363 -169.214 -179.571 0.3291 3.1215 0.8184 0.0422 0.5731 -0.573577 -0 0.819152 0.0515262 -0.998672 3.72387e-005
-125.291 -84.6685 -181.621 0.3018 1.9942 0.8184 0.0422 0.5731 -0.573577 -0 0.819152 0.0515262 -0.998672 3.72387e-005
-160.749 -84.6685 -130.983 0.0231 1.9942 -0.8665 -0.0179 0.4988 -0.498913 0 -0.866652 0.0206938 -0.999786 3.53562e-005
-198.21 -84.6685 -196.056 0.8907 1.9942 -0.8665 -0.0179 0.4988 -0.498913 0 -0.866652 0.0206938 -0.999786 3.53562e-005
-195.281 -169.214 -194.006 0.8634 3.1215 -0.8665 -0.0179 0.4988 -0.498913 0 -0.866652 0.0206938 -0.999786 3.53562e-005
-195.281 -169.214 -194.006 0.8634 3.1215 -0.8665 -0.0179 0.4988 -0.49891 -0 -0.866654 0.0206416 -0.999787 -5.05848e-005
-157.82 -169.214 -128.932 -0.0043 3.1215 -0.8665 -0.0179 0.4988 -0.49891 -0 -0.866654 0.0206416 -0.999787 -5.05848e-005
-160.749 -84.6685 -130.983 0.0231 1.9942 -0.8665 -0.0179 0.4988 -0.49891 -0 -0.866654 0.0206416 -0.999787 -5.05848e-005
-198.21 -84.6685 -196.056 0.0218 1.9942 0.1942 -0.0171 -0.9808 0.980964 0 0.194191 4.27794e-005 -0.999849 0.0174033
-125.291 -84.6685 -181.621 0.9941 1.9942 0.1942 -0.0171 -0.9808 0.980964 0 0.194191 4.27794e-005 -0.999849 0.0174033
-122.363 -169.214 -179.571 1.0331 3.1215 0.1942 -0.0171 -0.9808 0.980964 0 0.194191 4.27794e-005 -0.999849 0.0174033
-122.363 -169.214 -179.571 1.0331 3.1215 0.1942 -0.0171 -0.9808 0.980964 -0 0.194192 -4.65889e-005 -0.999849 0.0173851
-195.281 -169.214 -194.006 0.0609 3.1215 0.1942 -0.0171 -0.9808 0.980964 -0 0.194192 -4.65889e-005 -0.999849 0.0173851
-198.21 -84.6685 -196.056 0.0218 1.9942 0.1942 -0.0171 -0.9808 0.980964 -0 0.194192 -4.65889e-005 -0.999849 0.0173851
-157.82 -169.214 -128.932 0.4396 -0.0043 0 -1 0 -1 0 2.51771e-005 5.58381e-005 0 -1
-195.281 -169.214 -194.006 0.9391 0.8634 0 -1 0 -1 0 2.51771e-005 5.58381e-005 0 -1
-122.363 -169.214 -179.571 -0.0331 0.6709 0 -1 0 -1 0 2.51771e-005 5.58381e-005 0 -1
-160.328 -84.6685 -140.484 0.5269 0.1497 0 1 0 1 0 0.000766692 7.6516e-005 -0 -1
-160.749 -84.6685 -130.983 0.5213 0.0231 0 1 0 1 0 0.000766692 7.6516e-005 -0 -1
-125.291 -84.6685 -181.621 0.9941 0.6982 0 1 0 1 0 0.000766692 7.6516e-005 -0 -1
-125.291 -84.6685 -181.621 0.9941 0.6982 0 1 0 1 0 0.000100108 0.000468684 0 -1
-133.965 -84.6685 -178.134 0.8784 0.6517 0 1 0 1 0 0.000100108 0.000468684 0 -1
-160.328 -84.6685 -140.484 0.5269 0.1497 0 1 0 1 0 0.000100108 0.000468684 0 -1
-188.181 -84.6685 -188.867 0.1556 0.7948 0 1 0 1 -0 -0.000625465 -0.000552538 -0 -1
-198.21 -84.6685 -196.056 0.0218 0.8907 0 1 0 1 -0 -0.000625465 -0.000552538 -0 -1
-160.749 -84.6685 -130.983 0.5213 0.0231 0 1 0 1 -0 -0.000625465 -0.000552538 -0 -1
-160.749 -84.6685 -130.983 0.5213 0.0231 0 1 0 0.999999 0 -0.00097287 5.55542e-005 0 -1
-160.328 -84.6685 -140.484 0.5269 0.1497 0 1 0 0.999999 0 -0.00097287 5.55542e-005 0 -1
-188.181 -84.6685 -188.867 0.1556 0.7948 0 1 0 0.999999 0 -0.00097287 5.55542e-005 0 -1
-133.965 -84.6685 -178.134 0.8784 0.6517 0 1 0 1 0 -1.73146e-006 -0.000671183 0 -1
-125.291 -84.6685 -181.621 0.9941 0.6982 0 1 0 1 0 -1.73146e-006 -0.000671183 0 -1
-198.21 -84.6685 -196.056 0.0218 0.8907 0 1 0 1 0 -1.73146e-006 -0.000671183 0 -1
-198.21 -84.6685 -196.056 0.0218 0.8907 0 1 0 1 0 0.000130953 0.00136749 0 -0.999999
-188.181 -84.6685 -188.867 0.1556 0.7948 0 1 0 1 0 0.000130953 0.00136749 0 -0.999999
-133.965 -84.6685 -178.134 0.8784 0.6517 0 1 0 1 0 0.000130953 0.00136749 0 -0.999999
-160.328 -28.3956 -140.484 0.8503 1.2439 0.8192 0 0.5736 -0.573576 0 0.819152 0 -1 0
-160.328 -84.6685 -140.484 0.8503 1.9942 0.8192 0 0.5736 -0.573576 0 0.819152 0 -1 0
-133.965 -84.6685 -178.134 0.3483 1.9942 0.8192 0 0.5736 -0.573576 0 0.819152 0 -1 0
-133.965 -28.3956 -178.134 0.3483 1.2439 0.8192 0 0.5736 -0.573576 0 0.819152 -0 -1 0
-188.181 -28.3956 -188.867 0.7948 1.2439 -0.8667 0 0.4989 -0.498909 0 -0.866654 0 -1 0
-188.181 -84.6685 -188.867 0.7948 1.9942 -0.8667 0 0.4989 -0.498909 0 -0.866654 0 -1 0
-160.328 -84.6685 -140.484 0.1497 1.9942 -0.8667 0 0.4989 -0.498909 0 -0.866654 0 -1 0
-160.328 -28.3956 -140.484 0.1497 1.2439 -0.8667 0 0.4989 -0.498909 0 -0.866654 -0 -1 -0
-133.965 -28.3956 -178.134 0.8784 1.2439 0.1942 0 -0.981 0.980963 0 0.194193 0 -1 0
-133.965 -84.6685 -178.134 0.8784 1.9942 0.1942 0 -0.981 0.980963 0 0.194193 0 -1 0
-188.181 -84.6685 -188.867 0.1556 1.9942 0.1942 0 -0.981 0.980963 0 0.194193 0 -1 0
-188.181 -28.3956 -188.867 0.1556 1.2439 0.1942 0 -0.981 0.980963 0 0.194193 0 -1 0
-182.762 14.6234 -156.192 0.6408 0.6703 0.691 0.537 0.4838 -0.573576 0 0.819152 0.613681 -0.789554 -7.31864e-005
-160.328 -28.3956 -140.484 0.8503 1.2439 0.691 0.537 0.4838 -0.573576 0 0.819152 0.613681 -0.789554 -7.31864e-005
-133.965 -28.3956 -178.134 0.3483 1.2439 0.691 0.537 0.4838 -0.573576 0 0.819152 0.613681 -0.789554 -7.31864e-005
-133.965 -28.3956 -178.134 0.3483 1.2439 0.691 0.537 0.4838 -0.573577 0 0.819152 0.613681 -0.789554 -7.38837e-005
-156.399 14.6234 -193.843 0.1388 0.6703 0.691 0.537 0.4838 -0.573577 0 0.819152 0.613681 -0.789554 -7.38837e-005
-182.762 14.6234 -156.192 0.6408 0.6703 0.691 0.537 0.4838 -0.573577 0 0.819152 0.613681 -0.789554 -7.38837e-005
-210.615 14.6234 -204.576 1.0043 0.6703 -0.8367 -0.2605 0.4817 -0.498909 0 -0.866654 0.297172 -0.954824 -9.14806e-005
-188.181 -28.3956 -188.867 0.7948 1.2439 -0.8367 -0.2605 0.4817 -0.498909 0 -0.866654 0.297172 -0.954824 -9.14806e-005
-160.328 -28.3956 -140.484 0.1497 1.2439 -0.8367 -0.2605 0.4817 -0.498909 0 -0.866654 0.297172 -0.954824 -9.14806e-005
-160.328 -28.3956 -140.484 0.1497 1.2439 -0.8367 -0.2605 0.4817 -0.49891 0 -0.866654 0.297172 -0.954824 -8.78712e-005
-182.762 14.6234 -156.192 0.3592 0.6703 -0.8367 -0.2605 0.4817 -0.49891 0 -0.866654 0.297172 -0.954824 -8.78712e-005
-210.615 14.6234 -204.576 1.0043 0.6703 -0.8367 -0.2605 0.4817 -0.49891 0 -0.866654 0.297172 -0.954824 -8.78712e-005
-156.399 14.6234 -193.843 0.5793 0.6703 0.1881 -0.2489 -0.9501 0.980963 0 0.194193 -1.75942e-005 -0.967369 0.253372
-133.965 -28.3956 -178.134 0.8784 1.2439 0.1881 -0.2489 -0.9501 0.980963 0 0.194193 -1.75942e-005 -0.967369 0.253372
-188.181 -28.3956 -188.867 0.1556 1.2439 0.1881 -0.2489 -0.9501 0.980963 0 0.194193 -1.75942e-005 -0.967369 0.253372
-188.181 -28.3956 -188.867 0.1556 1.2439 0.1881 -0.2489 -0.9501 0.980964 0 0.194192 -0.000116468 -0.967374 0.253352
-210.615 14.6234 -204.576 -0.1436 0.6703 0.1881 -0.2489 -0.9501 0.980964 0 0.194192 -0.000116468 -0.967374 0.253352
-156.399 14.6234 -193.843 0.5793 0.6703 0.1881 -0.2489 -0.9501 0.980964 0 0.194192 -0.000116468 -0.967374 0.253352
-176.702 78.9569 -151.949 0.6974 -0.1875 0.8138 -0.1142 0.5698 -0.573577 0 0.819152 -0.139037 -0.990287 2.93379e-005
-182.762 14.6234 -156.192 0.6408 0.6703 0.8138 -0.1142 0.5698 -0.573577 0 0.819152 -0.139037 -0.990287 2.93379e-005
-156.399 14.6234 -193.843 0.1388 0.6703 0.8138 -0.1142 0.5698 -0.573577 0 0.819152 -0.139037 -0.990287 2.93379e-005
-156.399 14.6234 -193.843 0.1388 0.6703 0.8138 -0.1142 0.5698 -0.573577 0 0.819151 -0.139037 -0.990287 2.83291e-005
-150.339 78.9569 -189.6 0.1954 -0.1875 0.8138 -0.1142 0.5698 -0.573577 0 0.819151 -0.139037 -0.990287 2.83291e-005
-176.702 78.9569 -151.949 0.6974 -0.1875 0.8138 -0.1142 0.5698 -0.573577 0 0.819151 -0.139037 -0.990287 2.83291e-005
-204.803 78.9569 -199.979 0.943 -0.1875 -0.8659 0.0426 0.4985 -0.49891 0 -0.866654 -0.0491496 -0.998791 1.67374e-005
-210.615 14.6234 -204.576 1.0043 0.6703 -0.8659 0.0426 0.4985 -0.49891 0 -0.866654 -0.0491496 -0.998791 1.67374e-005
-182.762 14.6234 -156.192 0.3592 0.6703 -0.8659 0.0426 0.4985 -0.49891 0 -0.866654 -0.0491496 -0.998791 1.67374e-005
-182.762 14.6234 -156.192 0.3592 0.6703 -0.8621 0.0479 0.5044 -0.504985 0 -0.863128 -0.0555069 -0.998458 2.84511e-005
-176.702 78.9569 -151.949 0.3026 -0.1875 -0.8621 0.0479 0.5044 -0.504985 0 -0.863128 -0.0555069 -0.998458 2.84511e-005
-204.803 78.9569 -199.979 0.943 -0.1875 -0.8621 0.0479 0.5044 -0.504985 0 -0.863128 -0.0555069 -0.998458 2.84511e-005
-150.339 78.9569 -189.6 0.6601 -0.1875 0.194 0.0464 -0.9799 0.980964 0 0.194192 -2.98031e-006 -0.998883 -0.0472571
-156.399 14.6234 -193.843 0.5793 0.6703 0.194 0.0464 -0.9799 0.980964 0 0.194192 -2.98031e-006 -0.998883 -0.0472571
-210.615 14.6234 -204.576 -0.1436 0.6703 0.194 0.0464 -0.9799 0.980964 0 0.194192 -2.98031e-006 -0.998883 -0.0472571
-210.615 14.6234 -204.576 -0.1436 0.6703 0.1869 0.0532 -0.9809 0.982321 0 0.187205 -1.87524e-006 -0.998533 -0.0541505
-204.803 78.9569 -199.979 -0.0661 -0.1875 0.1869 0.0532 -0.9809 0.982321 0 0.187205 -1.87524e-006 -0.998533 -0.0541505
-150.339 78.9569 -189.6 0.6601 -0.1875 0.1869 0.0532 -0.9809 0.982321 0 0.187205 -1.87524e-006 -0.998533 -0.0541505
-156.63 135.791 -137.895 0.8848 -0.9453 0.7522 -0.3959 0.5267 -0.573577 0 0.819151 -0.465757 -0.884913 9.22872e-006
-176.702 78.9569 -151.949 0.6974 -0.1875 0.7522 -0.3959 0.5267 -0.573577 0 0.819151 -0.465757 -0.884913 9.22872e-006
-150.339 78.9569 -189.6 0.1954 -0.1875 0.7522 -0.3959 0.5267 -0.573577 0 0.819151 -0.465757 -0.884913 9.22872e-006
-150.339 78.9569 -189.6 0.1954 -0.1875 0.7522 -0.3959 0.5267 -0.573574 0 0.819154 -0.465753 -0.884915 9.16959e-006
-130.267 135.791 -175.545 0.3828 -0.9453 0.7522 -0.3959 0.5267 -0.573574 0 0.819154 -0.465753 -0.884915 9.16959e-006
-156.63 135.791 -137.895 0.8848 -0.9453 0.7522 -0.3959 0.5267 -0.573574 0 0.819154 -0.465753 -0.884915 9.16959e-006
-184.484 135.791 -186.278 0.7603 -0.9453 -0.8484 0.1837 0.4964 -0.504985 0 -0.863128 -0.211563 -0.977364 2.27281e-005
-204.803 78.9569 -199.979 0.943 -0.1875 -0.8484 0.1837 0.4964 -0.504985 0 -0.863128 -0.211563 -0.977364 2.27281e-005
-176.702 78.9569 -151.949 0.3026 -0.1875 -0.8484 0.1837 0.4964 -0.504985 0 -0.863128 -0.211563 -0.977364 2.27281e-005
-176.702 78.9569 -151.949 0.3026 -0.1875 -0.8525 0.1797 0.4908 -0.498913 0 -0.866652 -0.206268 -0.978496 1.10589e-005
-156.63 135.791 -137.895 0.1152 -0.9453 -0.8525 0.1797 0.4908 -0.498913 0 -0.866652 -0.206268 -0.978496 1.10589e-005
-184.484 135.791 -186.278 0.7603 -0.9453 -0.8525 0.1797 0.4908 -0.498913 0 -0.866652 -0.206268 -0.978496 1.10589e-005
-130.267 135.791 -175.545 0.9277 -0.9453 0.1843 0.1741 -0.9673 0.982321 0 0.187205 -3.8023e-005 -0.984184 -0.177148
-150.339 78.9569 -189.6 0.6601 -0.1875 0.1843 0.1741 -0.9673 0.982321 0 0.187205 -3.8023e-005 -0.984184 -0.177148
-204.803 78.9569 -199.979 -0.0661 -0.1875 0.1843 0.1741 -0.9673 0.982321 0 0.187205 -3.8023e-005 -0.984184 -0.177148
-204.803 78.9569 -199.979 -0.0661 -0.1875 0.1915 0.1648 -0.9676 0.980963 0 0.194195 0.000139237 -0.985812 -0.167853
-184.484 135.791 -186.278 0.2049 -0.9453 0.1915 0.1648 -0.9676 0.980963 0 0.194195 0.000139237 -0.985812 -0.167853
-130.267 135.791 -175.545 0.9277 -0.9453 0.1915 0.1648 -0.9676 0.980963 0 0.194195 0.000139237 -0.985812 -0.167853
-114.08 209.487 -136.7 0.9007 -1.9279 0.7378 -0.4344 0.5166 -0.573574 0 0.819154 -0.507327 -0.861753 -2.77182e-005
-156.63 135.791 -137.895 0.8848 -0.9453 0.7378 -0.4344 0.5166 -0.573574 0 0.819154 -0.507327 -0.861753 -2.77182e-005
-130.267 135.791 -175.545 0.3828 -0.9453 0.7378 -0.4344 0.5166 -0.573574 0 0.819154 -0.507327 -0.861753 -2.77182e-005
-114.08 209.487 -136.7 0.0993 -1.9279 -0.7775 0.4417 0.4476 -0.498913 0 -0.866652 -0.493935 -0.869499 -2.78736e-005
-184.484 135.791 -186.278 0.7603 -0.9453 -0.7775 0.4417 0.4476 -0.498913 0 -0.866652 -0.493935 -0.869499 -2.78736e-005
-156.63 135.791 -137.895 0.1152 -0.9453 -0.7775 0.4417 0.4476 -0.498913 0 -0.866652 -0.493935 -0.869499 -2.78736e-005
-114.08 209.487 -136.7 1.1436 -1.9279 0.1754 0.4286 -0.8863 0.980963 0 0.194195 8.10562e-005 -0.900253 -0.435366
-130.267 135.791 -175.545 0.9277 -0.9453 0.1754 0.4286 -0.8863 0.980963 0 0.194195 8.10562e-005 -0.900253 -0.435366
-184.484 135.791 -186.278 0.2049 -0.9453 0.1754 0.4286 -0.8863 0.980963 0 0.194195 8.10562e-005 -0.900253 -0.435366
-30.1735 -84.6685 82.82 0.0879 2.0002 0 0.0422 -0.9991 1 0 0 0 -0.999107 -0.0422484
31.6448 -84.6685 82.82 0.9121 2.0002 0 0.0422 -0.9991 1 0 0 0 -0.999107 -0.0422484
31.6448 -169.214 79.2449 0.9121 3.1275 0 0.0422 -0.9991 1 0 0 0 -0.999107 -0.0422484
-30.1735 -169.214 79.2449 0.0879 3.1275 0 0.0422 -0.9991 1 -0 -0 0 -0.999107 -0.0422484
31.6448 -84.6685 82.82 0.1793 2.0002 0.9056 -0.0179 0.4237 -0.423757 0 0.905776 -0.0197928 -0.999804 2.90029e-005
-0.173462 -84.6685 150.831 1.0861 2.0002 0.9056 -0.0179 0.4237 -0.423757 0 0.905776 -0.0197928 -0.999804 2.90029e-005
-0.173462 -169.214 147.256 1.0384 3.1275 0.9056 -0.0179 0.4237 -0.423757 0 0.905776 -0.0197928 -0.999804 2.90029e-005
-0.173462 -169.214 147.256 1.0384 3.1275 0.9056 -0.0179 0.4237 -0.423757 -0 0.905776 -0.0197928 -0.999804 2.90527e-005
31.6448 -169.214 79.2449 0.1316 3.1275 0.9056 -0.0179 0.4237 -0.423757 -0 0.905776 -0.0197928 -0.999804 2.90527e-005
31.6448 -84.6685 82.82 0.1793 2.0002 0.9056 -0.0179 0.4237 -0.423757 -0 0.905776 -0.0197928 -0.999804 2.90527e-005
-0.173462 -84.6685 150.831 -0.0861 2.0002 -0.9148 -0.0171 0.4035 -0.403585 0 -0.914942 0.0186622 -0.999826 2.90533e-005
-30.1735 -84.6685 82.82 0.8207 2.0002 -0.9148 -0.0171 0.4035 -0.403585 0 -0.914942 0.0186622 -0.999826 2.90533e-005
-30.1735 -169.214 79.2449 0.8684 3.1275 -0.9148 -0.0171 0.4035 -0.403585 0 -0.914942 0.0186622 -0.999826 2.90533e-005
-0.173462 -169.214 147.256 -0.0384 3.1275 -0.9148 -0.0171 0.4035 -0.403585 -0 -0.914942 0.0186622 -0.999826 2.90533e-005
31.6448 -169.214 79.2449 0.0879 0.8684 0 -1 0 -1 0 0 2.307e-005 0 -1
-0.173462 -169.214 147.256 0.5121 -0.0384001 0 -1 0 -1 0 0 2.307e-005 0 -1
-30.1735 -169.214 79.2449 0.9121 0.8684 0 -1 0 -1 0 0 2.307e-005 0 -1
23.6206 -84.6685 87.9248 0.8051 0.7527 0 1 0 1 0 0 -0.000245707 0 -1
31.6448 -84.6685 82.82 0.9121 0.8207 0 1 0 1 0 0 -0.000245707 0 -1
-30.1735 -84.6685 82.82 0.0879 0.8207 0 1 0 1 0 0 -0.000245707 0 -1
-30.1735 -84.6685 82.82 0.0879 0.8207 0 1 0 1 0 0 -0.000133834 0 -1
-22.3423 -84.6685 87.9248 0.1923 0.7527 0 1 0 1 0 0 -0.000133834 0 -1
23.6206 -84.6685 87.9248 0.8051 0.7527 0 1 0 1 0 0 -0.000133834 0 -1
-0.0367432 -84.6685 138.492 0.4897 0.0784 0 1 0 1 0 0.000196142 0.000141489 -0 -1
-0.173462 -84.6685 150.831 0.4879 -0.0861 0 1 0 1 0 0.000196142 0.000141489 -0 -1
31.6448 -84.6685 82.82 0.9121 0.8207 0 1 0 1 0 0.000196142 0.000141489 -0 -1
31.6448 -84.6685 82.82 0.9121 0.8207 0 1 0 1 0 -0.000939879 0.000135373 0 -1
23.6206 -84.6685 87.9248 0.8051 0.7527 0 1 0 1 0 -0.000939879 0.000135373 0 -1
-0.0367432 -84.6685 138.492 0.4897 0.0784 0 1 0 1 0 -0.000939879 0.000135373 0 -1
-22.3423 -84.6685 87.9248 0.1923 0.7527 0 1 0 1 -0 0.000844329 9.30402e-005 -0 -1
-30.1735 -84.6685 82.82 0.0879 0.8207 0 1 0 1 -0 0.000844329 9.30402e-005 -0 -1
-0.173462 -84.6685 150.831 0.4879 -0.0861 0 1 0 1 -0 0.000844329 9.30402e-005 -0 -1
-0.173462 -84.6685 150.831 0.4879 -0.0861 0 1 0 1 0 -0.000452313 0.000135661 0 -1
-0.0367432 -84.6685 138.492 0.4897 0.0784 0 1 0 1 0 -0.000452313 0.000135661 0 -1
-22.3423 -84.6685 87.9248 0.1923 0.7527 0 1 0 1 0 -0.000452313 0.000135661 0 -1
23.6206 -28.3956 87.9248 0.8051 1.2499 0 0 -1 1 0 0 0 -1 0
23.6206 -84.6685 87.9248 0.8051 2.0002 0 0 -1 1 0 0 0 -1 0
-22.3423 -84.6685 87.9248 0.1923 2.0002 0 0 -1 1 0 0 0 -1 0
-22.3423 -28.3956 87.9248 0.1923 1.2499 0 0 -1 1 0 0 0 -1 0
-0.0367432 -28.3956 138.492 0.9216 1.2499 0.9058 0 0.4238 -0.423756 0 0.905777 0 -1 0
-0.0367432 -84.6685 138.492 0.9216 2.0002 0.9058 0 0.4238 -0.423756 0 0.905777 0 -1 0
23.6206 -84.6685 87.9248 0.2473 2.0002 0.9058 0 0.4238 -0.423756 0 0.905777 0 -1 0
23.6206 -28.3956 87.9248 0.2473 1.2499 0.9058 0 0.4238 -0.423756 0 0.905777 -0 -1 0
-22.3423 -28.3956 87.9248 0.7527 1.2499 -0.9149 0 0.4036 -0.403585 0 -0.914942 0 -1 0
-22.3423 -84.6685 87.9248 0.7527 2.0002 -0.9149 0 0.4036 -0.403585 0 -0.914942 0 -1 0
-0.0367432 -84.6685 138.492 0.0784 2.0002 -0.9149 0 0.4036 -0.403585 0 -0.914942 0 -1 0
-0.0367432 -28.3956 138.492 0.0784 1.2499 -0.9149 0 0.4036 -0.403585 0 -0.914942 -0 -1 -0
23.6206 14.6234 115.312 0.8051 0.6763 0 0.537 -0.8436 1 0 0 0 -0.843559 -0.537037
23.6206 -28.3956 87.9248 0.8051 1.2499 0 0.537 -0.8436 1 0 0 0 -0.843559 -0.537037
-22.3423 -28.3956 87.9248 0.1923 1.2499 0 0.537 -0.8436 1 0 0 0 -0.843559 -0.537037
-22.3423 14.6234 115.312 0.1923 0.6763 0 0.537 -0.8436 1 0 0 0 -0.843559 -0.537037
-0.0367432 14.6234 165.88 1.2867 0.6763 0.8745 -0.2605 0.4091 -0.423756 0 0.905777 -0.285377 -0.958415 -0.000167126
-0.0367432 -28.3956 138.492 0.9216 1.2499 0.8745 -0.2605 0.4091 -0.423756 0 0.905777 -0.285377 -0.958415 -0.000167126
23.6206 -28.3956 87.9248 0.2473 1.2499 0.8745 -0.2605 0.4091 -0.423756 0 0.905777 -0.285377 -0.958415 -0.000167126
23.6206 -28.3956 87.9248 0.2473 1.2499 0.8745 -0.2605 0.4091 -0.423756 0 0.905776 -0.285487 -0.958383 9.04424e-005
23.6206 14.6234 115.312 0.6125 0.6763 0.8745 -0.2605 0.4091 -0.423756 0 0.905776 -0.285487 -0.958383 9.04424e-005
-0.0367432 14.6234 165.88 1.2867 0.6763 0.8745 -0.2605 0.4091 -0.423756 0 0.905776 -0.285487 -0.958383 9.04424e-005
-22.3423 14.6234 115.312 0.3875 0.6763 -0.8862 -0.2489 0.3909 -0.403585 0 -0.914942 0.270363 -0.962758 -6.33044e-008
-22.3423 -28.3956 87.9248 0.7527 1.2499 -0.8862 -0.2489 0.3909 -0.403585 0 -0.914942 0.270363 -0.962758 -6.33044e-008
-0.0367432 -28.3956 138.492 0.0784 1.2499 -0.8862 -0.2489 0.3909 -0.403585 0 -0.914942 0.270363 -0.962758 -6.33044e-008
-0.0367432 -28.3956 138.492 0.0784 1.2499 -0.8862 -0.2489 0.3909 -0.403585 0 -0.914942 0.270332 -0.962767 -7.69903e-005
-0.0367432 14.6234 165.88 -0.2867 0.6763 -0.8862 -0.2489 0.3909 -0.403585 0 -0.914942 0.270332 -0.962767 -7.69903e-005
-22.3423 14.6234 115.312 0.3875 0.6763 -0.8862 -0.2489 0.3909 -0.403585 0 -0.914942 0.270332 -0.962767 -7.69903e-005
23.6206 78.9569 107.914 0.8051 -0.1815 0 -0.1142 -0.9935 1 0 0 0 -0.993453 0.11424
23.6206 14.6234 115.312 0.8051 0.6763 0 -0.1142 -0.9935 1 0 0 0 -0.993453 0.11424
-22.3423 14.6234 115.312 0.1923 0.6763 0 -0.1142 -0.9935 1 0 0 0 -0.993453 0.11424
-22.3423 78.9569 107.914 0.1923 -0.1815 0 -0.1142 -0.9935 1 0 0 0 -0.993453 0.11424
0.394531 78.9569 158.482 1.1881 -0.1815 0.905 0.0426 0.4234 -0.423756 0 0.905777 0.0470237 -0.998894 3.76996e-005
-0.0367432 14.6234 165.88 1.2867 0.6763 0.905 0.0426 0.4234 -0.423756 0 0.905777 0.0470237 -0.998894 3.76996e-005
23.6206 14.6234 115.312 0.6125 0.6763 0.905 0.0426 0.4234 -0.423756 0 0.905777 0.0470237 -0.998894 3.76996e-005
23.6206 14.6234 115.312 0.6125 0.6763 0.9077 0.0479 0.4169 -0.417386 0 0.908729 0.0527257 -0.998609 3.88965e-005
23.6206 78.9569 107.914 0.5139 -0.1815 0.9077 0.0479 0.4169 -0.417386 0 0.908729 0.0527257 -0.998609 3.88965e-005
0.394531 78.9569 158.482 1.1881 -0.1815 0.9077 0.0479 0.4169 -0.417386 0 0.908729 0.0527257 -0.998609 3.88965e-005
-22.3423 78.9569 107.914 0.4861 -0.1815 -0.914 0.0464 0.4032 -0.403585 0 -0.914942 -0.0506415 -0.998717 3.91423e-005
-22.3423 14.6234 115.312 0.3875 0.6763 -0.914 0.0464 0.4032 -0.403585 0 -0.914942 -0.0506415 -0.998717 3.91423e-005
-0.0367432 14.6234 165.88 -0.2867 0.6763 -0.914 0.0464 0.4032 -0.403585 0 -0.914942 -0.0506415 -0.998717 3.91423e-005
-0.0367432 14.6234 165.88 -0.2867 0.6763 -0.9108 0.0532 0.4095 -0.410086 0 -0.912047 -0.0582914 -0.9983 3.74797e-005
0.394531 78.9569 158.482 -0.1881 -0.1815 -0.9108 0.0532 0.4095 -0.410086 0 -0.912047 -0.0582914 -0.9983 3.74797e-005
-22.3423 78.9569 107.914 0.4861 -0.1815 -0.9108 0.0532 0.4095 -0.410086 0 -0.912047 -0.0582914 -0.9983 3.74797e-005
23.6206 135.791 83.4109 0.8051 -0.9393 0 -0.3959 -0.9183 1 0 0 0 -0.91829 0.395908
23.6206 78.9569 107.914 0.8051 -0.1815 0 -0.3959 -0.9183 1 0 0 0 -0.91829 0.395908
-22.3423 78.9569 107.914 0.1923 -0.1815 0 -0.3959 -0.9183 1 0 0 0 -0.91829 0.395908
-22.3423 135.791 83.4109 0.1923 -0.9393 0 -0.3959 -0.9183 1 0 0 0 -0.91829 0.395908
-0.0367432 135.791 133.978 0.8614 -0.9393 0.8933 0.1837 0.4103 -0.417386 0 0.908729 0.201403 -0.979509 -6.09466e-006
0.394531 78.9569 158.482 1.1881 -0.1815 0.8933 0.1837 0.4103 -0.417386 0 0.908729 0.201403 -0.979509 -6.09466e-006
23.6206 78.9569 107.914 0.5139 -0.1815 0.8933 0.1837 0.4103 -0.417386 0 0.908729 0.201403 -0.979509 -6.09466e-006
23.6206 78.9569 107.914 0.5139 -0.1815 0.891 0.1797 0.4169 -0.423756 0 0.905776 0.197753 -0.980252 -7.37173e-005
23.6206 135.791 83.4109 0.1871 -0.9393 0.891 0.1797 0.4169 -0.423756 0 0.905776 0.197753 -0.980252 -7.37173e-005
-0.0367432 135.791 133.978 0.8614 -0.9393 0.891 0.1797 0.4169 -0.423756 0 0.905776 0.197753 -0.980252 -7.37173e-005
-22.3423 135.791 83.4109 0.8129 -0.9393 -0.8981 0.1741 0.4038 -0.410086 0 -0.912047 -0.19037 -0.981712 -0.000137561
-22.3423 78.9569 107.914 0.4861 -0.1815 -0.8981 0.1741 0.4038 -0.410086 0 -0.912047 -0.19037 -0.981712 -0.000137561
0.394531 78.9569 158.482 -0.1881 -0.1815 -0.8981 0.1741 0.4038 -0.410086 0 -0.912047 -0.19037 -0.981712 -0.000137561
0.394531 78.9569 158.482 -0.1881 -0.1815 -0.9024 0.1648 0.3981 -0.403585 0 -0.914942 -0.179595 -0.983741 5.76268e-005
-0.0367432 135.791 133.978 0.1386 -0.9393 -0.9024 0.1648 0.3981 -0.403585 0 -0.914942 -0.179595 -0.983741 5.76268e-005
-22.3423 135.791 83.4109 0.8129 -0.9393 -0.9024 0.1648 0.3981 -0.403585 0 -0.914942 -0.179595 -0.983741 5.76268e-005
0.193359 209.487 47.8699 0.4928 -1.9219 0 -0.4344 -0.9007 1 0 0 4.00105e-005 -0.900725 0.43439
23.6206 135.791 83.4109 0.8051 -0.9393 0 -0.4344 -0.9007 1 0 0 4.00105e-005 -0.900725 0.43439
-22.3423 135.791 83.4109 0.1923 -0.9393 0 -0.4344 -0.9007 1 0 0 4.00105e-005 -0.900725 0.43439
0.193359 209.487 47.8699 -0.2867 -1.9219 0.8126 0.4417 0.3802 -0.423756 0 0.905776 0.477497 -0.878634 0.000113718
-0.0367432 135.791 133.978 0.8614 -0.9393 0.8126 0.4417 0.3802 -0.423756 0 0.905776 0.477497 -0.878634 0.000113718
23.6206 135.791 83.4109 0.1871 -0.9393 0.8126 0.4417 0.3802 -0.423756 0 0.905776 0.477497 -0.878634 0.000113718
0.193359 209.487 47.8699 1.2867 -1.9219 -0.8266 0.4286 0.3646 -0.403585 0 -0.914942 -0.460281 -0.887774 0.000114901
-22.3423 135.791 83.4109 0.8129 -0.9393 -0.8266 0.4286 0.3646 -0.403585 0 -0.914942 -0.460281 -0.887774 0.000114901
-0.0367432 135.791 133.978 0.1386 -0.9393 -0.8266 0.4286 0.3646 -0.403585 0 -0.914942 -0.460281 -0.887774 0.000114901
152.37 -84.6685 -144.177 0.0935 1.994 -0.9055 0.0422 0.4222 -0.422618 0 -0.906308 -0.046588 -0.998914 3.92788e-005
126.244 -84.6685 -200.203 0.8405 1.994 -0.9055 0.0422 0.4222 -0.422618 0 -0.906308 -0.046588 -0.998914 3.92788e-005
123.004 -169.214 -198.692 0.8204 3.1213 -0.9055 0.0422 0.4222 -0.422618 0 -0.906308 -0.046588 -0.998914 3.92788e-005
123.004 -169.214 -198.692 0.8204 3.1213 -0.9055 0.0422 0.4222 -0.422618 -0 -0.906308 -0.046588 -0.998914 3.93391e-005
149.13 -169.214 -142.666 0.0734 3.1213 -0.9055 0.0422 0.4222 -0.422618 -0 -0.906308 -0.046588 -0.998914 3.93391e-005
152.37 -84.6685 -144.177 0.0935 1.994 -0.9055 0.0422 0.4222 -0.422618 -0 -0.906308 -0.046588 -0.998914 3.93391e-005
126.244 -84.6685 -200.203 0.0314 1.994 0.0013 -0.0179 -0.9998 0.999999 0 0.00125588 -3.33435e-006 -0.999839 0.0179157
201.33 -84.6685 -200.109 1.0326 1.994 0.0013 -0.0179 -0.9998 0.999999 0 0.00125588 -3.33435e-006 -0.999839 0.0179157
198.09 -169.214 -198.598 0.9894 3.1213 0.0013 -0.0179 -0.9998 0.999999 0 0.00125588 -3.33435e-006 -0.999839 0.0179157
123.004 -169.214 -198.692 -0.0118 3.1213 0.0013 -0.0179 -0.9998 0.999999 -0 0.00125588 -3.33435e-006 -0.999839 0.0179157
201.33 -84.6685 -200.109 0.1607 1.994 0.7523 -0.0171 0.6586 -0.658657 0 0.752444 -0.0227107 -0.999742 4.07052e-005
152.37 -84.6685 -144.177 0.9065 1.994 0.7523 -0.0171 0.6586 -0.658657 0 0.752444 -0.0227107 -0.999742 4.07052e-005
149.13 -169.214 -142.666 0.9266 3.1213 0.7523 -0.0171 0.6586 -0.658657 0 0.752444 -0.0227107 -0.999742 4.07052e-005
149.13 -169.214 -142.666 0.9266 3.1213 0.7523 -0.0171 0.6586 -0.658657 -0 0.752444 -0.022631 -0.999744 -5.03894e-005
198.09 -169.214 -198.598 0.1809 3.1213 0.7523 -0.0171 0.6586 -0.658657 -0 0.752444 -0.022631 -0.999744 -5.03894e-005
201.33 -84.6685 -200.109 0.1607 1.994 0.7523 -0.0171 0.6586 -0.658657 -0 0.752444 -0.022631 -0.999744 -5.03894e-005
123.004 -169.214 -198.692 1.0118 0.8204 0 -1 0 -1 0 4.26604e-005 5.53553e-005 0 -1
198.09 -169.214 -198.598 0.0106 0.8191 0 -1 0 -1 0 4.26604e-005 5.53553e-005 0 -1
149.13 -169.214 -142.666 0.6634 0.0734 0 -1 0 -1 0 4.26604e-005 5.53553e-005 0 -1
134.262 -84.6685 -195.088 0.1383 0.7723 0 1 0 1 -0 -4.44258e-005 0.000131161 -0 -1
126.244 -84.6685 -200.203 0.0314 0.8405 0 1 0 1 -0 -4.44258e-005 0.000131161 -0 -1
152.37 -84.6685 -144.177 0.3798 0.0935 0 1 0 1 -0 -4.44258e-005 0.000131161 -0 -1
152.37 -84.6685 -144.177 0.3798 0.0935 0 1 0 1 0 9.66327e-005 0.000375238 0 -1
153.687 -84.6685 -153.432 0.3973 0.2169 0 1 0 1 0 9.66327e-005 0.000375238 0 -1
134.262 -84.6685 -195.088 0.1383 0.7723 0 1 0 1 0 9.66327e-005 0.000375238 0 -1
190.09 -84.6685 -195.018 0.8827 0.7714 0 1 0 1 0 5.7572e-005 -0.000278026 0 -1
201.33 -84.6685 -200.109 1.0326 0.8393 0 1 0 1 0 5.7572e-005 -0.000278026 0 -1
126.244 -84.6685 -200.203 0.0314 0.8405 0 1 0 1 0 5.7572e-005 -0.000278026 0 -1
126.244 -84.6685 -200.203 0.0314 0.8405 0 1 0 1 0 4.71788e-005 -0.000102018 0 -1
134.262 -84.6685 -195.088 0.1383 0.7723 0 1 0 1 0 4.71788e-005 -0.000102018 0 -1
190.09 -84.6685 -195.018 0.8827 0.7714 0 1 0 1 0 4.71788e-005 -0.000102018 0 -1
153.687 -84.6685 -153.432 0.3973 0.2169 0 1 0 1 0 4.58978e-005 0.000580713 -0 -1
152.37 -84.6685 -144.177 0.3798 0.0935 0 1 0 1 0 4.58978e-005 0.000580713 -0 -1
201.33 -84.6685 -200.109 1.0326 0.8393 0 1 0 1 0 4.58978e-005 0.000580713 -0 -1
201.33 -84.6685 -200.109 1.0326 0.8393 0 1 0 1 0 0.000248112 0.000180075 0 -1
190.09 -84.6685 -195.018 0.8827 0.7714 0 1 0 1 0 0.000248112 0.000180075 0 -1
153.687 -84.6685 -153.432 0.3973 0.2169 0 1 0 1 0 0.000248112 0.000180075 0 -1
134.262 -28.3956 -195.088 0.7723 1.2437 -0.9063 0 0.4226 -0.422618 0 -0.906308 0 -1 0
134.262 -84.6685 -195.088 0.7723 1.994 -0.9063 0 0.4226 -0.422618 0 -0.906308 0 -1 0
153.687 -84.6685 -153.432 0.2169 1.994 -0.9063 0 0.4226 -0.422618 0 -0.906308 0 -1 0
153.687 -28.3956 -153.432 0.2169 1.2437 -0.9063 0 0.4226 -0.422618 0 -0.906308 -0 -1 -0
190.09 -28.3956 -195.018 0.8827 1.2437 0.0013 0 -1 0.999999 0 0.00125617 0 -1 0
190.09 -84.6685 -195.018 0.8827 1.994 0.0013 0 -1 0.999999 0 0.00125617 0 -1 0
134.262 -84.6685 -195.088 0.1383 1.994 0.0013 0 -1 0.999999 0 0.00125617 0 -1 0
134.262 -28.3956 -195.088 0.1383 1.2437 0.0013 0 -1 0.999999 0 0.00125617 0 -1 0
153.687 -28.3956 -153.432 0.7831 1.2437 0.7524 0 0.6587 -0.658656 0 0.752444 0 -1 0
153.687 -84.6685 -153.432 0.7831 1.994 0.7524 0 0.6587 -0.658656 0 0.752444 0 -1 0
190.09 -84.6685 -195.018 0.2286 1.994 0.7524 0 0.6587 -0.658656 0 0.752444 0 -1 0
190.09 -28.3956 -195.018 0.2286 1.2437 0.7524 0 0.6587 -0.658656 0 0.752444 -0 -1 0
159.083 14.6234 -206.663 0.9266 0.6701 -0.7645 0.537 0.3565 -0.422618 0 -0.906308 -0.574796 -0.818296 2.75668e-005
134.262 -28.3956 -195.088 0.7723 1.2437 -0.7645 0.537 0.3565 -0.422618 0 -0.906308 -0.574796 -0.818296 2.75668e-005
153.687 -28.3956 -153.432 0.2169 1.2437 -0.7645 0.537 0.3565 -0.422618 0 -0.906308 -0.574796 -0.818296 2.75668e-005
153.687 -28.3956 -153.432 0.2169 1.2437 -0.7645 0.537 0.3565 -0.422616 0 -0.906309 -0.574794 -0.818298 2.76322e-005
178.508 14.6234 -165.006 0.3712 0.6701 -0.7645 0.537 0.3565 -0.422616 0 -0.906309 -0.574794 -0.818298 2.76322e-005
159.083 14.6234 -206.663 0.9266 0.6701 -0.7645 0.537 0.3565 -0.422616 0 -0.906309 -0.574794 -0.818298 2.76322e-005
214.911 14.6234 -206.593 1.2137 0.6701 0.0012 -0.2605 -0.9655 0.999999 0 0.00125618 6.10132e-005 -0.965484 0.260464
190.09 -28.3956 -195.018 0.8827 1.2437 0.0012 -0.2605 -0.9655 0.999999 0 0.00125618 6.10132e-005 -0.965484 0.260464
134.262 -28.3956 -195.088 0.1383 1.2437 0.0012 -0.2605 -0.9655 0.999999 0 0.00125618 6.10132e-005 -0.965484 0.260464
134.262 -28.3956 -195.088 0.1383 1.2437 0.0012 -0.2605 -0.9655 0.999999 0 0.00125837 6.08406e-005 -0.965483 0.260467
159.083 14.6234 -206.663 0.4693 0.6701 0.0012 -0.2605 -0.9655 0.999999 0 0.00125837 6.08406e-005 -0.965483 0.260467
214.911 14.6234 -206.593 1.2137 0.6701 0.0012 -0.2605 -0.9655 0.999999 0 0.00125837 6.08406e-005 -0.965483 0.260467
178.508 14.6234 -165.006 0.6288 0.6701 0.7288 -0.2489 0.6379 -0.658656 0 0.752444 -0.323182 -0.946337 4.80494e-005
153.687 -28.3956 -153.432 0.7831 1.2437 0.7288 -0.2489 0.6379 -0.658656 0 0.752444 -0.323182 -0.946337 4.80494e-005
190.09 -28.3956 -195.018 0.2286 1.2437 0.7288 -0.2489 0.6379 -0.658656 0 0.752444 -0.323182 -0.946337 4.80494e-005
190.09 -28.3956 -195.018 0.2286 1.2437 0.7288 -0.2489 0.6379 -0.658658 0 0.752442 -0.323184 -0.946336 4.61009e-005
214.911 14.6234 -206.593 0.0743 0.6701 0.7288 -0.2489 0.6379 -0.658658 0 0.752442 -0.323184 -0.946336 4.61009e-005
178.508 14.6234 -165.006 0.6288 0.6701 0.7288 -0.2489 0.6379 -0.658658 0 0.752442 -0.323184 -0.946336 4.61009e-005
152.379 78.9569 -203.536 0.885 -0.1877 -0.9004 -0.1142 0.4199 -0.422616 0 -0.906309 0.125825 -0.992052 -9.68977e-005
159.083 14.6234 -206.663 0.9266 0.6701 -0.9004 -0.1142 0.4199 -0.422616 0 -0.906309 0.125825 -0.992052 -9.68977e-005
178.508 14.6234 -165.006 0.3712 0.6701 -0.9004 -0.1142 0.4199 -0.422616 0 -0.906309 0.125825 -0.992052 -9.68977e-005
178.508 14.6234 -165.006 0.3712 0.6701 -0.9004 -0.1142 0.4199 -0.422617 0 -0.906308 0.125873 -0.992046 8.35569e-006
171.803 78.9569 -161.88 0.3295 -0.1877 -0.9004 -0.1142 0.4199 -0.422617 0 -0.906308 0.125873 -0.992046 8.35569e-006
152.379 78.9569 -203.536 0.885 -0.1877 -0.9004 -0.1142 0.4199 -0.422617 0 -0.906308 0.125873 -0.992046 8.35569e-006
208.024 78.9569 -203.857 1.1218 -0.1877 0.0013 0.0426 -0.9991 0.999999 0 0.00125836 -8.18215e-005 -0.999092 -0.0426163
214.911 14.6234 -206.593 1.2137 0.6701 0.0013 0.0426 -0.9991 0.999999 0 0.00125836 -8.18215e-005 -0.999092 -0.0426163
159.083 14.6234 -206.663 0.4693 0.6701 0.0013 0.0426 -0.9991 0.999999 0 0.00125836 -8.18215e-005 -0.999092 -0.0426163
159.083 14.6234 -206.663 0.4693 0.6701 -0.0058 0.0479 -0.9988 0.999983 0 -0.00576279 -1.00988e-005 -0.99885 -0.047941
152.379 78.9569 -203.536 0.3799 -0.1877 -0.0058 0.0479 -0.9988 0.999983 0 -0.00576279 -1.00988e-005 -0.99885 -0.047941
208.024 78.9569 -203.857 1.1218 -0.1877 -0.0058 0.0479 -0.9988 0.999983 0 -0.00576279 -1.00988e-005 -0.99885 -0.047941
171.803 78.9569 -161.88 0.6705 -0.1877 0.7516 0.0464 0.6579 -0.658658 0 0.752442 0.0615457 -0.998104 1.38652e-005
178.508 14.6234 -165.006 0.6288 0.6701 0.7516 0.0464 0.6579 -0.658658 0 0.752442 0.0615457 -0.998104 1.38652e-005
214.911 14.6234 -206.593 0.0743 0.6701 0.7516 0.0464 0.6579 -0.658658 0 0.752442 0.0615457 -0.998104 1.38652e-005
214.911 14.6234 -206.593 0.0743 0.6701 0.756 0.0532 0.6524 -0.653284 0 0.757113 0.0701615 -0.997536 3.1331e-005
208.024 78.9569 -203.857 0.1108 -0.1877 0.756 0.0532 0.6524 -0.653284 0 0.757113 0.0701615 -0.997536 3.1331e-005
171.803 78.9569 -161.88 0.6705 -0.1877 0.756 0.0532 0.6524 -0.653284 0 0.757113 0.0701615 -0.997536 3.1331e-005
130.171 135.791 -193.181 0.7469 -0.9455 -0.8323 -0.3959 0.3881 -0.422617 0 -0.906308 0.429582 -0.903028 7.54228e-006
152.379 78.9569 -203.536 0.885 -0.1877 -0.8323 -0.3959 0.3881 -0.422617 0 -0.906308 0.429582 -0.903028 7.54228e-006
171.803 78.9569 -161.88 0.3295 -0.1877 -0.8323 -0.3959 0.3881 -0.422617 0 -0.906308 0.429582 -0.903028 7.54228e-006
171.803 78.9569 -161.88 0.3295 -0.1877 -0.8323 -0.3959 0.3881 -0.422618 0 -0.906308 0.429548 -0.903044 -8.0526e-005
149.596 135.791 -151.524 0.1915 -0.9455 -0.8323 -0.3959 0.3881 -0.422618 0 -0.906308 0.429548 -0.903044 -8.0526e-005
130.171 135.791 -193.181 0.7469 -0.9455 -0.8323 -0.3959 0.3881 -0.422618 0 -0.906308 0.429548 -0.903044 -8.0526e-005
185.999 135.791 -193.111 0.8282 -0.9455 -0.0057 0.1837 -0.983 0.999983 0 -0.00576278 7.05445e-005 -0.982987 -0.183674
208.024 78.9569 -203.857 1.1218 -0.1877 -0.0057 0.1837 -0.983 0.999983 0 -0.00576278 7.05445e-005 -0.982987 -0.183674
152.379 78.9569 -203.536 0.3799 -0.1877 -0.0057 0.1837 -0.983 0.999983 0 -0.00576278 7.05445e-005 -0.982987 -0.183674
152.379 78.9569 -203.536 0.3799 -0.1877 0.0012 0.1797 -0.9837 0.999999 0 0.00125836 1.703e-005 -0.983717 -0.179724
130.171 135.791 -193.181 0.0838 -0.9455 0.0012 0.1797 -0.9837 0.999999 0 0.00125836 1.703e-005 -0.983717 -0.179724
185.999 135.791 -193.111 0.8282 -0.9455 0.0012 0.1797 -0.9837 0.999999 0 0.00125836 1.703e-005 -0.983717 -0.179724
149.596 135.791 -151.524 0.8085 -0.9455 0.7455 0.1741 0.6433 -0.653284 0 0.757113 0.227485 -0.973782 -9.40491e-005
171.803 78.9569 -161.88 0.6705 -0.1877 0.7455 0.1741 0.6433 -0.653284 0 0.757113 0.227485 -0.973782 -9.40491e-005
208.024 78.9569 -203.857 0.1108 -0.1877 0.7455 0.1741 0.6433 -0.653284 0 0.757113 0.227485 -0.973782 -9.40491e-005
208.024 78.9569 -203.857 0.1108 -0.1877 0.7422 0.1648 0.6497 -0.658658 0 0.752442 0.216702 -0.976238 4.50601e-005
185.999 135.791 -193.111 0.2541 -0.9455 0.7422 0.1648 0.6497 -0.658658 0 0.752442 0.216702 -0.976238 4.50601e-005
149.596 135.791 -151.524 0.8085 -0.9455 0.7422 0.1648 0.6497 -0.658658 0 0.752442 0.216702 -0.976238 4.50601e-005
107.861 209.487 -156.928 0.2635 -1.9281 -0.8163 -0.4344 0.3807 -0.422618 0 -0.906308 0.469772 -0.882788 4.52976e-005
130.171 135.791 -193.181 0.7469 -0.9455 -0.8163 -0.4344 0.3807 -0.422618 0 -0.906308 0.469772 -0.882788 4.52976e-005
149.596 135.791 -151.524 0.1915 -0.9455 -0.8163 -0.4344 0.3807 -0.422618 0 -0.906308 0.469772 -0.882788 4.52976e-005
107.861 209.487 -156.928 -0.2137 -1.9281 0.0011 0.4417 -0.8972 0.999999 0 0.00125839 -1.79672e-005 -0.897172 -0.441681
185.999 135.791 -193.111 0.8282 -0.9455 0.0011 0.4417 -0.8972 0.999999 0 0.00125839 -1.79672e-005 -0.897172 -0.441681
130.171 135.791 -193.181 0.0838 -0.9455 0.0011 0.4417 -0.8972 0.999999 0 0.00125839 -1.79672e-005 -0.897172 -0.441681
107.861 209.487 -156.928 0.7365 -1.9281 0.6798 0.4286 0.5951 -0.658658 0 0.752442 0.53332 -0.845914 3.63114e-005
149.596 135.791 -151.524 0.8085 -0.9455 0.6798 0.4286 0.5951 -0.658658 0 0.752442 0.53332 -0.845914 3.63114e-005
185.999 135.791 -193.111 0.2541 -0.9455 0.6798 0.4286 0.5951 -0.658658 0 0.752442 0.53332 -0.845914 3.63114e-005
Index count: 420
0
1
2
2
3
0
4
5
6
6
7
4
8
9
10
10
11
8
12
13
14
15
16
17
18
19
20
21
22
23
24
25
26
27
28
29
30
31
32
33
34
35
36
37
38
38
39
36
40
41
42
42
43
40
44
45
46
46
47
44
48
49
50
51
52
53
54
55
56
57
58
59
60
61
62
63
64
65
66
67
68
69
70
71
72
73
74
75
76
77
78
79
80
81
82
83
84
85
86
87
88
89
89
90
87
91
92
93
93
94
91
95
96
97
97
98
95
99
100
101
102
103
104
105
106
107
108
109
110
111
112
113
114
115
116
117
118
119
120
121
122
123
124
125
126
127
128
129
130
131
132
133
134
135
136
137
138
139
140
141
142
143
144
145
146
147
148
149
150
151
152
153
154
155
156
157
158
159
160
161
162
163
164
164
165
162
166
167
168
169
170
171
172
173
174
174
175
172
176
177
178
179
180
181
182
183
184
185
186
187
188
189
190
191
192
193
194
195
196
197
198
199
199
200
197
201
202
203
203
204
201
205
206
207
207
208
205
209
210
211
211
212
209
213
214
215
216
217
218
219
220
221
222
223
224
225
226
227
227
228
225
229
230
231
232
233
234
235
236
237
238
239
240
241
242
243
243
244
241
245
246
247
248
249
250
251
252
253
254
255
256
257
258
259
260
261
262
263
264
265
266
267
268
269
270
271
272
273
274
274
275
272
276
277
278
279
280
281
282
283
284
285
286
287
288
289
290
291
292
293
294
295
296
297
298
299
300
301
302
303
304
305
305
306
303
307
308
309
309
310
307
311
312
313
313
314
311
315
316
317
318
319
320
321
322
323
324
325
326
327
328
329
330
331
332
333
334
335
336
337
338
339
340
341
342
343
344
345
346
347
348
349
350
351
352
353
354
355
356
357
358
359
360
361
362
363
364
365
366
367
368
369
370
371
372
373
374
375
376
377
