bounding box: -100 -150 -5.57214 100 150 5.57214
Material name: man_and_dog_relief.mat
Vertex Count: 4
-80.2893 -82.32 5.57214 0.008 1.025 0 -0 -1 1 0 0 0 -1 0
-80.2893 85.68 5.57214 0.008 -0.025 0 -0 -1 1 0 0 0 -1 0
77.1407 85.68 5.57214 0.992 -0.025 0 -0 -1 1 0 0 0 -1 0
77.1407 -82.32 5.57214 0.992 1.025 0 -0 -1 1 0 0 0 -1 0
Index count: 6
0
1
2
2
3
0
Material name: wallOldBrick.mat
Vertex Count: 32
100 -82.32 -5.57214 1.0219 0.3602 0 -0 -1 1 -0 -0 -0 1 -0
100 -150 -5.57214 1.0219 0.0218 0 -0 -1 1 -0 -0 -0 1 -0
77.1407 -150 -5.57214 0.9076 0.0218 0 -0 -1 1 -0 -0 -0 1 -0
-100 85.68 -5.57214 0.0219 1.2002 0 -0 -1 1 -0 -0 -0 1 -0
-100 150 -5.57214 0.0219 1.5218 0 -0 -1 1 -0 -0 -0 1 -0
-80.2893 150 -5.57214 0.1204 1.5218 0 -0 -1 1 -0 -0 -0 1 -0
-80.2893 85.68 -5.57214 0.1204 1.2002 0 -0 -1 1 -0 -0 -0 1 0
77.1407 150 -5.57214 0.9076 1.5218 0 -0 -1 1 -0 -0 -0 1 -0
77.1407 85.68 -5.57214 0.9076 1.2002 0 -0 -1 1 -0 -0 -0 1 0
100 150 -5.57214 1.0219 1.5218 0 -0 -1 1 -0 -0 -0 1 -0
100 85.68 -5.57214 1.0219 1.2002 0 -0 -1 1 -0 -0 -0 1 -0
77.1407 -82.32 -5.57214 0.9076 0.3602 0 -0 -1 1 -0 -0 -0 1 -0
-80.2893 -150 -5.57214 0.1204 0.0218 0 -0 -1 1 -0 -0 -0 1 -0
-80.2893 -82.32 -5.57214 0.1204 0.3602 0 -0 -1 1 -0 0 -0 1 -0
-100 -150 -5.57214 0.0219 0.0218 0 -0 -1 1 -0 -0 -0 1 -0
-100 -82.32 -5.57214 0.0219 0.3602 0 -0 -1 1 -0 -0 -0 1 -0
77.1407 85.68 5.57214 0.4243 0.8647 -1 -0 0 0 -0 -1 -0 1 -0
77.1407 85.68 -5.57214 0.48 0.8647 -1 -0 0 0 -0 -1 -0 1 -0
77.1407 -82.32 -5.57214 0.48 0.0247 -1 -0 0 0 -0 -1 -0 1 -0
77.1407 -82.32 5.57214 0.4243 0.0247 -1 -0 0 -0 -0 -1 -0 1 -0
-80.2893 85.68 5.57214 1.0698 0.5279 -0 -1 0 -1 -0 -0 -0 -0 1
-80.2893 85.68 -5.57214 1.0698 0.4721 -0 -1 0 -1 -0 -0 -0 -0 1
77.1407 85.68 -5.57214 0.2827 0.4721 -0 -1 0 -1 -0 -0 -0 -0 1
77.1407 85.68 5.57214 0.2827 0.5279 -0 -1 0 -1 -0 -0 0 -0 1
-80.2893 -82.32 5.57214 0.4971 0.3538 1 -0 0 -0 -0 1 -0 1 -0
-80.2893 -82.32 -5.57214 0.4413 0.3538 1 -0 0 -0 -0 1 -0 1 -0
-80.2893 85.68 -5.57214 0.4413 1.1938 1 -0 0 -0 -0 1 -0 1 -0
-80.2893 85.68 5.57214 0.4971 1.1938 1 -0 0 0 -0 1 -0 1 -0
77.1407 -82.32 5.57214 0.284 0.5279 -0 1 -0 -1 0 0 -0 0 1
77.1407 -82.32 -5.57214 0.284 0.4721 -0 1 -0 -1 0 0 -0 0 1
-80.2893 -82.32 -5.57214 1.0711 0.4721 -0 1 -0 -1 0 0 -0 0 1
-80.2893 -82.32 5.57214 1.0711 0.5279 -0 1 -0 -1 0 0 0 0 1
Index count: 72
0
1
2
3
4
5
6
3
5
6
5
7
8
6
7
8
7
9
8
9
10
11
8
10
11
10
0
11
0
2
11
2
12
13
11
12
13
12
14
13
14
15
6
13
15
6
15
3
16
17
18
18
19
16
20
21
22
22
23
20
24
25
26
26
27
24
28
29
30
30
31
28
