bounding box: -62.5 -107.917 -22.5 62.5 107.917 22.5
Material name: bronz.mat
Vertex Count: 910
-42.3321 -93.9834 11.8848 0.9124 0.1941 0.0088 -0.9998 -0.0149 -1 0 0 0 0 -1
-42.3321 -93.9834 -11.8848 0.9124 0.8059 0.1996 -0.9783 0.0561 -1 0 0 0 0 -1
42.3321 -93.9834 -11.8848 0.0876 0.8059 -0.0088 -0.9998 0.0149 -1 0 0 0 0 -1
42.3321 -93.9834 11.8848 0.0876 0.1941 -0.1996 -0.9783 -0.0561 -1 0 0 -0 0 -1
42.3321 -93.9834 11.8848 0.0876 0.1941 -0.1996 -0.9783 -0.0561 -1 0 0 0.234818 0.0484233 -0.970832
40.0287 -94.4584 21.408 0.0876 0 -0.3332 -0.9343 -0.1272 -1 0 0 0.234818 0.0484233 -0.970832
-40.0286 -94.4584 21.408 0.9124 0 0 -0.9988 -0.0498 -1 0 0 0.234818 0.0484233 -0.970832
-40.0286 -94.4584 21.408 0.9124 0 0 -0.9988 -0.0498 -1 0 0 -0.234827 0.0484232 -0.97083
-42.3321 -93.9834 11.8848 0.9124 0.1941 0.0088 -0.9998 -0.0149 -1 0 0 -0.234827 0.0484232 -0.97083
42.3321 -93.9834 11.8848 0.0876 0.1941 -0.1996 -0.9783 -0.0561 -1 0 0 -0.234827 0.0484232 -0.97083
42.3321 -93.9834 11.8848 0.0876 0.1941 -0.1996 -0.9783 -0.0561 -0.999369 0.0252518 -0.0249746 0 0 -1
42.3321 -93.9834 -11.8848 0.0876 0.8059 -0.0088 -0.9998 0.0149 -0.999369 0.0252518 -0.0249746 0 0 -1
61.1308 -94.4584 -11.415 0 0.8059 -0.0253 -0.9997 0 -0.999369 0.0252518 -0.0249746 0 0 -1
61.1308 -94.4584 -11.415 0 0.8059 -0.0253 -0.9997 0 -0.999369 0.0252518 0.0249756 -0 0 -1
61.1308 -94.4584 11.415 0 0.1941 -0.0253 -0.9997 0 -0.999369 0.0252518 0.0249756 -0 0 -1
42.3321 -93.9834 11.8848 0.0876 0.1941 -0.1996 -0.9783 -0.0561 -0.999369 0.0252518 0.0249756 -0 0 -1
-42.3321 -93.9834 -11.8848 0.9124 0.8059 0.1996 -0.9783 0.0561 -1 0 0 0.234827 -0.0484232 -0.97083
-40.0286 -94.4584 -21.408 0.9124 1 0.3332 -0.9343 0.1272 -1 0 0 0.234827 -0.0484232 -0.97083
40.0287 -94.4584 -21.408 0.0876 1 0 -0.9988 0.0498 -1 0 0 0.234827 -0.0484232 -0.97083
40.0287 -94.4584 -21.408 0.0876 1 0 -0.9988 0.0498 -1 0 0 -0.234818 -0.0484233 -0.970832
42.3321 -93.9834 -11.8848 0.0876 0.8059 -0.0088 -0.9998 0.0149 -1 0 0 -0.234818 -0.0484233 -0.970832
-42.3321 -93.9834 -11.8848 0.9124 0.8059 0.1996 -0.9783 0.0561 -1 0 0 -0.234818 -0.0484233 -0.970832
-42.3321 -93.9834 -11.8848 0.9124 0.8059 0.1996 -0.9783 0.0561 -0.999369 -0.0252519 -0.0249756 -0 -0 -1
-42.3321 -93.9834 11.8848 0.9124 0.1941 0.0088 -0.9998 -0.0149 -0.999369 -0.0252519 -0.0249756 -0 -0 -1
-61.1307 -94.4584 11.415 1 0.1941 0.0253 -0.9997 0 -0.999369 -0.0252519 -0.0249756 -0 -0 -1
-61.1307 -94.4584 11.415 1 0.1941 0.0253 -0.9997 0 -0.999369 -0.0252519 0.0249749 0 0 -1
-61.1307 -94.4584 -11.415 1 0.8059 0.0253 -0.9997 0 -0.999369 -0.0252519 0.0249749 0 0 -1
-42.3321 -93.9834 -11.8848 0.9124 0.8059 0.1996 -0.9783 0.0561 -0.999369 -0.0252519 0.0249749 0 0 -1
-53.3715 -107.917 15.22 0.9124 0.1941 0.4155 -0.9089 -0.0354 -0.61036 -0.770362 0.184401 0 0 0
-42.3321 -93.9834 11.8848 0.9124 0.1941 0.7409 -0.6376 -0.211 -0.61036 -0.770362 0.184401 0 0 0
-40.0286 -94.4584 21.408 0.9124 0 0.7376 -0.6541 -0.1679 -0.61036 -0.770362 0.184401 0 0 0
-62.5 107.917 22.5 1 0 -0.0001 -0.0057 1 -1 0 0 0.0688591 -0.997612 -0.00538301
-40.0286 -94.4584 21.408 0.9124 1 -0.0073 -0.0085 0.9999 -1 0 0 0.0688591 -0.997612 -0.00538301
40.0287 -94.4584 21.408 0.0876 1 0.0054 -0.0075 1 -1 0 0 0.0688591 -0.997612 -0.00538301
53.3716 -107.917 21.044 0.0876 0 -0.7611 -0.6455 -0.0646 -0.703926 0.710014 0.0192041 0 0 -0
40.0287 -94.4584 21.408 0.0876 0 -0.3332 -0.9343 -0.1272 -0.703926 0.710014 0.0192041 0 0 -0
42.3321 -93.9834 11.8848 0.0876 0.1941 -0.1996 -0.9783 -0.0561 -0.703926 0.710014 0.0192041 0 0 -0
53.3716 -107.917 15.22 0.0876 0.1941 -0.016 -0.2635 -0.9645 -0 0 0 -0.610363 0.770359 -0.1844
42.3321 -93.9834 11.8848 0.0876 0.1941 -0.0306 -0.2556 -0.9663 -0 0 0 -0.610363 0.770359 -0.1844
61.1308 -94.4584 11.415 0 0.1941 -0.0213 -0.2606 -0.9652 -0 0 0 -0.610363 0.770359 -0.1844
62.5 107.917 22.5 1 0 1 -0.0075 0 0 0 1 -0.00676429 -0.999797 -0.0189804
61.1308 -94.4584 11.415 0.8059 1 0.9995 -0.0142 0.0292 0 0 1 -0.00676429 -0.999797 -0.0189804
61.1308 -94.4584 -11.415 0.1941 1 0.9998 -0.0112 -0.0161 0 0 1 -0.00676429 -0.999797 -0.0189804
60.6743 -107.917 -15.22 0 0.8059 -0.0181 -0.2553 0.9667 0 0 0 -0.0326215 -0.961768 -0.271915
61.1308 -94.4584 -11.415 0 0.8059 -0.0309 -0.271 0.9621 0 0 0 -0.0326215 -0.961768 -0.271915
42.3321 -93.9834 -11.8848 0.0876 0.8059 -0.0222 -0.2603 0.9653 0 0 0 -0.0326215 -0.961768 -0.271915
53.3715 -107.917 -15.22 0.0876 0.8059 -0.4155 -0.9089 0.0354 -0.61036 0.770362 0.184401 0 0 -0
42.3321 -93.9834 -11.8848 0.0876 0.8059 -0.7409 -0.6376 0.211 -0.61036 0.770362 0.184401 0 0 -0
40.0287 -94.4584 -21.408 0.0876 1 -0.7376 -0.6541 0.1679 -0.61036 0.770362 0.184401 0 0 -0
-20.7905 -56.4854 -21.6129 0.2588 0.8124 -0.0014 -0.0047 -1 1 0 0 -0.068949 -0.997606 0.00538289
44.2451 -56.4854 -21.6129 0.9288 0.8124 0.0039 -0.0058 -1 1 0 0 -0.068949 -0.997606 0.00538289
40.0287 -94.4584 -21.408 0.9124 1 0.0073 -0.0085 -0.9999 1 0 0 -0.068949 -0.997606 0.00538289
40.0287 -94.4584 -21.408 0.9124 1 0.0073 -0.0085 -0.9999 1 -0 0 -0.0688569 -0.997612 0.00538292
-40.0286 -94.4584 -21.408 0.0876 1 -0.0054 -0.0075 -1 1 -0 0 -0.0688569 -0.997612 0.00538292
-20.7905 -56.4854 -21.6129 0.2588 0.8124 -0.0014 -0.0047 -1 1 -0 0 -0.0688569 -0.997612 0.00538292
-53.3715 -107.917 -21.044 0.9124 1 0.7611 -0.6455 0.0646 -0.703926 -0.710014 0.0192033 0 0 0
-40.0286 -94.4584 -21.408 0.9124 1 0.3332 -0.9343 0.1272 -0.703926 -0.710014 0.0192033 0 0 0
-42.3321 -93.9834 -11.8848 0.9124 0.8059 0.1996 -0.9783 0.0561 -0.703926 -0.710014 0.0192033 0 0 0
-53.3715 -107.917 -15.22 0.9124 0.8059 0.016 -0.2635 0.9645 0 0 0 -0.61036 -0.770362 -0.184401
-42.3321 -93.9834 -11.8848 0.9124 0.8059 0.0306 -0.2556 0.9663 0 0 0 -0.61036 -0.770362 -0.184401
-61.1307 -94.4584 -11.415 1 0.8059 0.0213 -0.2606 0.9652 0 0 0 -0.61036 -0.770362 -0.184401
-62.5 107.917 -22.5 1 0 -1 -0.0075 -0 0 0 -1 0.00676489 -0.999797 0.0189804
-61.1307 -94.4584 -11.415 0.8059 1 -0.9995 -0.0142 -0.0292 0 0 -1 0.00676489 -0.999797 0.0189804
-61.1307 -94.4584 11.415 0.1941 1 -0.9998 -0.0112 0.0161 0 0 -1 0.00676489 -0.999797 0.0189804
-60.6743 -107.917 15.22 1 0.1941 0.0181 -0.2553 -0.9667 -0 0 0 -0.0326149 0.961768 -0.271917
-61.1307 -94.4584 11.415 1 0.1941 0.0309 -0.271 -0.9621 -0 0 0 -0.0326149 0.961768 -0.271917
-42.3321 -93.9834 11.8848 0.9124 0.1941 0.0222 -0.2603 -0.9653 -0 0 0 -0.0326149 0.961768 -0.271917
-53.3715 -107.917 21.044 0.9124 0 0.387 -0.9221 0 -0.703926 -0.710014 -0.0192041 0 0 0
-53.3715 -107.917 15.22 0.9124 0.1941 0.4155 -0.9089 -0.0354 -0.703926 -0.710014 -0.0192041 0 0 0
-40.0286 -94.4584 21.408 0.9124 0 0.7376 -0.6541 -0.1679 -0.703926 -0.710014 -0.0192041 0 0 0
-53.3715 -107.917 15.22 0.9124 0.1941 0 -0.2328 -0.9725 -0 0 0 0.61036 0.770362 -0.184401
-60.6743 -107.917 15.22 1 0.1941 0.0181 -0.2553 -0.9667 -0 0 0 0.61036 0.770362 -0.184401
-42.3321 -93.9834 11.8848 0.9124 0.1941 0.0222 -0.2603 -0.9653 -0 0 0 0.61036 0.770362 -0.184401
-62.5 107.917 22.5 1 0 -0.0001 -0.0057 1 -0.64502 -0.764166 0 -0.245629 -0.969361 -0.00228743
40.0287 -94.4584 21.408 0.0876 1 0.0054 -0.0075 1 -0.64502 -0.764166 0 -0.245629 -0.969361 -0.00228743
61.1308 -69.4584 21.408 0 1 0.0048 -0.0053 1 -0.64502 -0.764166 0 -0.245629 -0.969361 -0.00228743
-62.5 107.917 22.5 1 0 -0.0001 -0.0057 1 -0.64502 0.764166 0 0.00771956 -0.999951 -0.00615612
-61.1307 -69.4584 21.408 1 1 -0.0081 -0.0074 0.9999 -0.64502 0.764166 0 0.00771956 -0.999951 -0.00615612
-40.0286 -94.4584 21.408 0.9124 1 -0.0073 -0.0085 0.9999 -0.64502 0.764166 0 0.00771956 -0.999951 -0.00615612
53.3716 -107.917 15.22 0.0876 0.1941 -0.7838 -0.621 0 -0.610363 0.770359 -0.1844 -0 0 -0
53.3716 -107.917 21.044 0.0876 0 -0.7611 -0.6455 -0.0646 -0.610363 0.770359 -0.1844 -0 0 -0
42.3321 -93.9834 11.8848 0.0876 0.1941 -0.1996 -0.9783 -0.0561 -0.610363 0.770359 -0.1844 -0 0 -0
53.3716 -107.917 21.044 0.0876 0 0 -0.027 0.9996 0 0 0 0.703926 -0.710014 -0.0192041
60.6743 -107.917 21.044 0 0 0.0072 -0.016 0.9998 0 0 0 0.703926 -0.710014 -0.0192041
40.0287 -94.4584 21.408 0.0876 0 0.0054 -0.0075 1 0 0 0 0.703926 -0.710014 -0.0192041
60.6743 -107.917 15.22 0 0.1941 0 -0.2721 -0.9623 -0 0 0 0.0326215 0.961768 -0.271917
53.3716 -107.917 15.22 0.0876 0.1941 -0.016 -0.2635 -0.9645 -0 0 0 0.0326215 0.961768 -0.271917
61.1308 -94.4584 11.415 0 0.1941 -0.0213 -0.2606 -0.9652 -0 0 0 0.0326215 0.961768 -0.271917
62.5 107.917 22.5 1 0 1 -0.0075 0 0 -0.928566 0.371166 -0.00447055 -0.999684 0.0247354
61.1308 -94.4584 -11.415 0.1941 1 0.9998 -0.0112 -0.0161 0 -0.928566 0.371166 -0.00447055 -0.999684 0.0247354
61.1308 -69.4584 -21.408 0 1 0.9999 -0.0059 -0.0132 0 -0.928566 0.371166 -0.00447055 -0.999684 0.0247354
62.5 107.917 22.5 1 0 1 -0.0075 0 0 0.928566 0.371167 -0.00771887 -0.999951 -0.00615612
61.1308 -69.4584 21.408 1 1 0.9997 -0.0089 0.0208 0 0.928566 0.371167 -0.00771887 -0.999951 -0.00615612
61.1308 -94.4584 11.415 0.8059 1 0.9995 -0.0142 0.0292 0 0.928566 0.371167 -0.00771887 -0.999951 -0.00615612
53.3715 -107.917 -15.22 0.0876 0.8059 0 -0.2328 0.9725 0 0 0 0.61036 -0.770362 -0.184401
60.6743 -107.917 -15.22 0 0.8059 -0.0181 -0.2553 0.9667 0 0 0 0.61036 -0.770362 -0.184401
42.3321 -93.9834 -11.8848 0.0876 0.8059 -0.0222 -0.2603 0.9653 0 0 0 0.61036 -0.770362 -0.184401
60.6743 -107.917 -15.22 0 0.8059 0.9994 -0.0339 0 -0.0326215 -0.961768 -0.271915 0 0 0
60.6743 -107.917 -21.044 0 1 0.9996 -0.0252 -0.0121 -0.0326215 -0.961768 -0.271915 0 0 0
61.1308 -94.4584 -11.415 0 0.8059 0.9998 -0.0112 -0.0161 -0.0326215 -0.961768 -0.271915 0 0 0
53.3715 -107.917 -21.044 0.0876 1 -0.387 -0.9221 0 -0.703923 0.710016 -0.0192034 -0 0 -0
53.3715 -107.917 -15.22 0.0876 0.8059 -0.4155 -0.9089 0.0354 -0.703923 0.710016 -0.0192034 -0 0 -0
40.0287 -94.4584 -21.408 0.0876 1 -0.7376 -0.6541 0.1679 -0.703923 0.710016 -0.0192034 -0 0 -0
-52.0885 -56.4854 -21.4879 0.0731 0.9269 -0.0028 -0.0042 -1 0.644891 -0.764275 1.84335e-006 0.245485 -0.969398 0.00228878
-20.7905 -56.4854 -21.6129 0.2588 0.8124 -0.0014 -0.0047 -1 0.644891 -0.764275 1.84335e-006 0.245485 -0.969398 0.00228878
-40.0286 -94.4584 -21.408 0.0876 1 -0.0054 -0.0075 -1 0.644891 -0.764275 1.84335e-006 0.245485 -0.969398 0.00228878
-40.0286 -94.4584 -21.408 0.0876 1 -0.0054 -0.0075 -1 0.64502 -0.764166 0 0.245453 -0.969406 0.00228908
-61.1307 -69.4584 -21.408 0 1 -0.0048 -0.0053 -1 0.64502 -0.764166 0 0.245453 -0.969406 0.00228908
-52.0885 -56.4854 -21.4879 0.0731 0.9269 -0.0028 -0.0042 -1 0.64502 -0.764166 0 0.245453 -0.969406 0.00228908
59.925 84.7261 -22.3749 0.99 0.1146 0.0071 -0.0062 -1 0.645204 0.76401 1.36357e-005 -0.00771887 -0.999951 0.00615612
62.5 107.917 -22.5 1 0 0.0001 -0.0057 -1 0.645204 0.76401 1.36357e-005 -0.00771887 -0.999951 0.00615612
61.1308 -69.4584 -21.408 1 1 0.0081 -0.0074 -0.9999 0.645204 0.76401 1.36357e-005 -0.00771887 -0.999951 0.00615612
59.925 67.4679 -22.2676 0.9905 0.2128 0.0074 -0.0062 -1 0.647162 0.762353 -0.00029124 -0.00631396 -0.999961 0.00617368
59.925 84.7261 -22.3749 0.99 0.1146 0.0071 -0.0062 -1 0.647162 0.762353 -0.00029124 -0.00631396 -0.999961 0.00617368
61.1308 -69.4584 -21.408 1 1 0.0081 -0.0074 -0.9999 0.647162 0.762353 -0.00029124 -0.00631396 -0.999961 0.00617368
57.3351 61.402 -22.249 0.9799 0.2298 0.0034 -0.0058 -1 0.642659 0.766152 -5.00188e-005 -0.0107221 -0.999924 0.00613405
57.8614 66.1413 -22.2746 0.9819 0.2064 0.0039 -0.0058 -1 0.642659 0.766152 -5.00188e-005 -0.0107221 -0.999924 0.00613405
58.5984 66.1413 -22.2692 0.985 0.2114 0.0074 -0.0062 -1 0.642659 0.766152 -5.00188e-005 -0.0107221 -0.999924 0.00613405
57.3351 61.402 -22.249 0.9799 0.2298 0.0034 -0.0058 -1 0.395916 0.918283 -0.00278713 -0.157422 -0.987519 0.00499335
58.5984 66.1413 -22.2692 0.985 0.2114 0.0074 -0.0062 -1 0.395916 0.918283 -0.00278713 -0.157422 -0.987519 0.00499335
59.2617 66.8046 -22.2684 0.9906 0.2203 0.0074 -0.0062 -1 0.395916 0.918283 -0.00278713 -0.157422 -0.987519 0.00499335
57.3351 61.402 -22.249 0.9799 0.2298 0.0034 -0.0058 -1 0.23164 0.972792 -0.00434936 -0.690461 -0.72337 -0.00062052
59.2617 66.8046 -22.2684 0.9906 0.2203 0.0074 -0.0062 -1 0.23164 0.972792 -0.00434936 -0.690461 -0.72337 -0.00062052
59.925 67.4679 -22.2676 0.9905 0.2128 0.0074 -0.0062 -1 0.23164 0.972792 -0.00434936 -0.690461 -0.72337 -0.00062052
58.5985 61.402 -22.2397 0.9852 0.2384 0.0074 -0.0062 -1 0.64259 0.76621 -2.5419e-005 -0.0104032 -0.999927 0.00613477
57.3351 61.402 -22.249 0.9799 0.2298 0.0034 -0.0058 -1 0.64259 0.76621 -2.5419e-005 -0.0104032 -0.999927 0.00613477
59.925 67.4679 -22.2676 0.9905 0.2128 0.0074 -0.0062 -1 0.64259 0.76621 -2.5419e-005 -0.0104032 -0.999927 0.00613477
59.2617 60.7387 -22.2307 0.9907 0.2473 0.0074 -0.0062 -1 0.613926 0.789364 -0.000382147 -0.101984 -0.994771 0.00542759
58.5985 61.402 -22.2397 0.9852 0.2384 0.0074 -0.0062 -1 0.613926 0.789364 -0.000382147 -0.101984 -0.994771 0.00542759
59.925 67.4679 -22.2676 0.9905 0.2128 0.0074 -0.0062 -1 0.613926 0.789364 -0.000382147 -0.101984 -0.994771 0.00542759
59.925 60.0754 -22.2217 0.9908 0.2548 0.0074 -0.0062 -1 0.710585 0.703611 0.000861121 -0.345291 -0.93849 0.00328688
59.2617 60.7387 -22.2307 0.9907 0.2473 0.0074 -0.0062 -1 0.710585 0.703611 0.000861121 -0.345291 -0.93849 0.00328688
59.925 67.4679 -22.2676 0.9905 0.2128 0.0074 -0.0062 -1 0.710585 0.703611 0.000861121 -0.345291 -0.93849 0.00328688
59.925 60.0754 -22.2217 0.9908 0.2548 0.0074 -0.0062 -1 0.594637 0.803994 -0.000468516 -0.012407 -0.999904 0.00611584
59.925 67.4679 -22.2676 0.9905 0.2128 0.0074 -0.0062 -1 0.594637 0.803994 -0.000468516 -0.012407 -0.999904 0.00611584
61.1308 -69.4584 -21.408 1 1 0.0081 -0.0074 -0.9999 0.594637 0.803994 -0.000468516 -0.012407 -0.999904 0.00611584
59.925 26.9929 -22.0162 0.9918 0.4431 0.0074 -0.0062 -1 0.655081 0.755558 0.000249853 -0.00689664 -0.999957 0.00615914
59.925 60.0754 -22.2217 0.9908 0.2548 0.0074 -0.0062 -1 0.655081 0.755558 0.000249853 -0.00689664 -0.999957 0.00615914
61.1308 -69.4584 -21.408 1 1 0.0081 -0.0074 -0.9999 0.655081 0.755558 0.000249853 -0.00689664 -0.999957 0.00615914
52.8498 21.0072 -22.031 0.9624 0.4294 0.0034 -0.0058 -1 0.644356 0.764725 -1.78307e-005 -0.00848257 -0.999945 0.00616122
53.3671 25.6665 -22.0562 0.9644 0.4064 0.0039 -0.0058 -1 0.644356 0.764725 -1.78307e-005 -0.00848257 -0.999945 0.00616122
58.5985 25.6665 -22.0177 0.9863 0.4417 0.0074 -0.0062 -1 0.644356 0.764725 -1.78307e-005 -0.00848257 -0.999945 0.00616122
58.5984 21.0072 -21.9887 0.9865 0.4682 0.0074 -0.0062 -1 0.644402 0.764687 -1.69132e-005 -0.0102597 -0.999929 0.00614666
52.8498 21.0072 -22.031 0.9624 0.4294 0.0034 -0.0058 -1 0.644402 0.764687 -1.69132e-005 -0.0102597 -0.999929 0.00614666
58.5985 25.6665 -22.0177 0.9863 0.4417 0.0074 -0.0062 -1 0.644402 0.764687 -1.69132e-005 -0.0102597 -0.999929 0.00614666
58.5984 21.0072 -21.9887 0.9865 0.4682 0.0074 -0.0062 -1 0.28531 0.958427 -0.00384723 -0.00507823 -0.999968 0.00618472
58.5985 25.6665 -22.0177 0.9863 0.4417 0.0074 -0.0062 -1 0.28531 0.958427 -0.00384723 -0.00507823 -0.999968 0.00618472
59.2617 26.3296 -22.0169 0.9919 0.4506 0.0074 -0.0062 -1 0.28531 0.958427 -0.00384723 -0.00507823 -0.999968 0.00618472
58.5984 21.0072 -21.9887 0.9865 0.4682 0.0074 -0.0062 -1 -0.230781 0.972975 -0.00771104 -0.663487 -0.748187 -0.000176714
59.2617 26.3296 -22.0169 0.9919 0.4506 0.0074 -0.0062 -1 -0.230781 0.972975 -0.00771104 -0.663487 -0.748187 -0.000176714
59.925 26.9929 -22.0162 0.9918 0.4431 0.0074 -0.0062 -1 -0.230781 0.972975 -0.00771104 -0.663487 -0.748187 -0.000176714
59.2617 20.3439 -21.9797 0.992 0.4771 0.0074 -0.0062 -1 0.613543 0.789661 -0.000404225 -0.103207 -0.994645 0.00543074
58.5984 21.0072 -21.9887 0.9865 0.4682 0.0074 -0.0062 -1 0.613543 0.789661 -0.000404225 -0.103207 -0.994645 0.00543074
59.925 26.9929 -22.0162 0.9918 0.4431 0.0074 -0.0062 -1 0.613543 0.789661 -0.000404225 -0.103207 -0.994645 0.00543074
59.925 19.6806 -21.9707 0.9921 0.4847 0.0351 -0.0062 -0.9994 0.702166 0.712013 0.000730283 -0.350112 -0.936702 0.00325545
59.2617 20.3439 -21.9797 0.992 0.4771 0.0074 -0.0062 -1 0.702166 0.712013 0.000730283 -0.350112 -0.936702 0.00325545
59.925 26.9929 -22.0162 0.9918 0.4431 0.0074 -0.0062 -1 0.702166 0.712013 0.000730283 -0.350112 -0.936702 0.00325545
59.925 -13.4018 -21.7652 0.9931 0.6729 0.0074 -0.0062 -1 -0 0.966666 0.256042 -0 -0.999981 0.00618183
59.925 19.6806 -21.9707 0.9921 0.4847 0.0351 -0.0062 -0.9994 -0 0.966666 0.256042 -0 -0.999981 0.00618183
59.925 26.9929 -22.0162 0.9918 0.4431 0.0074 -0.0062 -1 -0 0.966666 0.256042 -0 -0.999981 0.00618183
59.925 -13.4018 -21.7652 0.9931 0.6729 0.0074 -0.0062 -1 0.641552 0.767079 -4.97335e-005 -0.00761428 -0.999952 0.00615758
59.925 26.9929 -22.0162 0.9918 0.4431 0.0074 -0.0062 -1 0.641552 0.767079 -4.97335e-005 -0.00761428 -0.999952 0.00615758
61.1308 -69.4584 -21.408 1 1 0.0081 -0.0074 -0.9999 0.641552 0.767079 -4.97335e-005 -0.00761428 -0.999952 0.00615758
48.2131 -20.7498 -21.8057 0.9443 0.6358 0.0034 -0.0058 -1 0.645522 0.763742 2.89772e-006 -0.00795179 -0.999949 0.00615573
48.8817 -14.7284 -21.8382 0.9469 0.606 0.0039 -0.0058 -1 0.645522 0.763742 2.89772e-006 -0.00795179 -0.999949 0.00615573
58.5984 -14.7284 -21.7667 0.9876 0.6715 0.0074 -0.0062 -1 0.645522 0.763742 2.89772e-006 -0.00795179 -0.999949 0.00615573
58.5986 -20.7498 -21.7293 0.9878 0.7058 0.0074 -0.0062 -1 0.645475 0.763781 3.75959e-006 -0.0078981 -0.99995 0.00615244
48.2131 -20.7498 -21.8057 0.9443 0.6358 0.0034 -0.0058 -1 0.645475 0.763781 3.75959e-006 -0.0078981 -0.99995 0.00615244
58.5984 -14.7284 -21.7667 0.9876 0.6715 0.0074 -0.0062 -1 0.645475 0.763781 3.75959e-006 -0.0078981 -0.99995 0.00615244
58.5986 -20.7498 -21.7293 0.9878 0.7058 0.0074 -0.0062 -1 0.283528 0.958956 -0.00384929 -0.00388787 -0.999973 0.00618178
58.5984 -14.7284 -21.7667 0.9876 0.6715 0.0074 -0.0062 -1 0.283528 0.958956 -0.00384929 -0.00388787 -0.999973 0.00618178
59.2617 -14.0651 -21.7659 0.9932 0.6805 0.0074 -0.0062 -1 0.283528 0.958956 -0.00384929 -0.00388787 -0.999973 0.00618178
58.5986 -20.7498 -21.7293 0.9878 0.7058 0.0074 -0.0062 -1 -0.326222 0.945257 -0.00821961 -0.6513 -0.75882 -2.33191e-005
59.2617 -14.0651 -21.7659 0.9932 0.6805 0.0074 -0.0062 -1 -0.326222 0.945257 -0.00821961 -0.6513 -0.75882 -2.33191e-005
59.925 -13.4018 -21.7652 0.9931 0.6729 0.0074 -0.0062 -1 -0.326222 0.945257 -0.00821961 -0.6513 -0.75882 -2.33191e-005
59.2618 -21.4131 -21.7203 0.9934 0.7147 0.0074 -0.0062 -1 0.610918 0.791694 -0.000421879 -0.0872718 -0.996169 0.00554667
58.5986 -20.7498 -21.7293 0.9878 0.7058 0.0074 -0.0062 -1 0.610918 0.791694 -0.000421879 -0.0872718 -0.996169 0.00554667
59.925 -13.4018 -21.7652 0.9931 0.6729 0.0074 -0.0062 -1 0.610918 0.791694 -0.000421879 -0.0872718 -0.996169 0.00554667
59.9251 -22.0764 -21.7113 0.9934 0.7223 0.0074 -0.0062 -1 -0.702872 -0.711316 -0.000753741 0.707074 -0.707074 0.00959682
59.2618 -21.4131 -21.7203 0.9934 0.7147 0.0074 -0.0062 -1 -0.702872 -0.711316 -0.000753741 0.707074 -0.707074 0.00959682
59.925 -13.4018 -21.7652 0.9931 0.6729 0.0074 -0.0062 -1 -0.702872 -0.711316 -0.000753741 0.707074 -0.707074 0.00959682
59.9251 -22.0764 -21.7113 0.9934 0.7223 0.0074 -0.0062 -1 0.657282 0.753645 0.000183286 -0.0083895 -0.999946 0.00615034
59.925 -13.4018 -21.7652 0.9931 0.6729 0.0074 -0.0062 -1 0.657282 0.753645 0.000183286 -0.0083895 -0.999946 0.00615034
61.1308 -69.4584 -21.408 1 1 0.0081 -0.0074 -0.9999 0.657282 0.753645 0.000183286 -0.0083895 -0.999946 0.00615034
59.9251 -55.1589 -21.5057 0.9945 0.9105 0.0074 -0.0062 -1 0.64377 0.765219 -3.80327e-005 -0.00797889 -0.999949 0.00615589
59.9251 -22.0764 -21.7113 0.9934 0.7223 0.0074 -0.0062 -1 0.64377 0.765219 -3.80327e-005 -0.00797889 -0.999949 0.00615589
61.1308 -69.4584 -21.408 1 1 0.0081 -0.0074 -0.9999 0.64377 0.765219 -3.80327e-005 -0.00797889 -0.999949 0.00615589
59.9251 -55.1589 -21.5057 0.9945 0.9105 0.0074 -0.0062 -1 0.64502 0.764166 0 -0.00751135 -0.999953 0.00615645
61.1308 -69.4584 -21.408 1 1 0.0081 -0.0074 -0.9999 0.64502 0.764166 0 -0.00751135 -0.999953 0.00615645
40.0287 -94.4584 -21.408 0.9124 1 0.0073 -0.0085 -0.9999 0.64502 0.764166 0 -0.00751135 -0.999953 0.00615645
59.2618 -55.8221 -21.5065 0.9945 0.9181 0.0074 -0.0062 -1 0.358302 0.9336 -0.0031737 -0.707159 -0.707054 -0.000845923
59.9251 -55.1589 -21.5057 0.9945 0.9105 0.0074 -0.0062 -1 0.358302 0.9336 -0.0031737 -0.707159 -0.707054 -0.000845923
40.0287 -94.4584 -21.408 0.9124 1 0.0073 -0.0085 -0.9999 0.358302 0.9336 -0.0031737 -0.707159 -0.707054 -0.000845923
58.5986 -56.4854 -21.5072 0.989 0.9091 0.0074 -0.0062 -1 0.492333 0.870405 -0.00179466 -0.308915 -0.951083 0.00360682
59.2618 -55.8221 -21.5065 0.9945 0.9181 0.0074 -0.0062 -1 0.492333 0.870405 -0.00179466 -0.308915 -0.951083 0.00360682
40.0287 -94.4584 -21.408 0.9124 1 0.0073 -0.0085 -0.9999 0.492333 0.870405 -0.00179466 -0.308915 -0.951083 0.00360682
44.2451 -56.4854 -21.6129 0.9288 0.8124 0.0039 -0.0058 -1 0.645138 0.764066 3.23085e-006 -0.00806205 -0.999949 0.00615378
58.5986 -56.4854 -21.5072 0.989 0.9091 0.0074 -0.0062 -1 0.645138 0.764066 3.23085e-006 -0.00806205 -0.999949 0.00615378
40.0287 -94.4584 -21.408 0.9124 1 0.0073 -0.0085 -0.9999 0.645138 0.764066 3.23085e-006 -0.00806205 -0.999949 0.00615378
-53.3715 -107.917 -15.22 0.9124 0.8059 0.7838 -0.621 0 -0.61036 -0.770362 -0.184401 0 0 0
-53.3715 -107.917 -21.044 0.9124 1 0.7611 -0.6455 0.0646 -0.61036 -0.770362 -0.184401 0 0 0
-42.3321 -93.9834 -11.8848 0.9124 0.8059 0.1996 -0.9783 0.0561 -0.61036 -0.770362 -0.184401 0 0 0
-53.3715 -107.917 -21.044 0.9124 1 0 -0.027 -0.9996 -0 0 0 0.703926 0.710014 -0.0192033
-60.6743 -107.917 -21.044 1 1 -0.0072 -0.016 -0.9998 -0 0 0 0.703926 0.710014 -0.0192033
-40.0286 -94.4584 -21.408 0.9124 1 -0.0054 -0.0075 -1 -0 0 0 0.703926 0.710014 -0.0192033
-60.6743 -107.917 -15.22 1 0.8059 0 -0.2721 0.9623 0 0 0 0.0326149 -0.961768 -0.271916
-53.3715 -107.917 -15.22 0.9124 0.8059 0.016 -0.2635 0.9645 0 0 0 0.0326149 -0.961768 -0.271916
-61.1307 -94.4584 -11.415 1 0.8059 0.0213 -0.2606 0.9652 0 0 0 0.0326149 -0.961768 -0.271916
-62.5 107.917 -22.5 1 0 -1 -0.0075 -0 0 -0.928566 -0.371167 0.00447095 -0.999684 -0.0247356
-61.1307 -94.4584 11.415 0.1941 1 -0.9998 -0.0112 0.0161 0 -0.928566 -0.371167 0.00447095 -0.999684 -0.0247356
-61.1307 -69.4584 21.408 0 1 -0.9999 -0.0059 0.0132 0 -0.928566 -0.371167 0.00447095 -0.999684 -0.0247356
-62.5 107.917 -22.5 1 0 -1 -0.0075 -0 0 0.928566 -0.371166 0.00771956 -0.999951 0.00615612
-61.1307 -69.4584 -21.408 1 1 -0.9997 -0.0089 -0.0208 0 0.928566 -0.371166 0.00771956 -0.999951 0.00615612
-61.1307 -94.4584 -11.415 0.8059 1 -0.9995 -0.0142 -0.0292 0 0.928566 -0.371166 0.00771956 -0.999951 0.00615612
-60.6743 -107.917 15.22 1 0.1941 -0.9994 -0.0339 0 -0.0326149 0.961768 -0.271917 -0 0 -0
-60.6743 -107.917 21.044 1 0 -0.9996 -0.0252 0.0121 -0.0326149 0.961768 -0.271917 -0 0 -0
-61.1307 -94.4584 11.415 1 0.1941 -0.9998 -0.0112 0.0161 -0.0326149 0.961768 -0.271917 -0 0 -0
-53.3715 -107.917 21.044 0.9124 0 -0.0061 -0.0107 0.9999 0 0 0 -0.703926 -0.710014 -0.0192041
-40.0286 -94.4584 21.408 0.9124 0 -0.0073 -0.0085 0.9999 0 0 0 -0.703926 -0.710014 -0.0192041
-61.1307 -69.4584 21.408 1 0 -0.0081 -0.0074 0.9999 0 0 0 -0.703926 -0.710014 -0.0192041
-53.3715 -107.917 15.22 0.9124 0.1941 0.4155 -0.9089 -0.0354 -1 0 0 -0 0 -1
-53.3715 -107.917 21.044 0.9124 0 0.387 -0.9221 0 -1 0 0 -0 0 -1
-60.6743 -107.917 21.044 1 0 0 -1 0 -1 0 0 -0 0 -1
-60.6743 -107.917 15.22 1 0.1941 0 -1 0 -1 0 0 0 0 -1
62.5 107.917 22.5 0 0 0 -0.0062 1 -1 0 0 -0.00771887 -0.999951 -0.00615612
-62.5 107.917 22.5 1 0 -0.0001 -0.0057 1 -1 0 0 -0.00771887 -0.999951 -0.00615612
61.1308 -69.4584 21.408 0 1 0.0048 -0.0053 1 -1 0 0 -0.00771887 -0.999951 -0.00615612
60.6743 -107.917 21.044 0 0 0.0072 -0.016 0.9998 0 0 0 -0.0118682 -0.999885 -0.00946406
61.1308 -69.4584 21.408 0 0 0.0048 -0.0053 1 0 0 0 -0.0118682 -0.999885 -0.00946406
40.0287 -94.4584 21.408 0.0876 0 0.0054 -0.0075 1 0 0 0 -0.0118682 -0.999885 -0.00946406
-62.5 107.917 22.5 0 0 -1 -0.0077 0 0 0 -1 0.00771956 -0.999951 -0.00615612
-62.5 107.917 -22.5 1 0 -1 -0.0075 -0 0 0 -1 0.00771956 -0.999951 -0.00615612
-61.1307 -69.4584 21.408 0 1 -0.9999 -0.0059 0.0132 0 0 -1 0.00771956 -0.999951 -0.00615612
60.6743 -107.917 15.22 0 0.1941 0 -1 0 -1 0 0 -0 0 -1
60.6743 -107.917 21.044 0 0 0 -1 0 -1 0 0 -0 0 -1
53.3716 -107.917 21.044 0.0876 0 0 -1 0 -1 0 0 -0 0 -1
53.3716 -107.917 15.22 0.0876 0.1941 0 -1 0 -1 0 0 0 0 -1
60.6743 -107.917 15.22 0 0.1941 0.9998 -0.0137 0.0117 -0.0326215 -0.961768 0.271917 0 0 0
61.1308 -94.4584 11.415 0 0.1941 0.9995 -0.0142 0.0292 -0.0326215 -0.961768 0.271917 0 0 0
61.1308 -69.4584 21.408 0 0 0.9997 -0.0089 0.0208 -0.0326215 -0.961768 0.271917 0 0 0
62.5 107.917 -22.5 0 0 1 -0.0077 0 0 0 1 -0.00771887 -0.999951 0.00615612
62.5 107.917 22.5 1 0 1 -0.0075 0 0 0 1 -0.00771887 -0.999951 0.00615612
61.1308 -69.4584 -21.408 0 1 0.9999 -0.0059 -0.0132 0 0 1 -0.00771887 -0.999951 0.00615612
60.6743 -107.917 -21.044 0 1 0.9996 -0.0252 -0.0121 -0.0118682 -0.999885 0.00946367 0 0 0
61.1308 -69.4584 -21.408 0 1 0.9999 -0.0059 -0.0132 -0.0118682 -0.999885 0.00946367 0 0 0
61.1308 -94.4584 -11.415 0 0.8059 0.9998 -0.0112 -0.0161 -0.0118682 -0.999885 0.00946367 0 0 0
53.3715 -107.917 -15.22 0.0876 0.8059 -0.4155 -0.9089 0.0354 -1 0 0 0 0 -1
53.3715 -107.917 -21.044 0.0876 1 -0.387 -0.9221 0 -1 0 0 0 0 -1
60.6743 -107.917 -21.044 0 1 0 -1 0 -1 0 0 0 0 -1
60.6743 -107.917 -15.22 0 0.8059 0 -1 0 -1 0 0 -0 0 -1
53.3715 -107.917 -21.044 0.0876 1 0.0061 -0.0107 -0.9999 -0 0 0 -0.703923 0.710016 -0.0192034
40.0287 -94.4584 -21.408 0.0876 1 0.0073 -0.0085 -0.9999 -0 0 0 -0.703923 0.710016 -0.0192034
61.1308 -69.4584 -21.408 0 1 0.0081 -0.0074 -0.9999 -0 0 0 -0.703923 0.710016 -0.0192034
-58.7483 -56.4854 -21.4879 0.0199 0.9269 0 -0.0062 -1 1 0 0 0.00838441 -0.999946 0.00615823
-52.0885 -56.4854 -21.4879 0.0731 0.9269 -0.0028 -0.0042 -1 1 0 0 0.00838441 -0.999946 0.00615823
-61.1307 -69.4584 -21.408 0 1 -0.0048 -0.0053 -1 1 0 0 0.00838441 -0.999946 0.00615823
-59.4116 -55.8221 -21.492 0.0092 0.9269 0 -0.0062 -1 0.7071 -0.7071 0.00437566 -0.0805972 -0.996728 0.00614097
-58.7483 -56.4854 -21.4879 0.0199 0.9269 0 -0.0062 -1 0.7071 -0.7071 0.00437566 -0.0805972 -0.996728 0.00614097
-61.1307 -69.4584 -21.408 0 1 -0.0048 -0.0053 -1 0.7071 -0.7071 0.00437566 -0.0805972 -0.996728 0.00614097
-60.0749 -55.1589 -21.496 0.0093 0.9194 -0 -0.0062 -1 0.752053 0.65909 -0.00413838 0.79803 -0.602607 0.00360966
-59.4116 -55.8221 -21.492 0.0092 0.9269 0 -0.0062 -1 0.752053 0.65909 -0.00413838 0.79803 -0.602607 0.00360966
-61.1307 -69.4584 -21.408 0 1 -0.0048 -0.0053 -1 0.752053 0.65909 -0.00413838 0.79803 -0.602607 0.00360966
-22.9838 -14.7284 -21.7449 0.3086 0.6914 -0.0028 -0.0042 -1 1 0 0 0.00891498 -0.999941 0.00614482
-27.1808 -20.7498 -21.7079 0.2746 0.7254 -0.0012 -0.0053 -1 1 0 0 0.00891498 -0.999941 0.00614482
-58.7483 -20.7498 -21.7079 0.0221 0.7254 -0 -0.0062 -1 1 0 0 0.00891498 -0.999941 0.00614482
-58.7485 -14.7284 -21.7449 0.0224 0.6914 0 -0.0062 -1 1 0 0 0.00625615 -0.999962 0.00614494
-22.9838 -14.7284 -21.7449 0.3086 0.6914 -0.0028 -0.0042 -1 1 0 0 0.00625615 -0.999962 0.00614494
-58.7483 -20.7498 -21.7079 0.0221 0.7254 -0 -0.0062 -1 1 0 0 0.00625615 -0.999962 0.00614494
-58.7485 -14.7284 -21.7449 0.0224 0.6914 0 -0.0062 -1 0.7071 0.7071 -0.00437566 0.00315783 -0.999976 0.00614489
-58.7483 -20.7498 -21.7079 0.0221 0.7254 -0 -0.0062 -1 0.7071 0.7071 -0.00437566 0.00315783 -0.999976 0.00614489
-59.4116 -21.4131 -21.7038 0.0115 0.7254 -0 -0.0062 -1 0.7071 0.7071 -0.00437566 0.00315783 -0.999976 0.00614489
-58.7485 -14.7284 -21.7449 0.0224 0.6914 0 -0.0062 -1 -0.537427 0.843295 -0.00517495 -0.737414 -0.675429 0.00416522
-59.4116 -21.4131 -21.7038 0.0115 0.7254 -0 -0.0062 -1 -0.537427 0.843295 -0.00517495 -0.737414 -0.675429 0.00416522
-60.0749 -22.0764 -21.6997 0.0114 0.7329 0 -0.0062 -1 -0.537427 0.843295 -0.00517495 -0.737414 -0.675429 0.00416522
-59.4118 -14.0651 -21.749 0.0118 0.6914 0 -0.0062 -1 0.707116 -0.707084 0.00437556 -0.0791457 -0.996844 0.00613464
-58.7485 -14.7284 -21.7449 0.0224 0.6914 0 -0.0062 -1 0.707116 -0.707084 0.00437556 -0.0791457 -0.996844 0.00613464
-60.0749 -22.0764 -21.6997 0.0114 0.7329 0 -0.0062 -1 0.707116 -0.707084 0.00437556 -0.0791457 -0.996844 0.00613464
-60.075 -13.4018 -21.7531 0.0119 0.684 -0 -0.0062 -1 -0.714467 -0.699656 0.00429885 -0.52622 -0.850333 0.00522818
-59.4118 -14.0651 -21.749 0.0118 0.6914 0 -0.0062 -1 -0.714467 -0.699656 0.00429885 -0.52622 -0.850333 0.00522818
-60.0749 -22.0764 -21.6997 0.0114 0.7329 0 -0.0062 -1 -0.714467 -0.699656 0.00429885 -0.52622 -0.850333 0.00522818
5.17142 25.6665 -21.9936 0.5363 0.4637 -0.0028 -0.0042 -1 1 0 0 0.00857438 -0.999944 0.00615988
1.92401 21.0072 -21.9649 0.51 0.49 -0.0012 -0.0053 -1 1 0 0 0.00857438 -0.999944 0.00615988
-58.7485 21.0072 -21.9649 0.0246 0.49 -0 -0.0062 -1 1 0 0 0.00857438 -0.999944 0.00615988
-58.7484 25.6665 -21.9936 0.0249 0.4637 0 -0.0062 -1 1 0 0 0.0080279 -0.999949 0.00615991
5.17142 25.6665 -21.9936 0.5363 0.4637 -0.0028 -0.0042 -1 1 0 0 0.0080279 -0.999949 0.00615991
-58.7485 21.0072 -21.9649 0.0246 0.49 -0 -0.0062 -1 1 0 0 0.0080279 -0.999949 0.00615991
-58.7484 25.6665 -21.9936 0.0249 0.4637 0 -0.0062 -1 0.707121 0.70708 -0.00426173 0.00402581 -0.999973 0.0061606
-58.7485 21.0072 -21.9649 0.0246 0.49 -0 -0.0062 -1 0.707121 0.70708 -0.00426173 0.00402581 -0.999973 0.0061606
-59.4118 20.3439 -21.9609 0.014 0.49 -0 -0.0062 -1 0.707121 0.70708 -0.00426173 0.00402581 -0.999973 0.0061606
-58.7484 25.6665 -21.9936 0.0249 0.4637 0 -0.0062 -1 -0.485058 0.874466 -0.00534219 -0.707035 -0.707165 0.00437606
-59.4118 20.3439 -21.9609 0.014 0.49 -0 -0.0062 -1 -0.485058 0.874466 -0.00534219 -0.707035 -0.707165 0.00437606
-60.075 19.6806 -21.9568 0.014 0.4975 0 -0.0062 -1 -0.485058 0.874466 -0.00534219 -0.707035 -0.707165 0.00437606
-59.4117 26.3296 -21.9977 0.0143 0.4637 0 -0.0062 -1 0.707157 -0.707043 0.00435974 -0.0962129 -0.995342 0.00612173
-58.7484 25.6665 -21.9936 0.0249 0.4637 0 -0.0062 -1 0.707157 -0.707043 0.00435974 -0.0962129 -0.995342 0.00612173
-60.075 19.6806 -21.9568 0.014 0.4975 0 -0.0062 -1 0.707157 -0.707043 0.00435974 -0.0962129 -0.995342 0.00612173
-60.075 26.9929 -22.0018 0.0144 0.4562 -0.0324 -0.0062 -0.9995 -0.706402 -0.707798 0.00433132 -0.494846 -0.868964 0.00533038
-59.4117 26.3296 -21.9977 0.0143 0.4637 0 -0.0062 -1 -0.706402 -0.707798 0.00433132 -0.494846 -0.868964 0.00533038
-60.075 19.6806 -21.9568 0.014 0.4975 0 -0.0062 -1 -0.706402 -0.707798 0.00433132 -0.494846 -0.868964 0.00533038
-60.075 60.0754 -22.2055 0.0164 0.2697 0 -0.0062 -1 -0 0.999967 -0.008132 -0 -0.999981 0.00611837
-60.075 26.9929 -22.0018 0.0144 0.4562 -0.0324 -0.0062 -0.9995 -0 0.999967 -0.008132 -0 -0.999981 0.00611837
-60.075 19.6806 -21.9568 0.014 0.4975 0 -0.0062 -1 -0 0.999967 -0.008132 -0 -0.999981 0.00611837
33.3826 66.1413 -22.2428 0.7645 0.2355 -0.0028 -0.0042 -1 1 0 0 0.00712204 -0.999956 0.00615875
30.0792 61.402 -22.2136 0.7378 0.2622 -0.0012 -0.0053 -1 1 0 0 0.00712204 -0.999956 0.00615875
-58.7484 61.402 -22.2136 0.0271 0.2622 -0 -0.0062 -1 1 0 0 0.00712204 -0.999956 0.00615875
-58.7484 66.1413 -22.2428 0.0274 0.2355 0 -0.0062 -1 1 0 0 0.00791143 -0.99995 0.00615872
33.3826 66.1413 -22.2428 0.7645 0.2355 -0.0028 -0.0042 -1 1 0 0 0.00791143 -0.99995 0.00615872
-58.7484 61.402 -22.2136 0.0271 0.2622 -0 -0.0062 -1 1 0 0 0.00791143 -0.99995 0.00615872
-58.7484 66.1413 -22.2428 0.0274 0.2355 0 -0.0062 -1 0.707149 0.707052 -0.00427836 0.00397661 -0.999973 0.00615929
-58.7484 61.402 -22.2136 0.0271 0.2622 -0 -0.0062 -1 0.707149 0.707052 -0.00427836 0.00397661 -0.999973 0.00615929
-59.4117 60.7387 -22.2096 0.0165 0.2622 -0 -0.0062 -1 0.707149 0.707052 -0.00427836 0.00397661 -0.999973 0.00615929
-58.7484 66.1413 -22.2428 0.0274 0.2355 0 -0.0062 -1 -0.487486 0.873115 -0.0053528 -0.730863 -0.682511 0.00420887
-59.4117 60.7387 -22.2096 0.0165 0.2622 -0 -0.0062 -1 -0.487486 0.873115 -0.0053528 -0.730863 -0.682511 0.00420887
-60.075 60.0754 -22.2055 0.0164 0.2697 0 -0.0062 -1 -0.487486 0.873115 -0.0053528 -0.730863 -0.682511 0.00420887
-59.4117 66.8046 -22.2469 0.0168 0.2355 0 -0.0062 -1 0.7071 -0.7071 0.00437566 -0.0940783 -0.995546 0.00612459
-58.7484 66.1413 -22.2428 0.0274 0.2355 0 -0.0062 -1 0.7071 -0.7071 0.00437566 -0.0940783 -0.995546 0.00612459
-60.075 60.0754 -22.2055 0.0164 0.2697 0 -0.0062 -1 0.7071 -0.7071 0.00437566 -0.0940783 -0.995546 0.00612459
-60.075 67.4679 -22.251 0.0169 0.228 -0 -0.0062 -1 -0.705511 -0.708685 0.00433872 -0.631129 -0.775663 0.00475343
-59.4117 66.8046 -22.2469 0.0168 0.2355 0 -0.0062 -1 -0.705511 -0.708685 0.00433872 -0.631129 -0.775663 0.00475343
-60.075 60.0754 -22.2055 0.0164 0.2697 0 -0.0062 -1 -0.705511 -0.708685 0.00433872 -0.631129 -0.775663 0.00475343
62.5 107.917 -22.5 1 0 0.0001 -0.0057 -1 1 0 0 0.00875235 -0.999943 0.00615904
58.2903 101.877 -22.4628 0.9659 0.0341001 -0.0012 -0.0053 -1 1 0 0 0.00875235 -0.999943 0.00615904
-58.7484 101.877 -22.4628 0.0296 0.0341001 -0 -0.0062 -1 1 0 0 0.00875235 -0.999943 0.00615904
-62.5 107.917 -22.5 0 0 0 -0.0062 -1 1 0 0 0.00854587 -0.999945 0.00615905
62.5 107.917 -22.5 1 0 0.0001 -0.0057 -1 1 0 0 0.00854587 -0.999945 0.00615905
-58.7484 101.877 -22.4628 0.0296 0.0341001 -0 -0.0062 -1 1 0 0 0.00854587 -0.999945 0.00615905
-62.5 107.917 -22.5 0 0 0 -0.0062 -1 0.7071 0.7071 -0.00435939 0.233988 -0.972221 0.00598961
-58.7484 101.877 -22.4628 0.0296 0.0341001 -0 -0.0062 -1 0.7071 0.7071 -0.00435939 0.233988 -0.972221 0.00598961
-59.4117 101.214 -22.4587 0.019 0.0341001 -0 -0.0062 -1 0.7071 0.7071 -0.00435939 0.233988 -0.972221 0.00598961
-62.5 107.917 -22.5 0 0 0 -0.0062 -1 0.859952 -0.510366 0.00313135 -0.679578 -0.73359 0.00453923
-59.4117 101.214 -22.4587 0.019 0.0341001 -0 -0.0062 -1 0.859952 -0.510366 0.00313135 -0.679578 -0.73359 0.00453923
-60.075 100.55 -22.4546 0.0189 0.0415 0 -0.0062 -1 0.859952 -0.510366 0.00313135 -0.679578 -0.73359 0.00453923
-62.5 107.917 -22.5 0 0 0 -0.0062 -1 0.999998 -0.00192916 3.72268e-005 0.00757792 -0.999952 0.00615415
-60.075 100.55 -22.4546 0.0189 0.0415 0 -0.0062 -1 0.999998 -0.00192916 3.72268e-005 0.00757792 -0.999952 0.00615415
-60.075 67.4679 -22.251 0.0169 0.228 -0 -0.0062 -1 0.999998 -0.00192916 3.72268e-005 0.00757792 -0.999952 0.00615415
-62.5 107.917 -22.5 0 0 0 -0.0062 -1 0.999927 -0.0120988 8.5313e-005 0.00835259 -0.999946 0.00615488
-60.075 67.4679 -22.251 0.0169 0.228 -0 -0.0062 -1 0.999927 -0.0120988 8.5313e-005 0.00835259 -0.999946 0.00615488
-60.075 60.0754 -22.2055 0.0164 0.2697 0 -0.0062 -1 0.999927 -0.0120988 8.5313e-005 0.00835259 -0.999946 0.00615488
-62.5 107.917 -22.5 0 0 0 -0.0062 -1 0.999977 -0.00677063 1.92593e-005 0.00748722 -0.999953 0.00615635
-60.075 60.0754 -22.2055 0.0164 0.2697 0 -0.0062 -1 0.999977 -0.00677063 1.92593e-005 0.00748722 -0.999953 0.00615635
-60.075 19.6806 -21.9568 0.014 0.4975 0 -0.0062 -1 0.999977 -0.00677063 1.92593e-005 0.00748722 -0.999953 0.00615635
-62.5 107.917 -22.5 0 0 0 -0.0062 -1 0.999985 0.00547399 -8.1248e-005 0.00785302 -0.99995 0.00615682
-60.075 19.6806 -21.9568 0.014 0.4975 0 -0.0062 -1 0.999985 0.00547399 -8.1248e-005 0.00785302 -0.99995 0.00615682
-60.075 -13.4018 -21.7531 0.0119 0.684 -0 -0.0062 -1 0.999985 0.00547399 -8.1248e-005 0.00785302 -0.99995 0.00615682
-62.5 107.917 -22.5 0 0 0 -0.0062 -1 0.999967 0.00811058 3.72137e-005 0.00740475 -0.999954 0.00615516
-60.075 -13.4018 -21.7531 0.0119 0.684 -0 -0.0062 -1 0.999967 0.00811058 3.72137e-005 0.00740475 -0.999954 0.00615516
-60.0749 -22.0764 -21.6997 0.0114 0.7329 0 -0.0062 -1 0.999967 0.00811058 3.72137e-005 0.00740475 -0.999954 0.00615516
-62.5 107.917 -22.5 0 0 0 -0.0062 -1 0.999985 0.00544849 -8.98769e-005 0.00783307 -0.99995 0.00615674
-60.0749 -22.0764 -21.6997 0.0114 0.7329 0 -0.0062 -1 0.999985 0.00544849 -8.98769e-005 0.00783307 -0.99995 0.00615674
-60.0749 -55.1589 -21.496 0.0093 0.9194 -0 -0.0062 -1 0.999985 0.00544849 -8.98769e-005 0.00783307 -0.99995 0.00615674
-62.5 107.917 -22.5 0 0 0 -0.0062 -1 0.999997 0.00263002 1.49247e-005 0.00771956 -0.999951 0.00615612
-60.0749 -55.1589 -21.496 0.0093 0.9194 -0 -0.0062 -1 0.999997 0.00263002 1.49247e-005 0.00771956 -0.999951 0.00615612
-61.1307 -69.4584 -21.408 0 1 -0.0048 -0.0053 -1 0.999997 0.00263002 1.49247e-005 0.00771956 -0.999951 0.00615612
-60.6743 -107.917 -21.044 1 1 -0.0072 -0.016 -0.9998 -0 0 0 -0.0118658 0.999885 -0.00946366
-61.1307 -69.4584 -21.408 1 1 -0.0048 -0.0053 -1 -0 0 0 -0.0118658 0.999885 -0.00946366
-40.0286 -94.4584 -21.408 0.9124 1 -0.0054 -0.0075 -1 -0 0 0 -0.0118658 0.999885 -0.00946366
59.2617 101.214 -22.4638 0.9778 0.0298 0 -0.0054 -1 -0 0 0 -0.706484 -0.707718 0.00384222
58.5984 101.877 -22.4674 0.9641 0.0298 0 -0.0054 -1 -0 0 0 -0.706484 -0.707718 0.00384222
59.4401 101.877 -22.4674 0.9728 0.0298 -0.0013 -0.0047 -1 -0 0 0 -0.706484 -0.707718 0.00384222
59.2617 101.214 -22.4638 0.9778 0.0298 0 -0.0054 -1 -0.259732 -0.965666 0.00524263 -0.385456 -0.922713 0.0049906
59.4401 101.877 -22.4674 0.9728 0.0298 -0.0013 -0.0047 -1 -0.259732 -0.965666 0.00524263 -0.385456 -0.922713 0.0049906
62.5 107.917 -22.5 1 0 0.0001 -0.0057 -1 -0.259732 -0.965666 0.00524263 -0.385456 -0.922713 0.0049906
59.925 100.55 -22.4603 0.9787 0.0364 0 -0.0054 -1 0.859388 0.511317 -0.00280543 0.494576 -0.869122 0.0046265
59.2617 101.214 -22.4638 0.9778 0.0298 0 -0.0054 -1 0.859388 0.511317 -0.00280543 0.494576 -0.869122 0.0046265
62.5 107.917 -22.5 1 0 0.0001 -0.0057 -1 0.859388 0.511317 -0.00280543 0.494576 -0.869122 0.0046265
59.925 100.55 -22.4603 0.9787 0.0364 0 -0.0054 -1 1 0.000154811 1.65324e-005 -0.0690643 -0.997598 0.00538185
62.5 107.917 -22.5 1 0 0.0001 -0.0057 -1 1 0.000154811 1.65324e-005 -0.0690643 -0.997598 0.00538185
59.925 84.7261 -22.3749 0.99 0.1146 0.0071 -0.0062 -1 1 0.000154811 1.65324e-005 -0.0690643 -0.997598 0.00538185
59.925 100.55 16.5959 1 0.0371 -0.9239 -0.3827 -0 -0 -2.73482e-006 1 -0 -1 -3.84834e-005
59.925 100.55 -22.4603 0.0917 0.0371 -0.9234 -0.3838 -0 -0 -2.73482e-006 1 -0 -1 -3.84834e-005
59.925 84.7261 -22.3749 0.0937 0.4799 -1 0 0 -0 -2.73482e-006 1 -0 -1 -3.84834e-005
59.925 67.4679 16.5959 1 0.9629 -0.9239 0.3827 -0 -0 3.22216e-005 1 -0 -1 -0
59.925 100.55 16.5959 1 0.0371 -0.9239 -0.3827 -0 -0 3.22216e-005 1 -0 -1 -0
59.925 84.7261 -22.3749 0.0937 0.4799 -1 0 0 -0 3.22216e-005 1 -0 -1 -0
59.925 67.4679 16.5959 1 0.9629 -0.9239 0.3827 -0 -0 -0 1 -0 -1 -1.17391e-005
59.925 84.7261 -22.3749 0.0937 0.4799 -1 0 0 -0 -0 1 -0 -1 -1.17391e-005
59.925 67.4679 -22.2676 0.0962 0.9629 -0.9242 0.382 -0 -0 -0 1 -0 -1 -1.17391e-005
57.8614 66.1413 -22.2746 0.0172 0.904 0 1 0 -1 0 0 -0.125059 -0 -0.992149
41.3355 66.1413 -22.2746 0.1549 0.904 0 1 0 -1 0 0 -0.125059 -0 -0.992149
33.3826 66.1413 -22.2428 0.2212 0.9032 0 1 0 -1 0 0 -0.125059 -0 -0.992149
58.5984 66.1413 16.5959 0.0111 0 -0.3827 0.9239 -0 -0.999991 -0 0.00434096 0 -0 -1
58.5984 66.1413 -22.2692 0.0111 0.9038 -0.3817 0.9243 -0 -0.999991 -0 0.00434096 0 -0 -1
57.8614 66.1413 -22.2746 0.0172 0.904 0 1 0 -0.999991 -0 0.00434096 0 -0 -1
58.5984 66.1413 16.5959 0.0111 0 -0.3827 0.9239 -0 -1 -0 -0.000106187 -0.000129522 -0 -1
57.8614 66.1413 -22.2746 0.0172 0.904 0 1 0 -1 -0 -0.000106187 -0.000129522 -0 -1
33.3826 66.1413 -22.2428 0.2212 0.9032 0 1 0 -1 -0 -0.000106187 -0.000129522 -0 -1
58.5984 66.1413 16.5959 0.0111 0 -0.3827 0.9239 -0 -1 -0 -0 -4.91287e-005 -0 -1
33.3826 66.1413 -22.2428 0.2212 0.9032 0 1 0 -1 -0 -0 -4.91287e-005 -0 -1
-58.7484 66.1413 -22.2428 0.9889 0.9032 0.3832 0.9237 -0 -1 -0 -0 -4.91287e-005 -0 -1
-58.7484 66.1413 16.5959 0.9889 0 0.3827 0.9239 0 -1 -0 -0 0 0 -1
58.5984 66.1413 16.5959 0.0111 0 -0.3827 0.9239 -0 -1 -0 -0 0 0 -1
-58.7484 66.1413 -22.2428 0.9889 0.9032 0.3832 0.9237 -0 -1 -0 -0 0 0 -1
41.3355 66.1413 -22.2746 0.8117 0.2064 -0.0014 -0.0047 -1 1 0 0 -0.0699015 -0.997539 0.00538592
57.8614 66.1413 -22.2746 0.9819 0.2064 0.0039 -0.0058 -1 1 0 0 -0.0699015 -0.997539 0.00538592
57.3351 61.402 -22.249 0.9799 0.2298 0.0034 -0.0058 -1 1 0 0 -0.0699015 -0.997539 0.00538592
57.3351 61.402 -22.249 0.9799 0.2298 0.0034 -0.0058 -1 1 -0 0 -0.068247 -0.997654 0.00538654
38.9344 61.402 -22.249 0.7903 0.2298 -0.0026 -0.0041 -1 1 -0 0 -0.068247 -0.997654 0.00538654
41.3355 66.1413 -22.2746 0.8117 0.2064 -0.0014 -0.0047 -1 1 -0 0 -0.068247 -0.997654 0.00538654
38.9344 61.402 -22.249 0.8251 0.9034 0 -1 0 1 0 0 -0.313664 -0 -0.949534
57.3351 61.402 -22.249 0.9784 0.9034 0 -1 0 1 0 0 -0.313664 -0 -0.949534
58.5985 61.402 -22.2397 0.9889 0.9032 -0.3806 -0.9247 -0 1 0 0 -0.313664 -0 -0.949534
-58.7484 61.402 16.5959 0.0111 0 0.3827 -0.9239 -0 1 -0 -0 -0 -0 -1
-58.7484 61.402 -22.2136 0.0111 0.9025 0.3821 -0.9241 0 1 -0 -0 -0 -0 -1
30.0792 61.402 -22.2136 0.7513 0.9025 0 -1 0 1 -0 -0 -0 -0 -1
-58.7484 61.402 16.5959 0.0111 0 0.3827 -0.9239 -0 1 -0 0.000376558 0.000301097 -0 -1
30.0792 61.402 -22.2136 0.7513 0.9025 0 -1 0 1 -0 0.000376558 0.000301097 -0 -1
38.9344 61.402 -22.249 0.8251 0.9034 0 -1 0 1 -0 0.000376558 0.000301097 -0 -1
-58.7484 61.402 16.5959 0.0111 0 0.3827 -0.9239 -0 1 -0 3.60361e-005 -0.000960505 -0 -1
38.9344 61.402 -22.249 0.8251 0.9034 0 -1 0 1 -0 3.60361e-005 -0.000960505 -0 -1
58.5985 61.402 -22.2397 0.9889 0.9032 -0.3806 -0.9247 -0 1 -0 3.60361e-005 -0.000960505 -0 -1
58.5984 61.402 16.5959 0.9889 0 -0.3827 -0.9239 -0 1 -0 -0 2.35744e-006 0 -1
-58.7484 61.402 16.5959 0.0111 0 0.3827 -0.9239 -0 1 -0 -0 2.35744e-006 0 -1
58.5985 61.402 -22.2397 0.9889 0.9032 -0.3806 -0.9247 -0 1 -0 -0 2.35744e-006 0 -1
59.925 26.9929 16.5959 1 0.9629 -0.9239 0.3827 -0 -0 -0 1 -0 -1 -0
59.925 60.0754 16.5959 1 0.0371 -0.9239 -0.3827 -0 -0 -0 1 -0 -1 -0
59.925 60.0754 -22.2217 0.0973 0.0371 -0.9231 -0.3846 -0 -0 -0 1 -0 -1 -0
59.925 60.0754 -22.2217 0.0973 0.0371 -0.9231 -0.3846 -0 -0 -0 1 -0 -1 0.000102777
59.925 26.9929 -22.0162 0.102 0.9629 -0.9242 0.382 -0 -0 -0 1 -0 -1 0.000102777
59.925 26.9929 16.5959 1 0.9629 -0.9239 0.3827 -0 -0 -0 1 -0 -1 0.000102777
53.3671 25.6665 -22.0562 0.0546 0.8989 0 1 0 -1 0 0 0.0257788 -0 -0.999668
20.8298 25.6665 -22.0562 0.3258 0.8989 0 1 0 -1 0 0 0.0257788 -0 -0.999668
5.17142 25.6665 -21.9936 0.4563 0.8974 0 1 0 -1 0 0 0.0257788 -0 -0.999668
58.5984 25.6665 16.5959 0.0111 0 -0.3827 0.9239 -0 -1 -0 3.81648e-005 2.371e-006 -0 -1
58.5985 25.6665 -22.0177 0.0111 0.898 -0.3817 0.9243 -0 -1 -0 3.81648e-005 2.371e-006 -0 -1
53.3671 25.6665 -22.0562 0.0546 0.8989 0 1 0 -1 -0 3.81648e-005 2.371e-006 -0 -1
58.5984 25.6665 16.5959 0.0111 0 -0.3827 0.9239 -0 -1 -0 -3.96163e-005 -0.000316207 -0 -1
53.3671 25.6665 -22.0562 0.0546 0.8989 0 1 0 -1 -0 -3.96163e-005 -0.000316207 -0 -1
5.17142 25.6665 -21.9936 0.4563 0.8974 0 1 0 -1 -0 -3.96163e-005 -0.000316207 -0 -1
58.5984 25.6665 16.5959 0.0111 0 -0.3827 0.9239 -0 -1 -0 -0 9.09464e-005 -0 -1
5.17142 25.6665 -21.9936 0.4563 0.8974 0 1 0 -1 -0 -0 9.09464e-005 -0 -1
-58.7484 25.6665 -21.9936 0.9889 0.8974 0.3832 0.9237 -0 -1 -0 -0 9.09464e-005 -0 -1
-58.7484 25.6665 16.5959 0.9889 0 0.3827 0.9239 0 -1 -0 -0 0 0 -1
58.5984 25.6665 16.5959 0.0111 0 -0.3827 0.9239 -0 -1 -0 -0 0 0 -1
-58.7484 25.6665 -21.9936 0.9889 0.8974 0.3832 0.9237 -0 -1 -0 -0 0 0 -1
20.8298 25.6665 -22.0562 0.6292 0.4064 -0.0014 -0.0047 -1 1 0 0 -0.0691872 -0.997589 0.00539395
53.3671 25.6665 -22.0562 0.9644 0.4064 0.0039 -0.0058 -1 1 0 0 -0.0691872 -0.997589 0.00539395
52.8498 21.0072 -22.031 0.9624 0.4294 0.0034 -0.0058 -1 1 0 0 -0.0691872 -0.997589 0.00539395
52.8498 21.0072 -22.031 0.9624 0.4294 0.0034 -0.0058 -1 1 -0 0 -0.0689745 -0.997604 0.00539402
18.4693 21.0072 -22.031 0.6082 0.4294 -0.0026 -0.0041 -1 1 -0 0 -0.0689745 -0.997604 0.00539402
20.8298 25.6665 -22.0562 0.6292 0.4064 -0.0014 -0.0047 -1 1 -0 0 -0.0689745 -0.997604 0.00539402
18.4693 21.0072 -22.031 0.6545 0.8983 0 -1 0 1 0 0 -0.0119612 -0 -0.999928
52.8498 21.0072 -22.031 0.941 0.8983 0 -1 0 1 0 0 -0.0119612 -0 -0.999928
58.5984 21.0072 -21.9887 0.9889 0.8973 -0.3806 -0.9247 -0 1 0 0 -0.0119612 -0 -0.999928
-58.7485 21.0072 16.5958 0.0111 0 0.3827 -0.9239 -0 1 -0 -0 -0 -0 -1
-58.7485 21.0072 -21.9649 0.0111 0.8968 0.3821 -0.9241 0 1 -0 -0 -0 -0 -1
1.92401 21.0072 -21.9649 0.5167 0.8968 0 -1 0 1 -0 -0 -0 -0 -1
-58.7485 21.0072 16.5958 0.0111 0 0.3827 -0.9239 -0 1 -0 -9.75222e-005 -0.000876328 -0 -1
1.92401 21.0072 -21.9649 0.5167 0.8968 0 -1 0 1 -0 -9.75222e-005 -0.000876328 -0 -1
18.4693 21.0072 -22.031 0.6545 0.8983 0 -1 0 1 -0 -9.75222e-005 -0.000876328 -0 -1
-58.7485 21.0072 16.5958 0.0111 0 0.3827 -0.9239 -0 1 -0 -1.74234e-005 0.000196865 -0 -1
18.4693 21.0072 -22.031 0.6545 0.8983 0 -1 0 1 -0 -1.74234e-005 0.000196865 -0 -1
58.5984 21.0072 -21.9887 0.9889 0.8973 -0.3806 -0.9247 -0 1 -0 -1.74234e-005 0.000196865 -0 -1
58.5984 21.0072 16.5958 0.9889 0 -0.3827 -0.9239 -0 1 -0 -0 -0 0 -1
58.5984 21.0072 -21.9887 0.9889 0.8973 -0.3806 -0.9247 -0 1 -0 -0 -0 0 -1
59.925 -13.4018 16.5958 1 0.9629 -0.9239 0.3827 -0 -0 -0 1 -0 -1 -0
59.925 19.6806 16.5958 1 0.0371 -0.9239 -0.3827 -0 -0 -0 1 -0 -1 -0
59.925 19.6806 -21.9707 0.1031 0.0371 -0.9231 -0.3846 -0 -0 -0 1 -0 -1 -0
59.925 19.6806 -21.9707 0.1031 0.0371 -0.9231 -0.3846 -0 -0 -0 1 -0 -1 -2.71543e-005
59.925 -13.4018 -21.7652 0.1079 0.9629 -0.9242 0.382 -0 -0 -0 1 -0 -1 -2.71543e-005
59.925 -13.4018 16.5958 1 0.9629 -0.9239 0.3827 -0 -0 -0 1 -0 -1 -2.71543e-005
48.8817 -14.7284 -21.8382 0.092 0.8938 0 1 0 -1 0 0 -0.0425402 -0 -0.999095
0.364716 -14.7284 -21.8382 0.4963 0.8938 0 1 0 -1 0 0 -0.0425402 -0 -0.999095
-22.9838 -14.7284 -21.7449 0.6909 0.8916 0 1 0 -1 0 0 -0.0425402 -0 -0.999095
58.5984 -14.7284 16.5958 0.0111 0 -0.3827 0.9239 -0 -1 -0 -0.000276777 0 -0 -1
58.5984 -14.7284 -21.7667 0.0111 0.8922 -0.3817 0.9243 -0 -1 -0 -0.000276777 0 -0 -1
48.8817 -14.7284 -21.8382 0.092 0.8938 0 1 0 -1 -0 -0.000276777 0 -0 -1
58.5984 -14.7284 16.5958 0.0111 0 -0.3827 0.9239 -0 -1 -0 -1.82261e-005 -0.000235212 -0 -1
48.8817 -14.7284 -21.8382 0.092 0.8938 0 1 0 -1 -0 -1.82261e-005 -0.000235212 -0 -1
-22.9838 -14.7284 -21.7449 0.6909 0.8916 0 1 0 -1 -0 -1.82261e-005 -0.000235212 -0 -1
58.5984 -14.7284 16.5958 0.0111 0 -0.3827 0.9239 -0 -1 -0 -0 0.000116856 -0 -1
-22.9838 -14.7284 -21.7449 0.6909 0.8916 0 1 0 -1 -0 -0 0.000116856 -0 -1
-58.7485 -14.7284 -21.7449 0.9889 0.8916 0.3832 0.9237 -0 -1 -0 -0 0.000116856 -0 -1
-58.7485 -14.7284 16.5958 0.9889 0 0.3827 0.9239 0 -1 -0 -0 0 0 -1
58.5984 -14.7284 16.5958 0.0111 0 -0.3827 0.9239 -0 -1 -0 -0 0 0 -1
-58.7485 -14.7284 -21.7449 0.9889 0.8916 0.3832 0.9237 -0 -1 -0 -0 0 0 -1
0.364716 -14.7284 -21.8382 0.4471 0.606 -0.0014 -0.0047 -1 1 0 0 -0.0689573 -0.997605 0.00538469
48.8817 -14.7284 -21.8382 0.9469 0.606 0.0039 -0.0058 -1 1 0 0 -0.0689573 -0.997605 0.00538469
48.2131 -20.7498 -21.8057 0.9443 0.6358 0.0034 -0.0058 -1 1 0 0 -0.0689573 -0.997605 0.00538469
48.2131 -20.7498 -21.8057 0.9443 0.6358 0.0034 -0.0058 -1 1 -0 0 -0.0680192 -0.997669 0.00538504
-2.68588 -20.7498 -21.8057 0.4199 0.6358 -0.0026 -0.0041 -1 1 -0 0 -0.0680192 -0.997669 0.00538504
0.364716 -14.7284 -21.8382 0.4471 0.606 -0.0014 -0.0047 -1 1 -0 0 -0.0680192 -0.997669 0.00538504
-60.6743 -107.917 -15.22 1 0.8059 0 -1 0 -1 0 0 0 0 -1
-60.6743 -107.917 -21.044 1 1 0 -1 0 -1 0 0 0 0 -1
-53.3715 -107.917 -21.044 0.9124 1 0 -1 0 -1 0 0 0 0 -1
-53.3715 -107.917 -15.22 0.9124 0.8059 0 -1 0 -1 0 0 -0 0 -1
-60.6743 -107.917 -15.22 1 0.8059 -0.9998 -0.0137 -0.0117 -0.032615 0.961768 0.271916 0 0 -0
-61.1307 -94.4584 -11.415 1 0.8059 -0.9995 -0.0142 -0.0292 -0.032615 0.961768 0.271916 0 0 -0
-61.1307 -69.4584 -21.408 1 1 -0.9997 -0.0089 -0.0208 -0.032615 0.961768 0.271916 0 0 -0
-60.6743 -107.917 21.044 1 0 -0.9996 -0.0252 0.0121 -0.0118658 0.999885 0.00946406 0 0 -0
-61.1307 -69.4584 21.408 1 0 -0.9999 -0.0059 0.0132 -0.0118658 0.999885 0.00946406 0 0 -0
-61.1307 -94.4584 11.415 1 0.1941 -0.9998 -0.0112 0.0161 -0.0118658 0.999885 0.00946406 0 0 -0
-60.6743 -107.917 21.044 1 0 0 -0.0095 1 0 0 0 0.0118658 -0.999885 -0.00946406
-53.3715 -107.917 21.044 0.9124 0 -0.0061 -0.0107 0.9999 0 0 0 0.0118658 -0.999885 -0.00946406
-61.1307 -69.4584 21.408 1 0 -0.0081 -0.0074 0.9999 0 0 0 0.0118658 -0.999885 -0.00946406
-62.5 107.917 22.5 0 0 0 1 0 1 0 0 0 0 -1
62.5 107.917 22.5 1 0 0 1 0 1 0 0 0 0 -1
62.5 107.917 -22.5 1 1 0 1 0 1 0 0 0 0 -1
-62.5 107.917 -22.5 0 1 0 1 0 1 -0 -0 0 0 -1
60.6743 -107.917 21.044 0 0 0.9999 -0.0119 0 -0.0118682 -0.999885 -0.00946406 0 0 0
60.6743 -107.917 15.22 0 0.1941 0.9998 -0.0137 0.0117 -0.0118682 -0.999885 -0.00946406 0 0 0
61.1308 -69.4584 21.408 0 0 0.9997 -0.0089 0.0208 -0.0118682 -0.999885 -0.00946406 0 0 0
60.6743 -107.917 -21.044 0 1 0 -0.0095 -1 -0 0 0 0.0118682 0.999885 -0.00946367
53.3715 -107.917 -21.044 0.0876 1 0.0061 -0.0107 -0.9999 -0 0 0 0.0118682 0.999885 -0.00946367
61.1308 -69.4584 -21.408 0 1 0.0081 -0.0074 -0.9999 -0 0 0 0.0118682 0.999885 -0.00946367
-22.9838 -14.7284 -21.7449 0.3086 0.6914 -0.0028 -0.0042 -1 0.646071 -0.763277 -6.68657e-006 0.246995 -0.969014 0.00228189
0.364716 -14.7284 -21.8382 0.4471 0.606 -0.0014 -0.0047 -1 0.646071 -0.763277 -6.68657e-006 0.246995 -0.969014 0.00228189
-2.68588 -20.7498 -21.8057 0.4199 0.6358 -0.0026 -0.0041 -1 0.646071 -0.763277 -6.68657e-006 0.246995 -0.969014 0.00228189
-2.68588 -20.7498 -21.8057 0.4199 0.6358 -0.0026 -0.0041 -1 0.646158 -0.763204 -1.35111e-005 0.246991 -0.969015 0.00227215
-27.1808 -20.7498 -21.7079 0.2746 0.7254 -0.0012 -0.0053 -1 0.646158 -0.763204 -1.35111e-005 0.246991 -0.969015 0.00227215
-22.9838 -14.7284 -21.7449 0.3086 0.6914 -0.0028 -0.0042 -1 0.646158 -0.763204 -1.35111e-005 0.246991 -0.969015 0.00227215
-60.075 19.6806 16.5958 0 0.0371 0.9239 -0.3827 -0 -0 -0 -1 -0 -1 0
-60.075 -13.4018 16.5958 0 0.9629 0.9239 0.3827 -0 -0 -0 -1 -0 -1 0
-60.075 -13.4018 -21.7531 0.8918 0.9629 0.9244 0.3814 -0 -0 -0 -1 -0 -1 0
-60.075 -13.4018 -21.7531 0.8918 0.9629 0.9244 0.3814 -0 -0 -0 -1 -0 -1 -8.13017e-005
-60.075 19.6806 -21.9568 0.8966 0.0371 0.9233 -0.384 -0 -0 -0 -1 -0 -1 -8.13017e-005
-60.075 19.6806 16.5958 0 0.0371 0.9239 -0.3827 -0 -0 -0 -1 -0 -1 -8.13017e-005
5.17142 25.6665 -21.9936 0.5363 0.4637 -0.0028 -0.0042 -1 0.644248 -0.764817 1.12051e-005 0.245326 -0.969438 0.00229781
20.8298 25.6665 -22.0562 0.6292 0.4064 -0.0014 -0.0047 -1 0.644248 -0.764817 1.12051e-005 0.245326 -0.969438 0.00229781
18.4693 21.0072 -22.031 0.6082 0.4294 -0.0026 -0.0041 -1 0.644248 -0.764817 1.12051e-005 0.245326 -0.969438 0.00229781
18.4693 21.0072 -22.031 0.6082 0.4294 -0.0026 -0.0041 -1 0.645055 -0.764136 2.36045e-006 0.246244 -0.969205 0.00228791
1.92401 21.0072 -21.9649 0.51 0.49 -0.0012 -0.0053 -1 0.645055 -0.764136 2.36045e-006 0.246244 -0.969205 0.00228791
5.17142 25.6665 -21.9936 0.5363 0.4637 -0.0028 -0.0042 -1 0.645055 -0.764136 2.36045e-006 0.246244 -0.969205 0.00228791
-60.075 60.0754 16.5959 0 0.0371 0.9239 -0.3827 -0 -0 -0 -1 -0 -1 0
-60.075 26.9929 16.5959 0 0.9629 0.9239 0.3827 -0 -0 -0 -1 -0 -1 0
-60.075 26.9929 -22.0018 0.8976 0.9629 0.9244 0.3814 -0 -0 -0 -1 -0 -1 0
-60.075 26.9929 -22.0018 0.8976 0.9629 0.9244 0.3814 -0 -0 -0 -1 -0 -1 -8.12076e-005
-60.075 60.0754 -22.2055 0.9024 0.0371 0.9233 -0.384 -0 -0 -0 -1 -0 -1 -8.12076e-005
-60.075 60.0754 16.5959 0 0.0371 0.9239 -0.3827 -0 -0 -0 -1 -0 -1 -8.12076e-005
33.3826 66.1413 -22.2428 0.7645 0.2355 -0.0028 -0.0042 -1 0.644416 -0.764675 2.96816e-006 0.246352 -0.969178 0.00228449
41.3355 66.1413 -22.2746 0.8117 0.2064 -0.0014 -0.0047 -1 0.644416 -0.764675 2.96816e-006 0.246352 -0.969178 0.00228449
38.9344 61.402 -22.249 0.7903 0.2298 -0.0026 -0.0041 -1 0.644416 -0.764675 2.96816e-006 0.246352 -0.969178 0.00228449
38.9344 61.402 -22.249 0.7903 0.2298 -0.0026 -0.0041 -1 0.644409 -0.764681 2.82493e-006 0.245476 -0.9694 0.00228808
30.0792 61.402 -22.2136 0.7378 0.2622 -0.0012 -0.0053 -1 0.644409 -0.764681 2.82493e-006 0.245476 -0.9694 0.00228808
33.3826 66.1413 -22.2428 0.7645 0.2355 -0.0028 -0.0042 -1 0.644409 -0.764681 2.82493e-006 0.245476 -0.9694 0.00228808
-60.075 100.55 16.5959 0 0.0371 0.9239 -0.3827 -0 -0 -0 -1 -0 -1 0
-60.075 67.4679 16.5959 0 0.9629 0.9239 0.3827 -0 -0 -0 -1 -0 -1 0
-60.075 67.4679 -22.251 0.9034 0.9629 0.9244 0.3814 -0 -0 -0 -1 -0 -1 0
-60.075 67.4679 -22.251 0.9034 0.9629 0.9244 0.3814 -0 -0 2.7434e-006 -1 -0 -1 -8.43903e-005
-60.075 100.55 -22.4546 0.9082 0.0371 0.9233 -0.384 -0 -0 2.7434e-006 -1 -0 -1 -8.43903e-005
-60.075 100.55 16.5959 0 0.0371 0.9239 -0.3827 -0 -0 2.7434e-006 -1 -0 -1 -8.43903e-005
-58.7484 101.877 16.5959 0.0111 0 0.3827 -0.9239 0 1 -0 -0 -0 -0 -1
-58.7484 101.877 -22.4628 0.0111 0.9083 0.3822 -0.9241 0 1 -0 -0 -0 -0 -1
58.2903 101.877 -22.4628 0.9864 0.9083 0 -1 0 1 -0 -0 -0 -0 -1
-58.7484 101.877 16.5959 0.0111 0 0.3827 -0.9239 0 1 -0 -0.000269665 0.00582798 -0 -0.999983
58.2903 101.877 -22.4628 0.9864 0.9083 0 -1 0 1 -0 -0.000269665 0.00582798 -0 -0.999983
59.4401 101.877 -22.4674 0.996 0.9084 0 1 0 1 -0 -0.000269665 0.00582798 -0 -0.999983
-58.7484 101.877 16.5959 0.0111 0 0.3827 -0.9239 0 1 0 0 0.0365612 0 -0.999331
59.4401 101.877 -22.4674 0.996 0.9084 0 1 0 1 0 0 0.0365612 0 -0.999331
58.5984 101.877 -22.4674 0.9889 0.9084 -0.9228 0.3854 0 1 0 0 0.0365612 0 -0.999331
58.5984 101.877 16.5959 0.9889 0 -0.3827 -0.9239 0 1 -0 -0 -0 0 -1
58.5984 101.877 -22.4674 0.9889 0.9084 -0.9228 0.3854 0 1 -0 -0 -0 0 -1
58.2903 101.877 -22.4628 0.9659 0.0341001 -0.0012 -0.0053 -1 0.630687 -0.776038 8.4498e-005 0.236889 -0.971534 0.00232078
62.5 107.917 -22.5 1 0 0.0001 -0.0057 -1 0.630687 -0.776038 8.4498e-005 0.236889 -0.971534 0.00232078
59.4401 101.877 -22.4674 0.9728 0.0298 -0.0013 -0.0047 -1 0.630687 -0.776038 8.4498e-005 0.236889 -0.971534 0.00232078
-60.6743 -107.917 -21.044 1 1 -0.9999 -0.0119 0 -0.0118658 0.999885 -0.00946367 -0 0 -0
-60.6743 -107.917 -15.22 1 0.8059 -0.9998 -0.0137 -0.0117 -0.0118658 0.999885 -0.00946367 -0 0 -0
-61.1307 -69.4584 -21.408 1 1 -0.9997 -0.0089 -0.0208 -0.0118658 0.999885 -0.00946367 -0 0 -0
59.925 100.55 16.5959 0 0.0371 0 0 -1 0.707573 -0.70664 0 -0 0 0
59.925 67.4679 16.5959 0 0.9629 0 0 -1 0.707573 -0.70664 0 -0 0 0
59.2617 66.8046 16.5959 0 1 0 0 -1 0.707573 -0.70664 0 -0 0 0
59.925 100.55 16.5959 0 0.0371 0 0 -1 -0.707107 -0.707107 -0 -0.019652 -0.999807 -0
59.2617 66.8046 16.5959 0 1 0 0 -1 -0.707107 -0.707107 -0 -0.019652 -0.999807 -0
58.5984 66.1413 16.5959 0.0111 1 0 0 -1 -0.707107 -0.707107 -0 -0.019652 -0.999807 -0
-58.7484 101.877 16.5959 0.9889 0 0 0 -1 0 0 0 0.710029 0.704172 0
58.5984 101.877 16.5959 0.0111 0 0 0 -1 0 0 0 0.710029 0.704172 0
59.2617 101.214 16.5959 0 0 0 0 -1 0 0 0 0.710029 0.704172 0
-58.7484 101.877 16.5959 0.9889 0 0 0 -1 -0.999984 0.00562061 -0 0.707107 -0.707107 -0
59.2617 101.214 16.5959 0 0 0 0 -1 -0.999984 0.00562061 -0 0.707107 -0.707107 -0
59.925 100.55 16.5959 0 0.0371 0 0 -1 -0.999984 0.00562061 -0 0.707107 -0.707107 -0
-60.075 67.4679 16.5959 1 0.9629 0 0 -1 0.707574 -0.706639 0 0 0 0
-60.075 100.55 16.5959 1 0.0371 0 0 -1 0.707574 -0.706639 0 0 0 0
-59.4117 101.214 16.5959 1 0 0 0 -1 0.707574 -0.706639 0 0 0 0
-60.075 67.4679 16.5959 1 0.9629 0 0 -1 -0.707107 -0.707107 -0 -0.019652 -0.999807 -0
-59.4117 101.214 16.5959 1 0 0 0 -1 -0.707107 -0.707107 -0 -0.019652 -0.999807 -0
-58.7484 101.877 16.5959 0.9889 0 0 0 -1 -0.707107 -0.707107 -0 -0.019652 -0.999807 -0
-60.075 67.4679 16.5959 1 0.9629 0 0 -1 -1 7.09084e-006 -0 0.000158634 -1 -0
-58.7484 101.877 16.5959 0.9889 0 0 0 -1 -1 7.09084e-006 -0 0.000158634 -1 -0
59.925 100.55 16.5959 0 0.0371 0 0 -1 -1 7.09084e-006 -0 0.000158634 -1 -0
-60.075 67.4679 16.5959 1 0.9629 0 0 -1 -1 7.06789e-006 -0 0.000158676 -1 -0
59.925 100.55 16.5959 0 0.0371 0 0 -1 -1 7.06789e-006 -0 0.000158676 -1 -0
58.5984 66.1413 16.5959 0.0111 1 0 0 -1 -1 7.06789e-006 -0 0.000158676 -1 -0
-59.4117 66.8046 16.5959 1 1 0 0 -1 -0.999984 0.00562061 -0 0.707107 -0.707107 -0
-60.075 67.4679 16.5959 1 0.9629 0 0 -1 -0.999984 0.00562061 -0 0.707107 -0.707107 -0
58.5984 66.1413 16.5959 0.0111 1 0 0 -1 -0.999984 0.00562061 -0 0.707107 -0.707107 -0
-58.7484 66.1413 16.5959 0.9889 1 0 0 -1 -0 0 0 0.710032 0.704169 0
-59.4117 66.8046 16.5959 1 1 0 0 -1 -0 0 0 0.710032 0.704169 0
58.5984 66.1413 16.5959 0.0111 1 0 0 -1 -0 0 0 0.710032 0.704169 0
59.925 60.0754 16.5959 0 0.0371 0 0 -1 0.707569 -0.706644 0 -0 0 0
59.925 26.9929 16.5959 0 0.9629 0 0 -1 0.707569 -0.706644 0 -0 0 0
59.2617 26.3296 16.5959 0 1 0 0 -1 0.707569 -0.706644 0 -0 0 0
59.925 60.0754 16.5959 0 0.0371 0 0 -1 -0.707164 -0.70705 -0 -0.019652 -0.999807 -0
59.2617 26.3296 16.5959 0 1 0 0 -1 -0.707164 -0.70705 -0 -0.019652 -0.999807 -0
58.5984 25.6665 16.5959 0.0111 1 0 0 -1 -0.707164 -0.70705 -0 -0.019652 -0.999807 -0
-58.7484 61.402 16.5959 0.9889 0 0 0 -1 0 0 0 0.710021 0.70418 0
58.5984 61.402 16.5959 0.0111 0 0 0 -1 0 0 0 0.710021 0.70418 0
59.2617 60.7386 16.5959 0 0 0 0 -1 0 0 0 0.710021 0.70418 0
-58.7484 61.402 16.5959 0.9889 0 0 0 -1 -0.999984 0.00562074 -0 0.707164 -0.70705 -0
59.2617 60.7386 16.5959 0 0 0 0 -1 -0.999984 0.00562074 -0 0.707164 -0.70705 -0
59.925 60.0754 16.5959 0 0.0371 0 0 -1 -0.999984 0.00562074 -0 0.707164 -0.70705 -0
-60.075 26.9929 16.5959 1 0.9629 0 0 -1 0.707515 -0.706699 0 0 0 0
-60.075 60.0754 16.5959 1 0.0371 0 0 -1 0.707515 -0.706699 0 0 0 0
-59.4117 60.7386 16.5959 1 0 0 0 -1 0.707515 -0.706699 0 0 0 0
-60.075 26.9929 16.5959 1 0.9629 0 0 -1 -0.707098 -0.707115 -0 -0.019652 -0.999807 -0
-59.4117 60.7386 16.5959 1 0 0 0 -1 -0.707098 -0.707115 -0 -0.019652 -0.999807 -0
-58.7484 61.402 16.5959 0.9889 0 0 0 -1 -0.707098 -0.707115 -0 -0.019652 -0.999807 -0
-60.075 26.9929 16.5959 1 0.9629 0 0 -1 -1 6.30667e-006 -0 0.000158634 -1 -0
-58.7484 61.402 16.5959 0.9889 0 0 0 -1 -1 6.30667e-006 -0 0.000158634 -1 -0
59.925 60.0754 16.5959 0 0.0371 0 0 -1 -1 6.30667e-006 -0 0.000158634 -1 -0
-60.075 26.9929 16.5959 1 0.9629 0 0 -1 -1 6.16798e-006 -0 0.000158676 -1 -0
59.925 60.0754 16.5959 0 0.0371 0 0 -1 -1 6.16798e-006 -0 0.000158676 -1 -0
58.5984 25.6665 16.5959 0.0111 1 0 0 -1 -1 6.16798e-006 -0 0.000158676 -1 -0
-59.4117 26.3296 16.5959 1 1 0 0 -1 -0.999984 0.00561971 -0 0.707107 -0.707107 -0
-60.075 26.9929 16.5959 1 0.9629 0 0 -1 -0.999984 0.00561971 -0 0.707107 -0.707107 -0
58.5984 25.6665 16.5959 0.0111 1 0 0 -1 -0.999984 0.00561971 -0 0.707107 -0.707107 -0
-58.7484 25.6665 16.5959 0.9889 1 0 0 -1 -0 0 0 0.710089 0.704112 0
-59.4117 26.3296 16.5959 1 1 0 0 -1 -0 0 0 0.710089 0.704112 0
58.5984 25.6665 16.5959 0.0111 1 0 0 -1 -0 0 0 0.710089 0.704112 0
59.925 19.6806 16.5958 0 0.0371 0 0 -1 0.707572 -0.706642 0 -0 0 0
59.925 -13.4018 16.5958 0 0.9629 0 0 -1 0.707572 -0.706642 0 -0 0 0
59.2617 -14.0651 16.5958 0 1 0 0 -1 0.707572 -0.706642 0 -0 0 0
59.925 19.6806 16.5958 0 0.0371 0 0 -1 -0.707107 -0.707107 -0 -0.019652 -0.999807 -0
59.2617 -14.0651 16.5958 0 1 0 0 -1 -0.707107 -0.707107 -0 -0.019652 -0.999807 -0
58.5984 -14.7284 16.5958 0.0111 1 0 0 -1 -0.707107 -0.707107 -0 -0.019652 -0.999807 -0
-58.7485 21.0072 16.5958 0.9889 0 0 0 -1 0 0 0 0.710037 0.704164 0
58.5984 21.0072 16.5958 0.0111 0 0 0 -1 0 0 0 0.710037 0.704164 0
59.2617 20.3439 16.5958 0 0 0 0 -1 0 0 0 0.710037 0.704164 0
-58.7485 21.0072 16.5958 0.9889 0 0 0 -1 -0.999984 0.00562054 -0 0.707107 -0.707107 -0
59.2617 20.3439 16.5958 0 0 0 0 -1 -0.999984 0.00562054 -0 0.707107 -0.707107 -0
59.925 19.6806 16.5958 0 0.0371 0 0 -1 -0.999984 0.00562054 -0 0.707107 -0.707107 -0
-60.075 -13.4018 16.5958 1 0.9629 0 0 -1 0.707508 -0.706706 0 0 0 0
-60.075 19.6806 16.5958 1 0.0371 0 0 -1 0.707508 -0.706706 0 0 0 0
-59.4118 20.3439 16.5958 1 0 0 0 -1 0.707508 -0.706706 0 0 0 0
-60.075 -13.4018 16.5958 1 0.9629 0 0 -1 -0.707127 -0.707086 -0 -0.0196484 -0.999807 -0
-59.4118 20.3439 16.5958 1 0 0 0 -1 -0.707127 -0.707086 -0 -0.0196484 -0.999807 -0
-58.7485 21.0072 16.5958 0.9889 0 0 0 -1 -0.707127 -0.707086 -0 -0.0196484 -0.999807 -0
-60.075 -13.4018 16.5958 1 0.9629 0 0 -1 -1 7.02409e-006 -0 0.000161323 -1 -0
-58.7485 21.0072 16.5958 0.9889 0 0 0 -1 -1 7.02409e-006 -0 0.000161323 -1 -0
59.925 19.6806 16.5958 0 0.0371 0 0 -1 -1 7.02409e-006 -0 0.000161323 -1 -0
-60.075 -13.4018 16.5958 1 0.9629 0 0 -1 -1 7.06581e-006 -0 0.000158676 -1 -0
59.925 19.6806 16.5958 0 0.0371 0 0 -1 -1 7.06581e-006 -0 0.000158676 -1 -0
58.5984 -14.7284 16.5958 0.0111 1 0 0 -1 -1 7.06581e-006 -0 0.000158676 -1 -0
-59.4118 -14.0651 16.5958 1 1 0 0 -1 -0.999984 0.00562061 -0 0.707042 -0.707172 -0
-60.075 -13.4018 16.5958 1 0.9629 0 0 -1 -0.999984 0.00562061 -0 0.707042 -0.707172 -0
58.5984 -14.7284 16.5958 0.0111 1 0 0 -1 -0.999984 0.00562061 -0 0.707042 -0.707172 -0
-58.7485 -14.7284 16.5958 0.9889 1 0 0 -1 -0 0 0 0.710017 0.704185 0
-59.4118 -14.0651 16.5958 1 1 0 0 -1 -0 0 0 0.710017 0.704185 0
58.5984 -14.7284 16.5958 0.0111 1 0 0 -1 -0 0 0 0.710017 0.704185 0
44.2451 -56.4854 -21.6129 0.1307 0.8886 0 1 0 -1 0 0 -0.0132894 -0 -0.999912
-20.7905 -56.4854 -21.6129 0.6726 0.8886 0 1 0 -1 0 0 -0.0132894 -0 -0.999912
-52.0885 -56.4854 -21.4879 0.9334 0.8857 0 1 0 -1 0 0 -0.0132894 -0 -0.999912
58.5985 -56.4854 16.5959 0.0111 0 -0.3827 0.9239 -0 -1 -0 0.000125671 2.40276e-006 -0 -1
58.5986 -56.4854 -21.5072 0.0111 0.8861 -0.3817 0.9243 -0 -1 -0 0.000125671 2.40276e-006 -0 -1
44.2451 -56.4854 -21.6129 0.1307 0.8886 0 1 0 -1 -0 0.000125671 2.40276e-006 -0 -1
58.5985 -56.4854 16.5959 0.0111 0 -0.3827 0.9239 -0 -1 -0 3.1179e-006 1.0567e-006 -0 -1
44.2451 -56.4854 -21.6129 0.1307 0.8886 0 1 0 -1 -0 3.1179e-006 1.0567e-006 -0 -1
-52.0885 -56.4854 -21.4879 0.9334 0.8857 0 1 0 -1 -0 3.1179e-006 1.0567e-006 -0 -1
58.5985 -56.4854 16.5959 0.0111 0 -0.3827 0.9239 -0 -1 -0 -0 -0.000382616 -0 -1
-52.0885 -56.4854 -21.4879 0.9334 0.8857 0 1 0 -1 -0 -0 -0.000382616 -0 -1
-58.7483 -56.4854 -21.4879 0.9889 0.8857 0.3832 0.9237 -0 -1 -0 -0 -0.000382616 -0 -1
-58.7483 -56.4854 16.5959 0.9889 0 0.3827 0.9239 0 -1 -0 -0 0 0 -1
58.5985 -56.4854 16.5959 0.0111 0 -0.3827 0.9239 -0 -1 -0 -0 0 0 -1
-58.7483 -56.4854 -21.4879 0.9889 0.8857 0.3832 0.9237 -0 -1 -0 -0 0 0 -1
-60.0749 -22.0764 16.5959 0 0.0371 0.9239 -0.3827 -0 -0 -2.65019e-006 -1 -0 -1 0
-60.0749 -55.1588 16.5959 0 0.9629 0.9239 0.3827 -0 -0 -2.65019e-006 -1 -0 -1 0
-60.0749 -55.1589 -21.496 0.8859 0.9629 0.9244 0.3814 -0 -0 -2.65019e-006 -1 -0 -1 0
-60.0749 -55.1589 -21.496 0.8859 0.9629 0.9244 0.3814 -0 -0 -0 -1 -0 -1 4.84568e-005
-60.0749 -22.0764 -21.6997 0.8906 0.0371 0.9233 -0.384 -0 -0 -0 -1 -0 -1 4.84568e-005
-60.0749 -22.0764 16.5959 0 0.0371 0.9239 -0.3827 -0 -0 -0 -1 -0 -1 4.84568e-005
59.9251 -22.0764 16.5959 0 0.0371 0 0 -1 0.707573 -0.70664 0 -0 0 0
59.9251 -55.1588 16.5959 0 0.9629 0 0 -1 0.707573 -0.70664 0 -0 0 0
59.2618 -55.8221 16.5959 0 1 0 0 -1 0.707573 -0.70664 0 -0 0 0
59.9251 -22.0764 16.5959 0 0.0371 0 0 -1 -0.707107 -0.707107 -0 -0.019652 -0.999807 -0
59.2618 -55.8221 16.5959 0 1 0 0 -1 -0.707107 -0.707107 -0 -0.019652 -0.999807 -0
58.5985 -56.4854 16.5959 0.0111 1 0 0 -1 -0.707107 -0.707107 -0 -0.019652 -0.999807 -0
-58.7483 -20.7498 16.5959 0.9889 0 0 0 -1 0 0 0 0.710029 0.704172 0
58.5985 -20.7498 16.5959 0.0111 0 0 0 -1 0 0 0 0.710029 0.704172 0
59.2618 -21.4131 16.5959 0 0 0 0 -1 0 0 0 0.710029 0.704172 0
-58.7483 -20.7498 16.5959 0.9889 0 0 0 -1 -0.999984 0.00562061 -0 0.707107 -0.707107 -0
59.2618 -21.4131 16.5959 0 0 0 0 -1 -0.999984 0.00562061 -0 0.707107 -0.707107 -0
59.9251 -22.0764 16.5959 0 0.0371 0 0 -1 -0.999984 0.00562061 -0 0.707107 -0.707107 -0
-60.0749 -55.1588 16.5959 1 0.9629 0 0 -1 0.707574 -0.706639 0 0 0 0
-60.0749 -22.0764 16.5959 1 0.0371 0 0 -1 0.707574 -0.706639 0 0 0 0
-59.4116 -21.4131 16.5959 1 0 0 0 -1 0.707574 -0.706639 0 0 0 0
-60.0749 -55.1588 16.5959 1 0.9629 0 0 -1 -0.707107 -0.707107 -0 -0.019652 -0.999807 -0
-59.4116 -21.4131 16.5959 1 0 0 0 -1 -0.707107 -0.707107 -0 -0.019652 -0.999807 -0
-58.7483 -20.7498 16.5959 0.9889 0 0 0 -1 -0.707107 -0.707107 -0 -0.019652 -0.999807 -0
-60.0749 -55.1588 16.5959 1 0.9629 0 0 -1 -1 7.09084e-006 -0 0.000158634 -1 -0
-58.7483 -20.7498 16.5959 0.9889 0 0 0 -1 -1 7.09084e-006 -0 0.000158634 -1 -0
59.9251 -22.0764 16.5959 0 0.0371 0 0 -1 -1 7.09084e-006 -0 0.000158634 -1 -0
-60.0749 -55.1588 16.5959 1 0.9629 0 0 -1 -1 7.06789e-006 -0 0.000158676 -1 -0
59.9251 -22.0764 16.5959 0 0.0371 0 0 -1 -1 7.06789e-006 -0 0.000158676 -1 -0
58.5985 -56.4854 16.5959 0.0111 1 0 0 -1 -1 7.06789e-006 -0 0.000158676 -1 -0
-59.4116 -55.8221 16.5959 1 1 0 0 -1 -0.999984 0.00562061 -0 0.707107 -0.707107 -0
-60.0749 -55.1588 16.5959 1 0.9629 0 0 -1 -0.999984 0.00562061 -0 0.707107 -0.707107 -0
58.5985 -56.4854 16.5959 0.0111 1 0 0 -1 -0.999984 0.00562061 -0 0.707107 -0.707107 -0
-58.7483 -56.4854 16.5959 0.9889 1 0 0 -1 -0 0 0 0.710032 0.704169 0
-59.4116 -55.8221 16.5959 1 1 0 0 -1 -0 0 0 0.710032 0.704169 0
58.5985 -56.4854 16.5959 0.0111 1 0 0 -1 -0 0 0 0.710032 0.704169 0
59.9251 -55.1588 16.5959 1 0.9629 -0.9239 0.3827 -0 -0 -0 1 -0 -1 -0
59.9251 -22.0764 16.5959 1 0.0371 -0.9239 -0.3827 -0 -0 -0 1 -0 -1 -0
59.9251 -22.0764 -21.7113 0.1091 0.0371 -0.9231 -0.3846 -0 -0 -0 1 -0 -1 -0
59.9251 -22.0764 -21.7113 0.1091 0.0371 -0.9231 -0.3846 -0 -0 2.64951e-006 1 -0 -1 -2.41611e-005
59.9251 -55.1589 -21.5057 0.1139 0.9629 -0.9242 0.382 -0 -0 2.64951e-006 1 -0 -1 -2.41611e-005
59.9251 -55.1588 16.5959 1 0.9629 -0.9239 0.3827 -0 -0 2.64951e-006 1 -0 -1 -2.41611e-005
-2.68588 -20.7498 -21.8057 0.4782 0.8931 0 -1 0 1 0 0 -0.0851016 -0 -0.996372
48.2131 -20.7498 -21.8057 0.9024 0.8931 0 -1 0 1 0 0 -0.0851016 -0 -0.996372
58.5986 -20.7498 -21.7293 0.9889 0.8913 -0.3806 -0.9247 -0 1 0 0 -0.0851016 -0 -0.996372
-58.7483 -20.7498 16.5959 0.0111 0 0.3827 -0.9239 -0 1 -0 -0 -0 -0 -1
-58.7483 -20.7498 -21.7079 0.0111 0.8908 0.3821 -0.9241 0 1 -0 -0 -0 -0 -1
-27.1808 -20.7498 -21.7079 0.2741 0.8908 0 -1 0 1 -0 -0 -0 -0 -1
-58.7483 -20.7498 16.5959 0.0111 0 0.3827 -0.9239 -0 1 -0 4.52555e-005 9.84016e-005 -0 -1
-27.1808 -20.7498 -21.7079 0.2741 0.8908 0 -1 0 1 -0 4.52555e-005 9.84016e-005 -0 -1
-2.68588 -20.7498 -21.8057 0.4782 0.8931 0 -1 0 1 -0 4.52555e-005 9.84016e-005 -0 -1
-58.7483 -20.7498 16.5959 0.0111 0 0.3827 -0.9239 -0 1 -0 -1.6418e-005 0.000259201 -0 -1
-2.68588 -20.7498 -21.8057 0.4782 0.8931 0 -1 0 1 -0 -1.6418e-005 0.000259201 -0 -1
58.5986 -20.7498 -21.7293 0.9889 0.8913 -0.3806 -0.9247 -0 1 -0 -1.6418e-005 0.000259201 -0 -1
58.5985 -20.7498 16.5959 0.9889 0 -0.3827 -0.9239 -0 1 -0 -0 2.38884e-006 0 -1
-58.7483 -20.7498 16.5959 0.0111 0 0.3827 -0.9239 -0 1 -0 -0 2.38884e-006 0 -1
58.5986 -20.7498 -21.7293 0.9889 0.8913 -0.3806 -0.9247 -0 1 -0 -0 2.38884e-006 0 -1
59.2617 101.214 -22.4638 0.0916 0 -0.7071 -0.7071 -0 -0 -2.73422e-006 1 0.707164 -0.70705 -0.000842748
59.925 100.55 -22.4603 0.0917 0.0371 -0.9234 -0.3838 -0 -0 -2.73422e-006 1 0.707164 -0.70705 -0.000842748
59.925 100.55 16.5959 1 0.0371 -0.9239 -0.3827 -0 -0 -2.73422e-006 1 0.707164 -0.70705 -0.000842748
59.925 100.55 16.5959 1 0.0371 -0.9239 -0.3827 -0 -0 -0 1 0.707107 -0.707107 -0
59.2617 101.214 16.5959 1 0 -0.7071 -0.7071 0 -0 -0 1 0.707107 -0.707107 -0
59.2617 101.214 -22.4638 0.0916 0 -0.7071 -0.7071 -0 -0 -0 1 0.707107 -0.707107 -0
59.2617 66.8046 16.5959 1 1 -0.7071 0.7071 -0 -0 -0 1 -0.707107 -0.707107 -0
59.925 67.4679 16.5959 1 0.9629 -0.9239 0.3827 -0 -0 -0 1 -0.707107 -0.707107 -0
59.925 67.4679 -22.2676 0.0962 0.9629 -0.9242 0.382 -0 -0 -0 1 -0.707107 -0.707107 -0
59.925 67.4679 -22.2676 0.0962 0.9629 -0.9242 0.382 -0 -0 -0 1 -0.707071 -0.707071 -0.0100157
59.2617 66.8046 -22.2684 0.0964 1 -0.7071 0.7071 -0 -0 -0 1 -0.707071 -0.707071 -0.0100157
59.2617 66.8046 16.5959 1 1 -0.7071 0.7071 -0 -0 -0 1 -0.707071 -0.707071 -0.0100157
59.2617 66.8046 -22.2684 0 0.9036 -0.7071 0.7071 -0 -0.707082 -0.707082 0.00832375 -0 -0 -1
58.5984 66.1413 -22.2692 0.0111 0.9038 -0.3817 0.9243 -0 -0.707082 -0.707082 0.00832375 -0 -0 -1
58.5984 66.1413 16.5959 0.0111 0 -0.3827 0.9239 -0 -0.707082 -0.707082 0.00832375 -0 -0 -1
58.5984 66.1413 16.5959 0.0111 0 -0.3827 0.9239 -0 -0.707107 -0.707107 -0 -0 -0 -1
59.2617 66.8046 16.5959 0 0 -0.7071 0.7071 -0 -0.707107 -0.707107 -0 -0 -0 -1
59.2617 66.8046 -22.2684 0 0.9036 -0.7071 0.7071 -0 -0.707107 -0.707107 -0 -0 -0 -1
-59.4117 66.8046 16.5959 1 0 0.7071 0.7071 -0 -0.707107 0.707107 -0 -0 -0 -1
-58.7484 66.1413 16.5959 0.9889 0 0.3827 0.9239 0 -0.707107 0.707107 -0 -0 -0 -1
-58.7484 66.1413 -22.2428 0.9889 0.9032 0.3832 0.9237 -0 -0.707107 0.707107 -0 -0 -0 -1
-58.7484 66.1413 -22.2428 0.9889 0.9032 0.3832 0.9237 -0 -0.7071 0.7071 -0.00437566 -0 -0 -1
-59.4117 66.8046 -22.2469 1 0.9032 0.7071 0.7071 -0 -0.7071 0.7071 -0.00437566 -0 -0 -1
-59.4117 66.8046 16.5959 1 0 0.7071 0.7071 -0 -0.7071 0.7071 -0.00437566 -0 -0 -1
-59.4117 60.7387 -22.2096 0 0.9025 0.7071 -0.7071 -0 0.707149 0.707052 -0.00427836 -0 -0 -1
-58.7484 61.402 -22.2136 0.0111 0.9025 0.3821 -0.9241 0 0.707149 0.707052 -0.00427836 -0 -0 -1
-58.7484 61.402 16.5959 0.0111 0 0.3827 -0.9239 -0 0.707149 0.707052 -0.00427836 -0 -0 -1
-58.7484 61.402 16.5959 0.0111 0 0.3827 -0.9239 -0 0.707099 0.707115 -0 -0 2.7524e-006 -1
-59.4117 60.7386 16.5959 0 0 0.7071 -0.7071 -0 0.707099 0.707115 -0 -0 2.7524e-006 -1
-59.4117 60.7387 -22.2096 0 0.9025 0.7071 -0.7071 -0 0.707099 0.707115 -0 -0 2.7524e-006 -1
59.2617 60.7386 16.5959 1 0 -0.7071 -0.7071 -0 0.707099 -0.707115 -0 2.35815e-006 -0 -1
58.5984 61.402 16.5959 0.9889 0 -0.3827 -0.9239 -0 0.707099 -0.707115 -0 2.35815e-006 -0 -1
58.5985 61.402 -22.2397 0.9889 0.9032 -0.3806 -0.9247 -0 0.707099 -0.707115 -0 2.35815e-006 -0 -1
58.5985 61.402 -22.2397 0.9889 0.9032 -0.3806 -0.9247 -0 0.707101 -0.707101 -0.0041582 -0 2.75091e-006 -1
59.2617 60.7387 -22.2307 1 0.9029 -0.7071 -0.7071 -0 0.707101 -0.707101 -0.0041582 -0 2.75091e-006 -1
59.2617 60.7386 16.5959 1 0 -0.7071 -0.7071 -0 0.707101 -0.707101 -0.0041582 -0 2.75091e-006 -1
59.2617 60.7387 -22.2307 0.0971 0 -0.7071 -0.7071 -0 -0 -0 1 0.707107 -0.707107 0.000428772
59.925 60.0754 -22.2217 0.0973 0.0371 -0.9231 -0.3846 -0 -0 -0 1 0.707107 -0.707107 0.000428772
59.925 60.0754 16.5959 1 0.0371 -0.9239 -0.3827 -0 -0 -0 1 0.707107 -0.707107 0.000428772
59.925 60.0754 16.5959 1 0.0371 -0.9239 -0.3827 -0 -0 -2.75039e-006 1 0.707164 -0.70705 -0
59.2617 60.7386 16.5959 1 0 -0.7071 -0.7071 -0 -0 -2.75039e-006 1 0.707164 -0.70705 -0
59.2617 60.7387 -22.2307 0.0971 0 -0.7071 -0.7071 -0 -0 -2.75039e-006 1 0.707164 -0.70705 -0
59.2617 26.3296 16.5959 1 1 -0.7071 0.7071 -0 -0 -0 1 -0.707107 -0.707107 -0
59.925 26.9929 16.5959 1 0.9629 -0.9239 0.3827 -0 -0 -0 1 -0.707107 -0.707107 -0
59.925 26.9929 -22.0162 0.102 0.9629 -0.9242 0.382 -0 -0 -0 1 -0.707107 -0.707107 -0
59.925 26.9929 -22.0162 0.102 0.9629 -0.9242 0.382 -0 -0 -0 1 -0.707072 -0.707072 -0.00991767
59.2617 26.3296 -22.0169 0.1022 1 -0.7071 0.7071 -0 -0 -0 1 -0.707072 -0.707072 -0.00991767
59.2617 26.3296 16.5959 1 1 -0.7071 0.7071 -0 -0 -0 1 -0.707072 -0.707072 -0.00991767
59.2617 26.3296 -22.0169 0 0.8978 -0.7071 0.7071 -0 -0.70709 -0.707074 0.0083245 2.3717e-006 -0 -1
58.5985 25.6665 -22.0177 0.0111 0.898 -0.3817 0.9243 -0 -0.70709 -0.707074 0.0083245 2.3717e-006 -0 -1
58.5984 25.6665 16.5959 0.0111 0 -0.3827 0.9239 -0 -0.70709 -0.707074 0.0083245 2.3717e-006 -0 -1
58.5984 25.6665 16.5959 0.0111 0 -0.3827 0.9239 -0 -0.707164 -0.70705 -0 -0 -0 -1
59.2617 26.3296 16.5959 0 0 -0.7071 0.7071 -0 -0.707164 -0.70705 -0 -0 -0 -1
59.2617 26.3296 -22.0169 0 0.8978 -0.7071 0.7071 -0 -0.707164 -0.70705 -0 -0 -0 -1
-59.4117 26.3296 16.5959 1 0 0.7071 0.7071 -0 -0.707164 0.70705 -0 -0 -0 -1
-58.7484 25.6665 16.5959 0.9889 0 0.3827 0.9239 0 -0.707164 0.70705 -0 -0 -0 -1
-58.7484 25.6665 -21.9936 0.9889 0.8974 0.3832 0.9237 -0 -0.707164 0.70705 -0 -0 -0 -1
-58.7484 25.6665 -21.9936 0.9889 0.8974 0.3832 0.9237 -0 -0.707157 0.707043 -0.00435974 -0 -0 -1
-59.4117 26.3296 -21.9977 1 0.8974 0.7071 0.7071 -0 -0.707157 0.707043 -0.00435974 -0 -0 -1
-59.4117 26.3296 16.5959 1 0 0.7071 0.7071 -0 -0.707157 0.707043 -0.00435974 -0 -0 -1
-59.4118 20.3439 -21.9609 0 0.8968 0.7071 -0.7071 -0 0.707121 0.70708 -0.00426172 -0 -0 -1
-58.7485 21.0072 -21.9649 0.0111 0.8968 0.3821 -0.9241 0 0.707121 0.70708 -0.00426172 -0 -0 -1
-58.7485 21.0072 16.5958 0.0111 0 0.3827 -0.9239 -0 0.707121 0.70708 -0.00426172 -0 -0 -1
-58.7485 21.0072 16.5958 0.0111 0 0.3827 -0.9239 -0 0.707127 0.707086 -0 -0 -0 -1
-59.4118 20.3439 16.5958 0 0 0.7071 -0.7071 -0 0.707127 0.707086 -0 -0 -0 -1
-59.4118 20.3439 -21.9609 0 0.8968 0.7071 -0.7071 -0 0.707127 0.707086 -0 -0 -0 -1
59.2617 20.3439 16.5958 1 0 -0.7071 -0.7071 -0 0.707111 -0.707103 -0 -0 -0 -1
58.5984 21.0072 16.5958 0.9889 0 -0.3827 -0.9239 -0 0.707111 -0.707103 -0 -0 -0 -1
58.5984 21.0072 -21.9887 0.9889 0.8973 -0.3806 -0.9247 -0 0.707111 -0.707103 -0 -0 -0 -1
58.5984 21.0072 -21.9887 0.9889 0.8973 -0.3806 -0.9247 -0 0.707111 -0.707103 0.000427713 -0 -0 -1
59.2617 20.3439 -21.9797 1 0.8971 -0.7071 -0.7071 -0 0.707111 -0.707103 0.000427713 -0 -0 -1
59.2617 20.3439 16.5958 1 0 -0.7071 -0.7071 -0 0.707111 -0.707103 0.000427713 -0 -0 -1
59.2617 20.3439 -21.9797 0.1029 0 -0.7071 -0.7071 -0 -0 -0 1 0.707107 -0.707107 0.000429173
59.925 19.6806 -21.9707 0.1031 0.0371 -0.9231 -0.3846 -0 -0 -0 1 0.707107 -0.707107 0.000429173
59.925 19.6806 16.5958 1 0.0371 -0.9239 -0.3827 -0 -0 -0 1 0.707107 -0.707107 0.000429173
59.925 19.6806 16.5958 1 0.0371 -0.9239 -0.3827 -0 -0 -0 1 0.707107 -0.707107 -0
59.2617 20.3439 16.5958 1 0 -0.7071 -0.7071 -0 -0 -0 1 0.707107 -0.707107 -0
59.2617 20.3439 -21.9797 0.1029 0 -0.7071 -0.7071 -0 -0 -0 1 0.707107 -0.707107 -0
59.2617 -14.0651 16.5958 1 1 -0.7071 0.7071 -0 -0 -0 1 -0.707107 -0.707107 -0
59.925 -13.4018 16.5958 1 0.9629 -0.9239 0.3827 -0 -0 -0 1 -0.707107 -0.707107 -0
59.925 -13.4018 -21.7652 0.1079 0.9629 -0.9242 0.382 -0 -0 -0 1 -0.707107 -0.707107 -0
59.925 -13.4018 -21.7652 0.1079 0.9629 -0.9242 0.382 -0 -0 -0 1 -0.707072 -0.707072 -0.00991796
59.2617 -14.0651 -21.7659 0.1081 1 -0.7071 0.7071 -0 -0 -0 1 -0.707072 -0.707072 -0.00991796
59.2617 -14.0651 16.5958 1 1 -0.7071 0.7071 -0 -0 -0 1 -0.707072 -0.707072 -0.00991796
59.2617 -14.0651 -21.7659 0 0.8919 -0.7071 0.7071 -0 -0.707048 -0.707048 0.0128876 -0 -0 -1
58.5984 -14.7284 -21.7667 0.0111 0.8922 -0.3817 0.9243 -0 -0.707048 -0.707048 0.0128876 -0 -0 -1
58.5984 -14.7284 16.5958 0.0111 0 -0.3827 0.9239 -0 -0.707048 -0.707048 0.0128876 -0 -0 -1
58.5984 -14.7284 16.5958 0.0111 0 -0.3827 0.9239 -0 -0.707107 -0.707107 -0 -0 -0 -1
59.2617 -14.0651 16.5958 0 0 -0.7071 0.7071 -0 -0.707107 -0.707107 -0 -0 -0 -1
59.2617 -14.0651 -21.7659 0 0.8919 -0.7071 0.7071 -0 -0.707107 -0.707107 -0 -0 -0 -1
-59.4118 -14.0651 16.5958 1 0 0.7071 0.7071 -0 -0.707123 0.70709 -0 -0 -0 -1
-58.7485 -14.7284 16.5958 0.9889 0 0.3827 0.9239 0 -0.707123 0.70709 -0 -0 -0 -1
-58.7485 -14.7284 -21.7449 0.9889 0.8916 0.3832 0.9237 -0 -0.707123 0.70709 -0 -0 -0 -1
-58.7485 -14.7284 -21.7449 0.9889 0.8916 0.3832 0.9237 -0 -0.707116 0.707084 -0.00437556 -0 -0 -1
-59.4118 -14.0651 -21.749 1 0.8916 0.7071 0.7071 -0 -0.707116 0.707084 -0.00437556 -0 -0 -1
-59.4118 -14.0651 16.5958 1 0 0.7071 0.7071 -0 -0.707116 0.707084 -0.00437556 -0 -0 -1
-59.4118 -14.0651 -21.749 0.8916 1 0.7071 0.7071 -0 -0 -0 -1 0.707034 -0.707164 -0.00480808
-60.075 -13.4018 -21.7531 0.8918 0.9629 0.9244 0.3814 -0 -0 -0 -1 0.707034 -0.707164 -0.00480808
-60.075 -13.4018 16.5958 0 0.9629 0.9239 0.3827 -0 -0 -0 -1 0.707034 -0.707164 -0.00480808
-60.075 -13.4018 16.5958 0 0.9629 0.9239 0.3827 -0 -0 -0 -1 0.707042 -0.707172 0
-59.4118 -14.0651 16.5958 0 1 0.7071 0.7071 -0 -0 -0 -1 0.707042 -0.707172 0
-59.4118 -14.0651 -21.749 0.8916 1 0.7071 0.7071 -0 -0 -0 -1 0.707042 -0.707172 0
-59.4118 20.3439 16.5958 0 0 0.7071 -0.7071 -0 -0 -0 -1 -0.707042 -0.707172 0
-60.075 19.6806 16.5958 0 0.0371 0.9239 -0.3827 -0 -0 -0 -1 -0.707042 -0.707172 0
-60.075 19.6806 -21.9568 0.8966 0.0371 0.9233 -0.384 -0 -0 -0 -1 -0.707042 -0.707172 0
-60.075 19.6806 -21.9568 0.8966 0.0371 0.9233 -0.384 -0 -0 -0 -1 -0.707034 -0.707164 -0.0047901
-59.4118 20.3439 -21.9609 0.8968 0 0.7071 -0.7071 -0 -0 -0 -1 -0.707034 -0.707164 -0.0047901
-59.4118 20.3439 16.5958 0 0 0.7071 -0.7071 -0 -0 -0 -1 -0.707034 -0.707164 -0.0047901
-59.4117 26.3296 -21.9977 0.8974 1 0.7071 0.7071 -0 -0 -0 -1 0.707099 -0.707099 -0.00479123
-60.075 26.9929 -22.0018 0.8976 0.9629 0.9244 0.3814 -0 -0 -0 -1 0.707099 -0.707099 -0.00479123
-60.075 26.9929 16.5959 0 0.9629 0.9239 0.3827 -0 -0 -0 -1 0.707099 -0.707099 -0.00479123
-60.075 26.9929 16.5959 0 0.9629 0.9239 0.3827 -0 -0 -0 -1 0.707107 -0.707107 0
-59.4117 26.3296 16.5959 0 1 0.7071 0.7071 -0 -0 -0 -1 0.707107 -0.707107 0
-59.4117 26.3296 -21.9977 0.8974 1 0.7071 0.7071 -0 -0 -0 -1 0.707107 -0.707107 0
-59.4117 60.7386 16.5959 0 0 0.7071 -0.7071 -0 -0 -0 -1 -0.707164 -0.70705 0
-60.075 60.0754 16.5959 0 0.0371 0.9239 -0.3827 -0 -0 -0 -1 -0.707164 -0.70705 0
-60.075 60.0754 -22.2055 0.9024 0.0371 0.9233 -0.384 -0 -0 -0 -1 -0.707164 -0.70705 0
-60.075 60.0754 -22.2055 0.9024 0.0371 0.9233 -0.384 -0 -0 2.75189e-006 -1 -0.707107 -0.707107 -0.00022508
-59.4117 60.7387 -22.2096 0.9025 0 0.7071 -0.7071 -0 -0 2.75189e-006 -1 -0.707107 -0.707107 -0.00022508
-59.4117 60.7386 16.5959 0 0 0.7071 -0.7071 -0 -0 2.75189e-006 -1 -0.707107 -0.707107 -0.00022508
-59.4117 66.8046 -22.2469 0.9032 1 0.7071 0.7071 -0 -0 -0 -1 0.707099 -0.707099 -0.00479391
-60.075 67.4679 -22.251 0.9034 0.9629 0.9244 0.3814 -0 -0 -0 -1 0.707099 -0.707099 -0.00479391
-60.075 67.4679 16.5959 0 0.9629 0.9239 0.3827 -0 -0 -0 -1 0.707099 -0.707099 -0.00479391
-60.075 67.4679 16.5959 0 0.9629 0.9239 0.3827 -0 -0 -0 -1 0.707107 -0.707107 0
-59.4117 66.8046 16.5959 0 1 0.7071 0.7071 -0 -0 -0 -1 0.707107 -0.707107 0
-59.4117 66.8046 -22.2469 0.9032 1 0.7071 0.7071 -0 -0 -0 -1 0.707107 -0.707107 0
-59.4117 101.214 16.5959 0 0 0.7071 -0.7071 -0 -0 2.73462e-006 -1 -0.707107 -0.707107 0
-60.075 100.55 16.5959 0 0.0371 0.9239 -0.3827 -0 -0 2.73462e-006 -1 -0.707107 -0.707107 0
-60.075 100.55 -22.4546 0.9082 0.0371 0.9233 -0.384 -0 -0 2.73462e-006 -1 -0.707107 -0.707107 0
-60.075 100.55 -22.4546 0.9082 0.0371 0.9233 -0.384 -0 -0 -0 -1 -0.707164 -0.70705 -0.000206066
-59.4117 101.214 -22.4587 0.9083 0 0.7071 -0.7071 0 -0 -0 -1 -0.707164 -0.70705 -0.000206066
-59.4117 101.214 16.5959 0 0 0.7071 -0.7071 -0 -0 -0 -1 -0.707164 -0.70705 -0.000206066
-59.4117 101.214 -22.4587 0 0.9083 0.7071 -0.7071 0 0.7071 0.7071 -0.00435939 -0 -0 -1
-58.7484 101.877 -22.4628 0.0111 0.9083 0.3822 -0.9241 0 0.7071 0.7071 -0.00435939 -0 -0 -1
-58.7484 101.877 16.5959 0.0111 0 0.3827 -0.9239 0 0.7071 0.7071 -0.00435939 -0 -0 -1
-58.7484 101.877 16.5959 0.0111 0 0.3827 -0.9239 0 0.707107 0.707107 -0 -0 -0 -1
-59.4117 101.214 16.5959 0 0 0.7071 -0.7071 -0 0.707107 0.707107 -0 -0 -0 -1
-59.4117 101.214 -22.4587 0 0.9083 0.7071 -0.7071 0 0.707107 0.707107 -0 -0 -0 -1
59.2617 101.214 16.5959 1 0 -0.7071 -0.7071 0 0.707107 -0.707107 -0 -0 -0 -1
58.5984 101.877 16.5959 0.9889 0 -0.3827 -0.9239 0 0.707107 -0.707107 -0 -0 -0 -1
58.5984 101.877 -22.4674 0.9889 0.9084 -0.9228 0.3854 0 0.707107 -0.707107 -0 -0 -0 -1
58.5984 101.877 -22.4674 0.9889 0.9084 -0.9228 0.3854 0 0.707102 -0.707102 0.00383888 -0 -0 -1
59.2617 101.214 -22.4638 1 0.9084 -0.7071 -0.7071 -0 0.707102 -0.707102 0.00383888 -0 -0 -1
59.2617 101.214 16.5959 1 0 -0.7071 -0.7071 0 0.707102 -0.707102 0.00383888 -0 -0 -1
59.2618 -55.8221 -21.5065 0 0.8859 -0.7071 0.7071 -0 -0.707033 -0.70713 0.00841899 2.40348e-006 -0 -1
58.5986 -56.4854 -21.5072 0.0111 0.8861 -0.3817 0.9243 -0 -0.707033 -0.70713 0.00841899 2.40348e-006 -0 -1
58.5985 -56.4854 16.5959 0.0111 0 -0.3827 0.9239 -0 -0.707033 -0.70713 0.00841899 2.40348e-006 -0 -1
58.5985 -56.4854 16.5959 0.0111 0 -0.3827 0.9239 -0 -0.707107 -0.707107 -0 -0 -0 -1
59.2618 -55.8221 16.5959 0 0 -0.7071 0.7071 -0 -0.707107 -0.707107 -0 -0 -0 -1
59.2618 -55.8221 -21.5065 0 0.8859 -0.7071 0.7071 -0 -0.707107 -0.707107 -0 -0 -0 -1
-59.4116 -55.8221 16.5959 1 0 0.7071 0.7071 -0 -0.707107 0.707107 -0 -0 -0 -1
-58.7483 -56.4854 16.5959 0.9889 0 0.3827 0.9239 0 -0.707107 0.707107 -0 -0 -0 -1
-58.7483 -56.4854 -21.4879 0.9889 0.8857 0.3832 0.9237 -0 -0.707107 0.707107 -0 -0 -0 -1
-58.7483 -56.4854 -21.4879 0.9889 0.8857 0.3832 0.9237 -0 -0.7071 0.7071 -0.00437566 -0 -0 -1
-59.4116 -55.8221 -21.492 1 0.8857 0.7071 0.7071 -0 -0.7071 0.7071 -0.00437566 -0 -0 -1
-59.4116 -55.8221 16.5959 1 0 0.7071 0.7071 -0 -0.7071 0.7071 -0.00437566 -0 -0 -1
-59.4116 -55.8221 -21.492 0.8857 1 0.7071 0.7071 -0 -0 -2.60442e-006 -1 0.707151 -0.707045 -0.00490208
-60.0749 -55.1589 -21.496 0.8859 0.9629 0.9244 0.3814 -0 -0 -2.60442e-006 -1 0.707151 -0.707045 -0.00490208
-60.0749 -55.1588 16.5959 0 0.9629 0.9239 0.3827 -0 -0 -2.60442e-006 -1 0.707151 -0.707045 -0.00490208
-60.0749 -55.1588 16.5959 0 0.9629 0.9239 0.3827 -0 -0 -0 -1 0.707107 -0.707107 0
-59.4116 -55.8221 16.5959 0 1 0.7071 0.7071 -0 -0 -0 -1 0.707107 -0.707107 0
-59.4116 -55.8221 -21.492 0.8857 1 0.7071 0.7071 -0 -0 -0 -1 0.707107 -0.707107 0
-59.4116 -21.4131 16.5959 0 0 0.7071 -0.7071 -0 -0 -0 -1 -0.707107 -0.707107 0
-60.0749 -22.0764 16.5959 0 0.0371 0.9239 -0.3827 -0 -0 -0 -1 -0.707107 -0.707107 0
-60.0749 -22.0764 -21.6997 0.8906 0.0371 0.9233 -0.384 -0 -0 -0 -1 -0.707107 -0.707107 0
-60.0749 -22.0764 -21.6997 0.8906 0.0371 0.9233 -0.384 -0 -0 -0 -1 -0.707099 -0.707099 -0.00480616
-59.4116 -21.4131 -21.7038 0.8908 0 0.7071 -0.7071 -0 -0 -0 -1 -0.707099 -0.707099 -0.00480616
-59.4116 -21.4131 16.5959 0 0 0.7071 -0.7071 -0 -0 -0 -1 -0.707099 -0.707099 -0.00480616
59.2618 -21.4131 -21.7203 0.1089 0 -0.7071 -0.7071 -0 -0 -0 1 0.707107 -0.707107 0.000429825
59.9251 -22.0764 -21.7113 0.1091 0.0371 -0.9231 -0.3846 -0 -0 -0 1 0.707107 -0.707107 0.000429825
59.9251 -22.0764 16.5959 1 0.0371 -0.9239 -0.3827 -0 -0 -0 1 0.707107 -0.707107 0.000429825
59.9251 -22.0764 16.5959 1 0.0371 -0.9239 -0.3827 -0 -0 -0 1 0.707107 -0.707107 -0
59.2618 -21.4131 16.5959 1 0 -0.7071 -0.7071 -0 -0 -0 1 0.707107 -0.707107 -0
59.2618 -21.4131 -21.7203 0.1089 0 -0.7071 -0.7071 -0 -0 -0 1 0.707107 -0.707107 -0
59.2618 -55.8221 16.5959 1 1 -0.7071 0.7071 -0 -0 2.60375e-006 1 -0.707107 -0.707107 -0
59.9251 -55.1588 16.5959 1 0.9629 -0.9239 0.3827 -0 -0 2.60375e-006 1 -0.707107 -0.707107 -0
59.9251 -55.1589 -21.5057 0.1139 0.9629 -0.9242 0.382 -0 -0 2.60375e-006 1 -0.707107 -0.707107 -0
59.9251 -55.1589 -21.5057 0.1139 0.9629 -0.9242 0.382 -0 -0 -0 1 -0.707124 -0.707018 -0.0100163
59.2618 -55.8221 -21.5065 0.1141 1 -0.7071 0.7071 -0 -0 -0 1 -0.707124 -0.707018 -0.0100163
59.2618 -55.8221 16.5959 1 1 -0.7071 0.7071 -0 -0 -0 1 -0.707124 -0.707018 -0.0100163
-59.4116 -21.4131 -21.7038 0 0.8908 0.7071 -0.7071 -0 0.7071 0.7071 -0.00437566 -0 -0 -1
-58.7483 -20.7498 -21.7079 0.0111 0.8908 0.3821 -0.9241 0 0.7071 0.7071 -0.00437566 -0 -0 -1
-58.7483 -20.7498 16.5959 0.0111 0 0.3827 -0.9239 -0 0.7071 0.7071 -0.00437566 -0 -0 -1
-58.7483 -20.7498 16.5959 0.0111 0 0.3827 -0.9239 -0 0.707107 0.707107 -0 -0 -0 -1
-59.4116 -21.4131 16.5959 0 0 0.7071 -0.7071 -0 0.707107 0.707107 -0 -0 -0 -1
-59.4116 -21.4131 -21.7038 0 0.8908 0.7071 -0.7071 -0 0.707107 0.707107 -0 -0 -0 -1
59.2618 -21.4131 16.5959 1 0 -0.7071 -0.7071 -0 0.707107 -0.707107 -0 2.38955e-006 -0 -1
58.5985 -20.7498 16.5959 0.9889 0 -0.3827 -0.9239 -0 0.707107 -0.707107 -0 2.38955e-006 -0 -1
58.5986 -20.7498 -21.7293 0.9889 0.8913 -0.3806 -0.9247 -0 0.707107 -0.707107 -0 2.38955e-006 -0 -1
58.5986 -20.7498 -21.7293 0.9889 0.8913 -0.3806 -0.9247 -0 0.707058 -0.707156 0.00042805 -0 -0 -1
59.2618 -21.4131 -21.7203 1 0.8911 -0.7071 -0.7071 -0 0.707058 -0.707156 0.00042805 -0 -0 -1
59.2618 -21.4131 16.5959 1 0 -0.7071 -0.7071 -0 0.707058 -0.707156 0.00042805 -0 -0 -1
Index count: 924
0
1
2
2
3
0
4
5
6
7
8
9
10
11
12
13
14
15
16
17
18
19
20
21
22
23
24
25
26
27
28
29
30
31
32
33
34
35
36
37
38
39
40
41
42
43
44
45
46
47
48
49
50
51
52
53
54
55
56
57
58
59
60
61
62
63
64
65
66
67
68
69
70
71
72
73
74
75
76
77
78
79
80
81
82
83
84
85
86
87
88
89
90
91
92
93
94
95
96
97
98
99
100
101
102
103
104
105
106
107
108
109
110
111
112
113
114
115
116
117
118
119
120
121
122
123
124
125
126
127
128
129
130
131
132
133
134
135
136
137
138
139
140
141
142
143
144
145
146
147
148
149
150
151
152
153
154
155
156
157
158
159
160
161
162
163
164
165
166
167
168
169
170
171
172
173
174
175
176
177
178
179
180
181
182
183
184
185
186
187
188
189
190
191
192
193
194
195
196
197
198
199
200
201
202
203
204
205
206
207
208
209
210
211
212
213
214
215
216
217
218
219
220
221
222
222
223
220
224
225
226
227
228
229
230
231
232
233
234
235
235
236
233
237
238
239
240
241
242
243
244
245
246
247
248
248
249
246
250
251
252
253
254
255
256
257
258
259
260
261
262
263
264
265
266
267
268
269
270
271
272
273
274
275
276
277
278
279
280
281
282
283
284
285
286
287
288
289
290
291
292
293
294
295
296
297
298
299
300
301
302
303
304
305
306
307
308
309
310
311
312
313
314
315
316
317
318
319
320
321
322
323
324
325
326
327
328
329
330
331
332
333
334
335
336
337
338
339
340
341
342
343
344
345
346
347
348
349
350
351
352
353
354
355
356
357
358
359
360
361
362
363
364
365
366
367
368
369
370
371
372
373
374
375
376
377
378
379
380
381
382
383
384
385
386
387
388
389
390
391
392
393
394
395
396
397
398
399
400
401
402
403
404
405
406
407
408
409
410
411
412
413
414
415
416
417
418
419
420
421
422
423
424
425
426
427
428
429
430
431
432
433
434
435
436
437
438
439
440
441
442
443
444
445
446
447
448
449
450
451
442
452
453
454
455
456
457
458
459
460
461
462
463
464
465
466
467
468
469
470
471
472
473
474
475
476
477
478
479
480
481
482
482
483
480
484
485
486
487
488
489
490
491
492
493
494
495
495
496
493
497
498
499
500
501
502
503
504
505
506
507
508
509
510
511
512
513
514
515
516
517
518
519
520
521
522
523
524
525
526
527
528
529
530
531
532
533
534
535
536
537
538
539
540
541
542
543
544
545
546
547
548
539
549
550
551
552
553
554
555
556
557
558
559
560
561
562
563
564
565
566
567
568
569
570
571
572
573
574
575
576
577
578
579
580
581
582
583
584
585
586
587
588
589
590
591
592
593
594
595
596
597
598
599
600
601
602
603
604
605
606
607
608
609
610
611
612
613
614
615
616
617
618
619
620
621
622
623
624
625
626
627
628
629
630
631
632
633
634
635
636
637
638
639
640
641
642
643
644
645
646
647
648
649
650
651
652
653
654
655
656
657
658
659
660
661
662
663
664
665
666
667
668
669
670
671
672
673
674
675
676
677
678
679
680
681
682
683
684
685
686
687
688
689
690
691
692
693
694
695
696
697
698
699
700
701
702
703
704
705
706
707
708
709
710
711
712
713
714
715
716
717
718
719
720
721
722
723
724
725
726
727
728
729
730
731
732
733
734
735
736
737
738
739
740
741
742
743
744
745
746
747
748
749
750
751
752
753
754
755
756
757
758
759
760
761
762
763
764
765
766
767
768
769
770
771
772
773
774
775
776
777
778
779
780
781
782
783
784
785
786
787
788
789
790
791
792
793
794
795
796
797
798
799
800
801
802
803
804
805
806
807
808
809
810
811
812
813
814
815
816
817
818
819
820
821
822
823
824
825
826
827
828
829
830
831
832
833
834
835
836
837
838
839
840
841
842
843
844
845
846
847
848
849
850
851
852
853
854
855
856
857
858
859
860
861
862
863
864
865
866
867
868
869
870
871
872
873
874
875
876
877
878
879
880
881
882
883
884
885
886
887
888
889
890
891
892
893
894
895
896
897
898
899
900
901
902
903
904
905
906
907
908
909
