bounding box: -50 -50 -50 50 50 50
Material name: pointLIghtSocket.mat
Vertex Count: 144
13.9599 -24.0513 0.0001 0.75 0.8818 1 -0 0 0.258812 -0 0.965928 -0 1 -0
13.9599 -49.9371 0.0001 0.75 0 1 -0 0 0.258812 -0 0.965928 -0 1 -0
12.0897 -49.9371 -6.9798 0.6667 0 0.866 -0 -0.5 0.258812 -0 0.965928 -0 1 -0
13.1554 -25.1225 -3.0023 0.7142 0.8453 0.9659 -0 -0.2588 0.258823 -9.97357e-005 0.965925 -7.37158e-005 1 -0.000262445
13.9599 -24.0513 0.0001 0.75 0.8818 1 -0 0 0.258823 -9.97357e-005 0.965925 -7.37158e-005 1 -0.000262445
12.0897 -49.9371 -6.9798 0.6667 0 0.866 -0 -0.5 0.258823 -9.97357e-005 0.965925 -7.37158e-005 1 -0.000262445
13.1554 -25.1225 -3.0023 0.7142 0.8453 0.9659 -0 -0.2588 0.258804 0.000533602 0.96593 -0 1 -0
12.0897 -49.9371 -6.9798 0.6667 0 0.866 -0 -0.5 0.258804 0.000533602 0.96593 -0 1 -0
12.0897 -24.1032 -6.9798 0.6667 0.8801 0.8751 -0 -0.4839 0.258804 0.000533602 0.96593 -0 1 -0
12.0897 -24.1032 -6.9798 0.6667 0.8801 0.8751 -0 -0.4839 0.707107 -0 0.707107 -0 1 -0
12.0897 -49.9371 -6.9798 0.6667 0 0.866 -0 -0.5 0.707107 -0 0.707107 -0 1 -0
6.98 -49.9371 -12.0895 0.5833 0 0.5 -0 -0.866 0.707107 -0 0.707107 -0 1 -0
10.6093 -25.0238 -8.4601 0.6425 0.8487 0.7071 -0 -0.7071 0.707134 -0.00059748 0.707079 0.000344691 1 0.000359935
12.0897 -24.1032 -6.9798 0.6667 0.8801 0.8751 -0 -0.4839 0.707134 -0.00059748 0.707079 0.000344691 1 0.000359935
6.98 -49.9371 -12.0895 0.5833 0 0.5 -0 -0.866 0.707134 -0.00059748 0.707079 0.000344691 1 0.000359935
10.6093 -25.0238 -8.4601 0.6425 0.8487 0.7071 -0 -0.7071 0.707097 0.000180723 0.707117 -0 1 -0
6.98 -49.9371 -12.0895 0.5833 0 0.5 -0 -0.866 0.707097 0.000180723 0.707117 -0 1 -0
6.98 -24.2586 -12.0895 0.5833 0.8748 0.5313 -0 -0.8472 0.707097 0.000180723 0.707117 -0 1 -0
0 -49.9371 -13.9597 1 0.5 0 -1 0 -9.05053e-005 -0 -1 -1 -0 0.000110445
6.98 -49.9371 -12.0895 0.933 0.25 0 -1 0 -9.05053e-005 -0 -1 -1 -0 0.000110445
12.0897 -49.9371 -6.9798 0.75 0.067 0 -1 0 -9.05053e-005 -0 -1 -1 -0 0.000110445
-12.0896 -49.9371 -6.9798 0.75 0.933 0 -1 0 0.000110646 -0 -1 -1 -0 -0.000110415
-6.9799 -49.9371 -12.0895 0.933 0.75 0 -1 0 0.000110646 -0 -1 -1 -0 -0.000110415
0 -49.9371 -13.9597 1 0.5 0 -1 0 0.000110646 -0 -1 -1 -0 -0.000110415
-12.0896 -49.9371 6.9801 0.25 0.933 0 -1 0 0 -0 -1 -1 -0 -2.677e-005
-13.9599 -49.9371 0.0001 0.5 1 0 -1 0 0 -0 -1 -1 -0 -2.677e-005
-12.0896 -49.9371 -6.9798 0.75 0.933 0 -1 0 0 -0 -1 -1 -0 -2.677e-005
-12.0896 -49.9371 6.9801 0.25 0.933 0 -1 0 0 0 -1 -1 -0 -4.10196e-006
-12.0896 -49.9371 -6.9798 0.75 0.933 0 -1 0 0 0 -1 -1 -0 -4.10196e-006
0 -49.9371 -13.9597 1 0.5 0 -1 0 0 0 -1 -1 -0 -4.10196e-006
0 -49.9371 13.96 0 0.5 0 -1 0 -0.000110646 -0 -1 -1 -0 0.000110447
-6.9799 -49.9371 12.0898 0.067 0.75 0 -1 0 -0.000110646 -0 -1 -1 -0 0.000110447
-12.0896 -49.9371 6.9801 0.25 0.933 0 -1 0 -0.000110646 -0 -1 -1 -0 0.000110447
12.0897 -49.9371 6.9801 0.25 0.067 0 -1 0 9.05053e-005 -0 -1 -1 -0 -0.000110413
6.98 -49.9371 12.0898 0.067 0.25 0 -1 0 9.05053e-005 -0 -1 -1 -0 -0.000110413
0 -49.9371 13.96 0 0.5 0 -1 0 9.05053e-005 -0 -1 -1 -0 -0.000110413
12.0897 -49.9371 6.9801 0.25 0.067 0 -1 0 7.09979e-006 -0 -1 -1 0 0
0 -49.9371 13.96 0 0.5 0 -1 0 7.09979e-006 -0 -1 -1 0 0
-12.0896 -49.9371 6.9801 0.25 0.933 0 -1 0 7.09979e-006 -0 -1 -1 0 0
12.0897 -49.9371 6.9801 0.25 0.067 0 -1 0 -2.36659e-006 -0 -1 -1 -0 0
-12.0896 -49.9371 6.9801 0.25 0.933 0 -1 0 -2.36659e-006 -0 -1 -1 -0 0
0 -49.9371 -13.9597 1 0.5 0 -1 0 -2.36659e-006 -0 -1 -1 -0 0
12.0897 -49.9371 6.9801 0.25 0.067 0 -1 0 0 -0 -1 -1 -0 4.10193e-006
0 -49.9371 -13.9597 1 0.5 0 -1 0 0 -0 -1 -1 -0 4.10193e-006
12.0897 -49.9371 -6.9798 0.75 0.067 0 -1 0 0 -0 -1 -1 -0 4.10193e-006
12.0897 -49.9371 6.9801 0.25 0.067 0 -1 0 0 0 -1 -1 -0 2.67714e-005
12.0897 -49.9371 -6.9798 0.75 0.067 0 -1 0 0 0 -1 -1 -0 2.67714e-005
13.9599 -49.9371 0.0001 0.5 0 0 -1 0 0 0 -1 -1 -0 2.67714e-005
12.0897 -24.1033 6.9801 0.8333 0.8801 0.8751 -0 0.4839 -0.258808 -0 0.965929 -0 1 -0
12.0897 -49.9371 6.9801 0.8333 0 0.866 -0 0.5 -0.258808 -0 0.965929 -0 1 -0
13.9599 -49.9371 0.0001 0.75 0 1 -0 0 -0.258808 -0 0.965929 -0 1 -0
13.1554 -25.1226 3.0028 0.7858 0.8453 0.9659 -0 0.2588 -0.258816 -0.000572323 0.965926 -5.40497e-005 1 0.000211176
12.0897 -24.1033 6.9801 0.8333 0.8801 0.8751 -0 0.4839 -0.258816 -0.000572323 0.965926 -5.40497e-005 1 0.000211176
13.9599 -49.9371 0.0001 0.75 0 1 -0 0 -0.258816 -0.000572323 0.965926 -5.40497e-005 1 0.000211176
13.1554 -25.1226 3.0028 0.7858 0.8453 0.9659 -0 0.2588 -0.258798 5.79049e-005 0.965932 -0 1 -0
13.9599 -49.9371 0.0001 0.75 0 1 -0 0 -0.258798 5.79049e-005 0.965932 -0 1 -0
13.9599 -24.0513 0.0001 0.75 0.8818 1 -0 0 -0.258798 5.79049e-005 0.965932 -0 1 -0
6.98 -24.2586 -12.0895 0.5833 0.8748 0.5313 -0 -0.8472 0.965929 -0 0.258808 -0 1 -0
6.98 -49.9371 -12.0895 0.5833 0 0.5 -0 -0.866 0.965929 -0 0.258808 -0 1 -0
0 -49.9371 -13.9597 0.5 0 0 -0 -1 0.965929 -0 0.258808 -0 1 -0
5.9548 -24.8238 -12.3642 0.5711 0.8555 0.2588 -0 -0.9659 0.965925 -0.00146716 0.258818 -0.000912129 1 -0.000247638
6.98 -24.2586 -12.0895 0.5833 0.8748 0.5313 -0 -0.8472 0.965925 -0.00146716 0.258818 -0.000912129 1 -0.000247638
0 -49.9371 -13.9597 0.5 0 0 -0 -1 0.965925 -0.00146716 0.258818 -0.000912129 1 -0.000247638
0.0004 -24.5169 -13.9597 0.5 0.866 0.2585 -0 -0.966 0.965925 0.000212993 0.258822 1.57355e-005 1 -0
5.9548 -24.8238 -12.3642 0.5711 0.8555 0.2588 -0 -0.9659 0.965925 0.000212993 0.258822 1.57355e-005 1 -0
0 -49.9371 -13.9597 0.5 0 0 -0 -1 0.965925 0.000212993 0.258822 1.57355e-005 1 -0
0.0004 -24.5169 -13.9597 0.5 0.866 0.2585 -0 -0.966 -0.894398 0.447273 0 0 0 0
0 -49.9371 -13.9597 0.5 0 0 -0 -1 -0.894398 0.447273 0 0 0 0
0 -24.5167 -13.9597 0.5 0.866 -0.0536 0 -0.9986 -0.894398 0.447273 0 0 0 0
0 -24.5167 -13.9597 0.5 0.866 -0.0536 0 -0.9986 0.965928 -0 -0.258811 -0 1 -0
0 -49.9371 -13.9597 0.5 0 0 -0 -1 0.965928 -0 -0.258811 -0 1 -0
-6.9799 -49.9371 -12.0895 0.4167 0 -0.5 0 -0.866 0.965928 -0 -0.258811 -0 1 -0
-5.9541 -24.8236 -12.3643 0.4289 0.8555 -0.2588 0 -0.9659 0.965926 -0.000216432 -0.25882 0.000165196 1 -4.17317e-005
0 -24.5167 -13.9597 0.5 0.866 -0.0536 0 -0.9986 0.965926 -0.000216432 -0.25882 0.000165196 1 -4.17317e-005
-6.9799 -49.9371 -12.0895 0.4167 0 -0.5 0 -0.866 0.965926 -0.000216432 -0.25882 0.000165196 1 -4.17317e-005
-5.9541 -24.8236 -12.3643 0.4289 0.8555 -0.2588 0 -0.9659 0.96594 0.000973808 -0.258764 -0 1 -0
-6.9799 -49.9371 -12.0895 0.4167 0 -0.5 0 -0.866 0.96594 0.000973808 -0.258764 -0 1 -0
-6.9799 -24.2581 -12.0895 0.4167 0.8748 -0.5313 0 -0.8472 0.96594 0.000973808 -0.258764 -0 1 -0
-6.9799 -24.2581 -12.0895 0.4167 0.8748 -0.5313 0 -0.8472 0.707107 -0 -0.707107 -0 1 -0
-6.9799 -49.9371 -12.0895 0.4167 0 -0.5 0 -0.866 0.707107 -0 -0.707107 -0 1 -0
-12.0896 -49.9371 -6.9798 0.3333 0 -0.866 0 -0.5 0.707107 -0 -0.707107 -0 1 -0
-10.609 -25.0232 -8.4604 0.3575 0.8487 -0.7071 0 -0.7071 0.707107 -0.000212011 -0.707107 -0.000118574 1 0.000118579
-6.9799 -24.2581 -12.0895 0.4167 0.8748 -0.5313 0 -0.8472 0.707107 -0.000212011 -0.707107 -0.000118574 1 0.000118579
-12.0896 -49.9371 -6.9798 0.3333 0 -0.866 0 -0.5 0.707107 -0.000212011 -0.707107 -0.000118574 1 0.000118579
-10.609 -25.0232 -8.4604 0.3575 0.8487 -0.7071 0 -0.7071 0.707107 0.000441788 -0.707107 -0 1 -0
-12.0896 -49.9371 -6.9798 0.3333 0 -0.866 0 -0.5 0.707107 0.000441788 -0.707107 -0 1 -0
-12.0896 -24.1024 -6.9798 0.3333 0.8801 -0.8751 0 -0.4839 0.707107 0.000441788 -0.707107 -0 1 -0
-12.0896 -24.1024 -6.9798 0.3333 0.8801 -0.8751 0 -0.4839 0.258824 -0 -0.965924 -0 1 -0
-12.0896 -49.9371 -6.9798 0.3333 0 -0.866 0 -0.5 0.258824 -0 -0.965924 -0 1 -0
-13.9599 -49.9371 0.0001 0.25 0 -1 0 -0 0.258824 -0 -0.965924 -0 1 -0
-13.1553 -25.1217 -3.0024 0.2858 0.8454 -0.9659 0 -0.2588 0.258809 0.000184138 -0.965929 5.8118e-005 1 -0.000199375
-12.0896 -24.1024 -6.9798 0.3333 0.8801 -0.8751 0 -0.4839 0.258809 0.000184138 -0.965929 5.8118e-005 1 -0.000199375
-13.9599 -49.9371 0.0001 0.25 0 -1 0 -0 0.258809 0.000184138 -0.965929 5.8118e-005 1 -0.000199375
-13.1553 -25.1217 -3.0024 0.2858 0.8454 -0.9659 0 -0.2588 0.258844 3.12881e-005 -0.965919 -0 1 -0
-13.9599 -49.9371 0.0001 0.25 0 -1 0 -0 0.258844 3.12881e-005 -0.965919 -0 1 -0
-13.9599 -24.0504 0.0001 0.25 0.8819 -1 0 -0 0.258844 3.12881e-005 -0.965919 -0 1 -0
-13.9599 -24.0504 0.0001 0.25 0.8819 -1 0 -0 -0.258821 -0 -0.965925 -0 1 -0
-13.9599 -49.9371 0.0001 0.25 0 -1 0 -0 -0.258821 -0 -0.965925 -0 1 -0
-12.0896 -49.9371 6.9801 0.1667 0 -0.866 0 0.5 -0.258821 -0 -0.965925 -0 1 -0
-13.1553 -25.1218 3.0029 0.2141 0.8454 -0.9659 0 0.2588 -0.258819 8.65987e-007 -0.965926 -0.000143578 1 -0.000534188
-13.9599 -24.0504 0.0001 0.25 0.8819 -1 0 -0 -0.258819 8.65987e-007 -0.965926 -0.000143578 1 -0.000534188
-12.0896 -49.9371 6.9801 0.1667 0 -0.866 0 0.5 -0.258819 8.65987e-007 -0.965926 -0.000143578 1 -0.000534188
-13.1553 -25.1218 3.0029 0.2141 0.8454 -0.9659 0 0.2588 -0.258822 -0.000172244 -0.965925 -0 1 -0
-12.0896 -49.9371 6.9801 0.1667 0 -0.866 0 0.5 -0.258822 -0.000172244 -0.965925 -0 1 -0
-12.0896 -24.1025 6.9801 0.1667 0.8801 -0.8751 0 0.4839 -0.258822 -0.000172244 -0.965925 -0 1 -0
-12.0896 -24.1025 6.9801 0.1667 0.8801 -0.8751 0 0.4839 -0.707107 -0 -0.707107 -0 1 -0
-12.0896 -49.9371 6.9801 0.1667 0 -0.866 0 0.5 -0.707107 -0 -0.707107 -0 1 -0
-6.9799 -49.9371 12.0898 0.0833 0 -0.5 0 0.866 -0.707107 -0 -0.707107 -0 1 -0
-10.6089 -25.0234 8.4608 0.1425 0.8487 -0.7071 0 0.7071 -0.707107 -0.000447316 -0.707107 -0.000299833 1 -0.000299752
-12.0896 -24.1025 6.9801 0.1667 0.8801 -0.8751 0 0.4839 -0.707107 -0.000447316 -0.707107 -0.000299833 1 -0.000299752
-6.9799 -49.9371 12.0898 0.0833 0 -0.5 0 0.866 -0.707107 -0.000447316 -0.707107 -0.000299833 1 -0.000299752
-10.6089 -25.0234 8.4608 0.1425 0.8487 -0.7071 0 0.7071 -0.707107 0.000201916 -0.707107 -0 1 -0
-6.9799 -49.9371 12.0898 0.0833 0 -0.5 0 0.866 -0.707107 0.000201916 -0.707107 -0 1 -0
-6.9799 -24.2583 12.0898 0.0833 0.8748 -0.5313 0 0.8472 -0.707107 0.000201916 -0.707107 -0 1 -0
-6.9799 -24.2583 12.0898 0.0833 0.8748 -0.5313 0 0.8472 -0.965928 -0 -0.258812 -0 1 -0
-6.9799 -49.9371 12.0898 0.0833 0 -0.5 0 0.866 -0.965928 -0 -0.258812 -0 1 -0
0 -49.9371 13.96 0 0 -0 0 1 -0.965928 -0 -0.258812 -0 1 -0
-5.954 -24.8238 12.3647 0.0711 0.8555 -0.2588 0 0.9659 -0.965922 -0.00114102 -0.258832 0.00113703 0.999999 0.000310906
-6.9799 -24.2583 12.0898 0.0833 0.8748 -0.5313 0 0.8472 -0.965922 -0.00114102 -0.258832 0.00113703 0.999999 0.000310906
0 -49.9371 13.96 0 0 -0 0 1 -0.965922 -0.00114102 -0.258832 0.00113703 0.999999 0.000310906
-5.954 -24.8238 12.3647 0.0711 0.8555 -0.2588 0 0.9659 -0.965929 0.000213003 -0.258808 -0 1 -0
0 -49.9371 13.96 0 0 -0 0 1 -0.965929 0.000213003 -0.258808 -0 1 -0
0 -24.5169 13.96 0 0.866 -0.0531 0.0001 0.9986 -0.965929 0.000213003 -0.258808 -0 1 -0
0 -24.5169 13.96 0 0.866 -0.0531 0.0001 0.9986 -0.965929 -0 0.258808 -0 1 -0
0 -49.9371 13.96 0 0 -0 0 1 -0.965929 -0 0.258808 -0 1 -0
6.98 -49.9371 12.0898 -0.0833 0 0.5 0 0.866 -0.965929 -0 0.258808 -0 1 -0
0.0004 -24.5172 13.9599 -0 0.866 0.2596 0.0002 0.9657 0.784271 -0.588534 -0.196334 -0.784271 0.588534 0.196334
0 -24.5169 13.96 0 0.866 -0.0531 0.0001 0.9986 0.784271 -0.588534 -0.196334 -0.784271 0.588534 0.196334
6.98 -49.9371 12.0898 -0.0833 0 0.5 0 0.866 0.784271 -0.588534 -0.196334 -0.784271 0.588534 0.196334
5.9547 -24.8241 12.3645 -0.0711 0.8555 0.2588 0 0.9659 -0.965928 -0.000215502 0.258812 -0.000143865 1 3.77674e-005
0.0004 -24.5172 13.9599 -0 0.866 0.2596 0.0002 0.9657 -0.965928 -0.000215502 0.258812 -0.000143865 1 3.77674e-005
6.98 -49.9371 12.0898 -0.0833 0 0.5 0 0.866 -0.965928 -0.000215502 0.258812 -0.000143865 1 3.77674e-005
5.9547 -24.8241 12.3645 -0.0711 0.8555 0.2588 0 0.9659 -0.965932 0.00124063 0.258794 -0 1 -0
6.98 -49.9371 12.0898 -0.0833 0 0.5 0 0.866 -0.965932 0.00124063 0.258794 -0 1 -0
6.98 -24.2589 12.0898 -0.0833 0.8748 0.5313 -0 0.8472 -0.965932 0.00124063 0.258794 -0 1 -0
6.98 -24.2589 12.0898 0.9167 0.8748 0.5313 -0 0.8472 -0.707107 -0 0.707107 -0 1 -0
6.98 -49.9371 12.0898 0.9167 0 0.5 0 0.866 -0.707107 -0 0.707107 -0 1 -0
12.0897 -49.9371 6.9801 0.8333 0 0.866 -0 0.5 -0.707107 -0 0.707107 -0 1 -0
10.6092 -25.024 8.4605 0.8575 0.8487 0.7071 -0 0.7071 -0.707097 -0.000207138 0.707117 0.000124062 1 -0.000129828
6.98 -24.2589 12.0898 0.9167 0.8748 0.5313 -0 0.8472 -0.707097 -0.000207138 0.707117 0.000124062 1 -0.000129828
12.0897 -49.9371 6.9801 0.8333 0 0.866 -0 0.5 -0.707097 -0.000207138 0.707117 0.000124062 1 -0.000129828
10.6092 -25.024 8.4605 0.8575 0.8487 0.7071 -0 0.7071 -0.707131 0.000474213 0.707083 -0 1 -0
12.0897 -49.9371 6.9801 0.8333 0 0.866 -0 0.5 -0.707131 0.000474213 0.707083 -0 1 -0
12.0897 -24.1033 6.9801 0.8333 0.8801 0.8751 -0 0.4839 -0.707131 0.000474213 0.707083 -0 1 -0
Index count: 144
0
1
2
3
4
5
6
7
8
9
10
11
12
13
14
15
16
17
18
19
20
21
22
23
24
25
26
27
28
29
30
31
32
33
34
35
36
37
38
39
40
41
42
43
44
45
46
47
48
49
50
51
52
53
54
55
56
57
58
59
60
61
62
63
64
65
66
67
68
69
70
71
72
73
74
75
76
77
78
79
80
81
82
83
84
85
86
87
88
89
90
91
92
93
94
95
96
97
98
99
100
101
102
103
104
105
106
107
108
109
110
111
112
113
114
115
116
117
118
119
120
121
122
123
124
125
126
127
128
129
130
131
132
133
134
135
136
137
138
139
140
141
142
143
Material name: pointLightCross.mat
Vertex Count: 161
1 -50 -1 0 1 0 -1 0 -1 0 0 -0 0 -1
1 -50 1 0 0 0 -1 0 -1 0 0 -0 0 -1
-1 -50 1 1 0 0 -1 0 -1 0 0 -0 0 -1
-1 -50 -1 1 1 0 -1 0 -1 0 0 0 0 -1
-1 -1 -1 0 0.51 0 0 -1 1 0 0 0 -1 0
1 -1 -1 1 0.51 0 0 -1 1 0 0 0 -1 0
1 -50 -1 1 1 0 0 -1 1 0 0 0 -1 0
-1 -1 -1 0 0.51 0 0 -1 0 0 0 0 0 0
1 -50 -1 1 1 0 0 -1 0 0 0 0 -0 0
-1 -50 -1 0 1 0 0 -1 1 0 0 0 -1 0
-1 -1 -1 1 0.51 -1 0 0 0 0 -1 0 -1 0
-1 -50 -1 1 1 -1 0 0 0 0 -1 0 -1 0
-1 -50 1 0 1 -1 0 0 0 0 -1 0 -1 0
-1 -1 0 0.5 0.51 -1 0 0 0 0 -1 0 -1 0
-1 50 -1 1 0 -1 0 0 0 0 -1 0 -1 0
-1 1 -1 1 0.49 -1 0 0 0 0 -1 0 -1 0
-1 1 0 0.5 0.49 -1 0 0 0 0 -1 0 -1 0
-1 50 1 0 0 -1 0 0 0 0 -1 0 -1 0
-1 50 1 0 0 -1 0 0 0 -3.8147e-006 -1 0 -1 0
-1 -1 0 0.5 0.51 -1 0 0 0 -3.8147e-006 -1 0 -1 0
-1 -50 1 0 1 -1 0 0 0 -3.8147e-006 -1 0 -1 0
1 1 1 0 0.49 0 0 1 -1 0 0 -0 -1 0
1 50 1 0 0 0 0 1 -1 0 0 -0 -1 0
-1 50 1 1 0 0 0 1 -1 0 0 -0 -1 0
-1 1 1 1 0.49 0 0 1 -1 -0 -0 -0 -1 -0
-1 1 1 1 0.49 0 0 1 0 1 0 0 -0 0
-1 50 1 1 0 0 0 1 0 1 0 0 -0 0
-1 -50 1 1 1 0 0 1 0 1 0 0 -0 0
-1 -1 1 1 0.51 0 0 1 0 1 0 0 -0 0
-1 -1 1 1 0.51 0 0 1 -1 0 0 0 -1 0
-1 -50 1 1 1 0 0 1 -1 0 0 0 -1 0
1 -50 1 0 1 0 0 1 -1 0 0 0 -1 0
1 -1 1 0 0.51 0 0 1 -1 0 0 0 -1 0
1 -1 -1 0 0.51 1 0 0 0 0 1 0 -1 0
1 -1 1 1 0.51 1 0 0 0 0 1 0 -1 0
1 -50 1 1 1 1 0 0 0 0 1 0 -1 0
1 -50 -1 0 1 1 0 0 -0 -0 1 0 -1 0
-1 1 -1 0 0.49 0 0 -1 1 0 0 0 -1 0
-1 50 -1 0 0 0 0 -1 1 0 0 0 -1 0
1 50 -1 1 0 0 0 -1 1 0 0 0 -1 0
1 1 -1 1 0.49 0 0 -1 1 0 0 0 -1 0
-1 50 1 0 0 0 1 0 1 0 0 0 0 -1
1 50 1 1 0 0 1 0 1 0 0 0 0 -1
1 50 -1 1 1 0 1 0 1 0 0 0 0 -1
-1 50 -1 0 1 0 1 0 1 -0 -0 0 0 -1
1 50 -1 0 0 1 0 0 0 0 1 0 -1 0
1 50 1 1 0 1 0 0 0 0 1 0 -1 0
1 1 1 1 0.49 1 0 0 0 0 1 0 -1 0
1 1 0 0.5 0.49 1 0 0 -0 -0 1 0 -1 0
1 1 -1 0 0.49 1 0 0 -0 -0 1 0 -1 0
1 1 0 0.5 0.49 1 0 0 0 0 0 0 0 0
1 1 1 1 0.49 1 0 0 0 0 0 0 0 0
-1 -1 0 0.51 1 0 0 1 -1 0 0 -0 -1 0
-1 1 0 0.51 0 0 0 1 -1 0 0 -0 -1 0
-50 1 0 1 0 0 0 1 -1 0 0 -0 -1 0
-50 -1 0 1 1 0 0 1 -1 0 0 0 -1 0
-1 -1 -1 0.49 0.5 0 -1 0 1 0 0 0 0 1
-1 -1 0 0.49 1 0 -1 0 1 0 0 0 0 1
-50 -1 0 0 1 0 -1 0 1 0 0 0 0 1
-1 -1 -2 0.49 0 0 -1 0 0 0 0 0 0 0
-1 -1 -1 0.49 0.5 0 -1 0 0 0 0 0 0 0
-1 -1 -2 0.49 0 0 -1 0 1 0 0 0 0 1
-50 -1 -2 0 0 0 -1 0 1 0 0 0 0 1
-50 1 -2 0 0 -1 0 0 0 -1 0 0 0 1
-50 -1 -2 1 0 -1 0 0 0 -1 0 0 0 1
-50 -1 0 1 1 -1 0 0 0 -1 0 0 0 1
-50 1 0 0 1 -1 0 0 -0 -1 0 0 0 1
-50 1 0 1 1 0 1 0 -1 -0 0 0 0 1
-1 1 0 0.51 1 0 1 0 -1 -0 0 0 0 1
-1 1 -1 0.51 0.5 0 1 0 -1 -0 0 0 0 1
-50 1 -2 1 0 0 1 0 -1 0 0 0 0 1
1 1 -1 0.49 0.5 0 1 0 -1 0 0 0 0 1
50 1 -2 0 0 0 1 0 -1 0 0 0 0 1
1 1 0 0.49 1 0 1 0 -1 0 0 0 0 1
50 1 0 0 1 0 1 0 -1 0 0 0 0 1
-1 1 -2 0 0.48 -1 0 0 0 -1 0 0 -0 1
-1 1 -50 0 0 -1 0 0 0 -1 0 0 -0 1
-1 -1 -50 1 0 -1 0 0 0 -1 0 0 -0 1
-1 -1 -2 1 0.48 -1 0 0 -0 -1 0 -0 -0 1
-1 -1 -2 1 0.48 -1 0 0 0 0 1 0 0 0
-1 -1 -50 1 0 -1 0 0 0 0 1 0 0 0
-1 -1 -1 1 0.49 -1 0 0 0 0 1 0 0 0
-1 -1 -1 1 0.49 -1 0 0 0 0 0 0 0 0
-1 -1 -2 1 0.48 -1 0 0 0 0 0 0 0 0
50 -1 -2 1 1 0 -0 -1 1 -0 -0 0 -1 0
1 -1 -2 0.51 1 0 -0 -1 1 -0 -0 0 -1 0
1 1 -2 0.51 0 0 -0 -1 1 -0 -0 0 -1 0
50 1 -2 1 0 0 -0 -1 1 -0 0 0 -1 0
50 1 -2 1 0 0 -0 -1 0 0 0 0 0 0
1 1 -2 0.51 0 0 -0 -1 0 0 0 0 0 0
-1 1 -2 0.49 0 -0 -0 -1 0 0 0 0 0 0
-50 1 -2 0 0 -0 -0 -1 0 0 0 0 0 0
-50 1 -2 0 0 -0 -0 -1 1 0 0 0 -1 0
-1 1 -2 0.49 0 -0 -0 -1 1 0 0 0 -1 0
-1 -1 -2 0.49 1 -0 -0 -1 1 0 0 0 -1 0
-50 -1 -2 0 1 0 -0 -1 1 0 0 0 -1 0
50 -1 -2 0 0 1 0 0 0 1 0 0 0 1
50 1 -2 1 0 1 0 0 0 1 0 0 0 1
50 1 0 1 1 1 0 0 0 1 0 0 0 1
50 -1 0 0 1 1 0 0 -0 1 0 0 0 1
50 -1 0 0 1 0 0 1 -1 0 0 -0 -1 0
50 1 0 0 0 0 0 1 -1 0 0 -0 -1 0
1 1 0 0.49 0 -0 0 1 -1 0 0 -0 -1 0
1 -1 0 0.49 1 0 0 1 -1 0 0 0 -1 0
1 1 0 0.49 0 -0 0 1 0 -0 0 -0 0 -0
50 -1 0 0 1 0 0 1 0 -0 0 -0 0 -0
-1 -1 -1 0 0.49 0 -1 0 1 0 0 0 0 1
-1 -1 -50 0 0 0 -1 0 1 0 0 0 0 1
1 -1 -50 1 0 0 -1 0 1 0 0 0 0 1
1 -1 -1 1 0.49 -0.0045 -1 0 1 -0 0 0 -0 1
1 -1 -1 1 0.49 -0.0045 -1 0 0 0 0 0 0 0
1 -1 -50 1 0 0 -1 0 0 0 0 0 0 0
1 -1 50 1 1 0.0001 -1 0 0 0 0 0 0 0
1 -1 1 1 0.51 0.2153 -0.9765 0 0 0 -1 0 0 0
1 -1 -1 1 0.49 -0.0045 -1 0 0 0 -1 0 0 0
1 -1 50 1 1 0.0001 -1 0 0 0 -1 0 0 0
1 -1 1 1 0.51 0.2153 -0.9765 0 1 0 0 0 0 1
1 -1 50 1 1 0.0001 -1 0 1 0 0 0 0 1
-1 -1 50 0 1 0 -1 0 1 0 0 0 0 1
-1 -1 1 0 0.51 0 -1 0 1 0 0 0 0 1
-1 1 -50 0 0 0 0 -1 1 0 0 0 -1 0
1 1 -50 1 0 0 0 -1 1 0 0 0 -1 0
1 -1 -50 1 1 0 0 -1 1 0 0 0 -1 0
-1 -1 -50 0 1 0 0 -1 1 -0 -0 0 -1 0
1 1 -2 0 0.48 0 1 -0 -1 0 0 -0 0 1
1 1 -50 0 0 0 1 -0 -1 0 0 -0 0 1
-1 1 -50 1 0 0 1 -0 -1 0 0 -0 0 1
-1 1 -2 1 0.48 0 1 -0 -1 0 0 0 0 1
1 1 0 1 0.5 1 0 0 0 1 0 0 0 1
1 1 50 1 1 1 0 0 0 1 0 0 0 1
1 -1 50 0 1 1 0 0 0 1 0 0 0 1
1 -1 0 0 0.5 1 0 0 0 1 0 0 0 1
1 1 -50 1 0 1 0 0 0 1 0 0 0 1
1 1 -2 1 0.48 1 0 0 0 1 0 0 0 1
1 -1 -2 0 0.48 1 0 0 0 1 0 0 0 1
1 -1 -50 0 0 1 0 0 0 1 0 0 0 1
1 -1 -50 0 0 1 0 0 0 0 0 0 0 0
1 -1 -2 0 0.48 1 0 0 0 0 0 0 0 0
1 -1 0 0 0.5 1 0 0 0 0 0 0 0 0
1 -1 50 0 1 1 0 0 0 0 0 0 0 0
1 -1 -2 0.51 0 0 -1 0 1 0 0 0 0 1
50 -1 -2 1 0 0 -1 0 1 0 0 0 0 1
50 -1 0 1 1 0 -1 0 1 0 0 0 0 1
1 -1 0 0.51 1 0 -1 0 1 -0 0 0 0 1
-1 1 1 1 0.51 0 1 -0 -1 0 0 0 0 1
-1 1 50 1 1 0 1 -0 -1 0 0 0 0 1
1 1 50 0 1 -0.0001 1 -0 -1 0 0 0 0 1
1 1 1 0 0.51 -0.2153 0.9765 -0 -1 0 0 0 0 1
1 1 0 0 0.5 -0 1 -0 0 0 1 0 0 0
1 1 1 0 0.51 -0.2153 0.9765 -0 0 0 1 0 0 0
1 1 50 0 1 -0.0001 1 -0 0 0 1 0 0 0
1 1 0 0 0.5 0 1 -0 0 0 0 0 0 0
1 1 50 0 1 -0.0001 1 -0 0 0 0 0 0 0
-1 1 1 0 0.51 -1 0 0 0 -1 0 0 0 1
-1 -1 1 1 0.51 -1 0 0 0 -1 0 0 0 1
-1 -1 50 1 1 -1 0 0 0 -1 0 0 0 1
-1 1 50 0 1 -1 0 0 -0 -1 0 0 0 1
1 -1 50 0 1 0 0 1 -1 0 0 -0 -1 0
1 1 50 0 0 0 0 1 -1 0 0 -0 -1 0
-1 1 50 1 0 0 0 1 -1 0 0 -0 -1 0
-1 -1 50 1 1 0 0 1 -1 0 0 0 -1 0
Index count: 252
0
1
2
2
3
0
4
5
6
7
7
7
7
7
8
4
6
9
10
11
12
13
10
12
14
15
16
17
14
16
17
16
13
18
19
20
21
22
23
24
21
23
25
26
27
28
25
27
29
30
31
32
29
31
33
34
35
35
36
33
37
38
39
39
40
37
41
42
43
43
44
41
45
46
47
48
49
45
48
45
47
50
50
51
52
53
54
54
55
52
56
57
58
59
60
60
61
56
58
62
61
58
63
64
65
65
66
63
67
68
69
70
67
69
70
69
71
72
70
71
72
71
73
72
73
74
75
76
77
78
75
77
79
80
81
82
83
82
84
85
86
87
84
86
88
89
90
91
88
90
92
93
94
92
94
95
96
97
98
98
99
96
100
101
102
102
103
100
104
105
104
104
104
104
106
107
108
109
106
108
110
111
112
113
114
115
116
117
118
119
116
118
120
121
122
122
123
120
124
125
126
126
127
124
128
129
130
131
128
130
132
133
134
135
132
134
136
137
138
136
138
139
140
141
142
142
143
140
144
145
146
147
144
146
148
149
150
151
151
152
153
154
155
155
156
153
157
158
159
159
160
157
Material name: pointLightGlass.mat
Vertex Count: 470
-5.6473 33.5425 11.7277 0.0714 0.1429 -0.1991 0.8885 0.4135 -0.974926 -0 -0.222529 0 -0.222526 0.974927
0.0004 33.5425 13.0168 0 0.1429 -0 0.8885 0.4589 -0.974926 -0 -0.222529 0 -0.222526 0.974927
0.0004 36.5135 0.0003 0 0 0 1 -0 -0.974926 -0 -0.222529 0 -0.222526 0.974927
-10.1764 33.5425 8.1159 0.1429 0.1429 -0.3588 0.8885 0.2861 -0.781835 -0 -0.623486 -0.42301 -0.222526 0.878376
-5.6473 33.5425 11.7277 0.0714 0.1429 -0.1991 0.8885 0.4135 -0.781835 -0 -0.623486 -0.42301 -0.222526 0.878376
0.0004 36.5135 0.0003 0.0714 0 0 1 -0 -0.781835 -0 -0.623486 -0.42301 -0.222526 0.878376
0.0004 33.5425 13.0168 1 0.1429 -0 0.8885 0.4589 -0.974925 -0 0.222533 0.423004 -0.222527 0.878379
5.648 33.5425 11.7277 0.9286 0.1429 0.1991 0.8885 0.4135 -0.974925 -0 0.222533 0.423004 -0.222527 0.878379
0.0004 36.5135 0.0003 0.9286 0 0 1 -0 -0.974925 -0 0.222533 0.423004 -0.222527 0.878379
-5.6473 33.5425 11.7277 0.0714 0.1429 -0.1991 0.8885 0.4135 -0.974928 0 -0.222522 -0.339227 -0.623486 0.704408
-10.1764 25.2182 21.1324 0.0714 0.2857 -0.3443 0.6085 0.715 -0.974928 0 -0.222522 -0.339227 -0.623486 0.704408
0.0004 25.2182 23.4552 0 0.2857 -0 0.6085 0.7935 -0.974928 0 -0.222522 -0.339227 -0.623486 0.704408
0.0004 25.2182 23.4552 0 0.2857 -0 0.6085 0.7935 -0.974926 0 -0.222529 -0 -0.623488 0.781833
0.0004 33.5425 13.0168 0 0.1429 -0 0.8885 0.4589 -0.974926 0 -0.222529 -0 -0.623488 0.781833
-5.6473 33.5425 11.7277 0.0714 0.1429 -0.1991 0.8885 0.4135 -0.974926 0 -0.222529 -0 -0.623488 0.781833
-12.6898 33.5425 2.8967 0.2143 0.1429 -0.4474 0.8885 0.1021 -0.433879 -0 -0.900971 -0.762233 -0.222525 0.607851
-10.1764 33.5425 8.1159 0.1429 0.1429 -0.3588 0.8885 0.2861 -0.433879 -0 -0.900971 -0.762233 -0.222525 0.607851
0.0004 36.5135 0.0003 0.1429 0 0 1 -0 -0.433879 -0 -0.900971 -0.762233 -0.222525 0.607851
-10.1764 33.5425 8.1159 0.1429 0.1429 -0.3588 0.8885 0.2861 -0.781834 0 -0.623486 -0.611262 -0.623485 0.487468
-18.3375 25.2182 14.6242 0.1429 0.2857 -0.6204 0.6085 0.4948 -0.781834 0 -0.623486 -0.611262 -0.623485 0.487468
-10.1764 25.2182 21.1324 0.0714 0.2857 -0.3443 0.6085 0.715 -0.781834 0 -0.623486 -0.611262 -0.623485 0.487468
-10.1764 25.2182 21.1324 0.0714 0.2857 -0.3443 0.6085 0.715 -0.781835 0 -0.623486 -0.339227 -0.623486 0.704407
-5.6473 33.5425 11.7277 0.0714 0.1429 -0.1991 0.8885 0.4135 -0.781835 0 -0.623486 -0.339227 -0.623486 0.704407
-10.1764 33.5425 8.1159 0.1429 0.1429 -0.3588 0.8885 0.2861 -0.781835 0 -0.623486 -0.339227 -0.623486 0.704407
5.648 33.5425 11.7277 0.9286 0.1429 0.1991 0.8885 0.4135 -0.781835 -0 0.623486 0.76223 -0.222527 0.607855
10.1771 33.5425 8.1159 0.8571 0.1429 0.3588 0.8885 0.2861 -0.781835 -0 0.623486 0.76223 -0.222527 0.607855
0.0004 36.5135 0.0003 0.8571 0 0 1 -0 -0.781835 -0 0.623486 0.76223 -0.222527 0.607855
0.0004 33.5425 13.0168 1 0.1429 -0 0.8885 0.4589 -0.974927 0 0.222524 0 -0.623488 0.781833
0.0004 25.2182 23.4552 1 0.2857 -0 0.6085 0.7935 -0.974927 0 0.222524 0 -0.623488 0.781833
10.1771 25.2182 21.1324 0.9286 0.2857 0.3443 0.6085 0.715 -0.974927 0 0.222524 0 -0.623488 0.781833
10.1771 25.2182 21.1324 0.9286 0.2857 0.3443 0.6085 0.715 -0.974925 0 0.222533 0.339227 -0.623486 0.704408
5.648 33.5425 11.7277 0.9286 0.1429 0.1991 0.8885 0.4135 -0.974925 0 0.222533 0.339227 -0.623486 0.704408
0.0004 33.5425 13.0168 1 0.1429 -0 0.8885 0.4589 -0.974925 0 0.222533 0.339227 -0.623486 0.704408
-10.1764 25.2182 21.1324 0.0714 0.2857 -0.3443 0.6085 0.715 -0.974927 0 -0.222524 -0.188252 -0.90097 0.390914
-12.6898 13.1891 26.3516 0.0714 0.4286 -0.4236 0.216 0.8797 -0.974927 0 -0.222524 -0.188252 -0.90097 0.390914
0.0004 13.1891 29.2481 0 0.4286 -0 0.216 0.9764 -0.974927 0 -0.222524 -0.188252 -0.90097 0.390914
0.0004 13.1891 29.2481 0 0.4286 -0 0.216 0.9764 -0.974928 0 -0.222522 -0 -0.900969 0.433883
0.0004 25.2182 23.4552 0 0.2857 -0 0.6085 0.7935 -0.974928 0 -0.222522 -0 -0.900969 0.433883
-10.1764 25.2182 21.1324 0.0714 0.2857 -0.3443 0.6085 0.715 -0.974928 0 -0.222522 -0 -0.900969 0.433883
-12.6898 33.5425 -2.8962 0.2857 0.1429 -0.4474 0.8885 -0.1021 -0 -0 -1 -0.950484 -0.222525 0.216938
-12.6898 33.5425 2.8967 0.2143 0.1429 -0.4474 0.8885 0.1021 -0 -0 -1 -0.950484 -0.222525 0.216938
0.0004 36.5135 0.0003 0.2143 0 0 1 -0 -0 -0 -1 -0.950484 -0.222525 0.216938
-12.6898 33.5425 2.8967 0.2143 0.1429 -0.4474 0.8885 0.1021 -0.433879 0 -0.900971 -0.762231 -0.623487 0.173977
-22.8665 25.2182 5.2195 0.2143 0.2857 -0.7737 0.6085 0.1766 -0.433879 0 -0.900971 -0.762231 -0.623487 0.173977
-18.3375 25.2182 14.6242 0.1429 0.2857 -0.6204 0.6085 0.4948 -0.433879 0 -0.900971 -0.762231 -0.623487 0.173977
-18.3375 25.2182 14.6242 0.1429 0.2857 -0.6204 0.6085 0.4948 -0.433879 0 -0.900971 -0.611262 -0.623485 0.487468
-10.1764 33.5425 8.1159 0.1429 0.1429 -0.3588 0.8885 0.2861 -0.433879 0 -0.900971 -0.611262 -0.623485 0.487468
-12.6898 33.5425 2.8967 0.2143 0.1429 -0.4474 0.8885 0.1021 -0.433879 0 -0.900971 -0.611262 -0.623485 0.487468
-18.3375 25.2182 14.6242 0.1429 0.2857 -0.6204 0.6085 0.4948 -0.781833 0 -0.623488 -0.339219 -0.900971 0.270521
-22.8665 13.1891 18.236 0.1429 0.4286 -0.7634 0.216 0.6088 -0.781833 0 -0.623488 -0.339219 -0.900971 0.270521
-12.6898 13.1891 26.3516 0.0714 0.4286 -0.4236 0.216 0.8797 -0.781833 0 -0.623488 -0.339219 -0.900971 0.270521
-12.6898 13.1891 26.3516 0.0714 0.4286 -0.4236 0.216 0.8797 -0.781834 0 -0.623486 -0.188252 -0.90097 0.390914
-10.1764 25.2182 21.1324 0.0714 0.2857 -0.3443 0.6085 0.715 -0.781834 0 -0.623486 -0.188252 -0.90097 0.390914
-18.3375 25.2182 14.6242 0.1429 0.2857 -0.6204 0.6085 0.4948 -0.781834 0 -0.623486 -0.188252 -0.90097 0.390914
10.1771 33.5425 8.1159 0.8571 0.1429 0.3588 0.8885 0.2861 -0.433879 -0 0.900971 0.950484 -0.222527 0.216939
12.6905 33.5425 2.8967 0.7857 0.1429 0.4474 0.8885 0.1021 -0.433879 -0 0.900971 0.950484 -0.222527 0.216939
0.0004 36.5135 0.0003 0.7857 0 0 1 -0 -0.433879 -0 0.900971 0.950484 -0.222527 0.216939
5.648 33.5425 11.7277 0.9286 0.1429 0.1991 0.8885 0.4135 -0.781834 0 0.623486 0.339227 -0.623486 0.704408
10.1771 25.2182 21.1324 0.9286 0.2857 0.3443 0.6085 0.715 -0.781834 0 0.623486 0.339227 -0.623486 0.704408
18.3382 25.2182 14.6242 0.8571 0.2857 0.6204 0.6085 0.4948 -0.781834 0 0.623486 0.339227 -0.623486 0.704408
18.3382 25.2182 14.6242 0.8571 0.2857 0.6204 0.6085 0.4948 -0.781835 0 0.623486 0.611262 -0.623485 0.487468
10.1771 33.5425 8.1159 0.8571 0.1429 0.3588 0.8885 0.2861 -0.781835 0 0.623486 0.611262 -0.623485 0.487468
5.648 33.5425 11.7277 0.9286 0.1429 0.1991 0.8885 0.4135 -0.781835 0 0.623486 0.611262 -0.623485 0.487468
0.0004 25.2182 23.4552 1 0.2857 -0 0.6085 0.7935 -0.974928 0 0.222519 0 -0.900969 0.433883
0.0004 13.1891 29.2481 1 0.4286 -0 0.216 0.9764 -0.974928 0 0.222519 0 -0.900969 0.433883
12.6905 13.1891 26.3517 0.9286 0.4286 0.4236 0.216 0.8797 -0.974928 0 0.222519 0 -0.900969 0.433883
12.6905 13.1891 26.3517 0.9286 0.4286 0.4236 0.216 0.8797 -0.974927 0 0.222524 0.188251 -0.900968 0.39092
10.1771 25.2182 21.1324 0.9286 0.2857 0.3443 0.6085 0.715 -0.974927 0 0.222524 0.188251 -0.900968 0.39092
0.0004 25.2182 23.4552 1 0.2857 -0 0.6085 0.7935 -0.974927 0 0.222524 0.188251 -0.900968 0.39092
-12.6898 13.1891 26.3516 0.0714 0.4286 -0.4236 0.216 0.8797 -0.974927 0 -0.222524 0 -1 0
-12.6898 -0.162199 26.3516 0.0714 0.5714 -0.4236 -0.216 0.8797 -0.974927 0 -0.222524 0 -1 0
0.0004 -0.162199 29.2481 0 0.5714 -0 -0.216 0.9764 -0.974927 0 -0.222524 0 -1 0
0.0004 13.1891 29.2481 0 0.4286 -0 0.216 0.9764 -0.974927 0 -0.222524 -0 -1 -0
-10.1764 33.5425 -8.1154 0.3571 0.1429 -0.3588 0.8885 -0.2861 0.433879 -0 -0.900971 -0.950483 -0.222525 -0.216945
-12.6898 33.5425 -2.8962 0.2857 0.1429 -0.4474 0.8885 -0.1021 0.433879 -0 -0.900971 -0.950483 -0.222525 -0.216945
0.0004 36.5135 0.0003 0.2857 0 0 1 -0 0.433879 -0 -0.900971 -0.950483 -0.222525 -0.216945
-12.6898 33.5425 -2.8962 0.2857 0.1429 -0.4474 0.8885 -0.1021 0 0 -1 -0.762231 -0.623487 -0.173977
-22.8665 25.2182 -5.219 0.2857 0.2857 -0.7737 0.6085 -0.1766 0 0 -1 -0.762231 -0.623487 -0.173977
-22.8665 25.2182 5.2195 0.2143 0.2857 -0.7737 0.6085 0.1766 0 0 -1 -0.762231 -0.623487 -0.173977
-22.8665 25.2182 5.2195 0.2143 0.2857 -0.7737 0.6085 0.1766 0 0 -1 -0.762231 -0.623487 0.173977
-12.6898 33.5425 2.8967 0.2143 0.1429 -0.4474 0.8885 0.1021 0 0 -1 -0.762231 -0.623487 0.173977
-12.6898 33.5425 -2.8962 0.2857 0.1429 -0.4474 0.8885 -0.1021 0 0 -1 -0.762231 -0.623487 0.173977
-22.8665 25.2182 5.2195 0.2143 0.2857 -0.7737 0.6085 0.1766 -0.433886 0 -0.900968 -0.423007 -0.900968 0.0965449
-28.5142 13.1891 6.5085 0.2143 0.4286 -0.9519 0.216 0.2173 -0.433886 0 -0.900968 -0.423007 -0.900968 0.0965449
-22.8665 13.1891 18.236 0.1429 0.4286 -0.7634 0.216 0.6088 -0.433886 0 -0.900968 -0.423007 -0.900968 0.0965449
-22.8665 13.1891 18.236 0.1429 0.4286 -0.7634 0.216 0.6088 -0.433879 0 -0.900971 -0.339219 -0.900971 0.270521
-18.3375 25.2182 14.6242 0.1429 0.2857 -0.6204 0.6085 0.4948 -0.433879 0 -0.900971 -0.339219 -0.900971 0.270521
-22.8665 25.2182 5.2195 0.2143 0.2857 -0.7737 0.6085 0.1766 -0.433879 0 -0.900971 -0.339219 -0.900971 0.270521
-22.8665 13.1891 18.236 0.1429 0.4286 -0.7634 0.216 0.6088 -0.781833 0 -0.623488 0 -1 0
-22.8665 -0.162199 18.236 0.1429 0.5714 -0.7634 -0.216 0.6088 -0.781833 0 -0.623488 0 -1 0
-12.6898 -0.162199 26.3516 0.0714 0.5714 -0.4236 -0.216 0.8797 -0.781833 0 -0.623488 0 -1 0
-12.6898 13.1891 26.3516 0.0714 0.4286 -0.4236 0.216 0.8797 -0.781833 0 -0.623488 -0 -1 -0
12.6905 33.5425 2.8967 0.7857 0.1429 0.4474 0.8885 0.1021 0 -0 1 0.950482 -0.222526 -0.216946
12.6905 33.5425 -2.8962 0.7143 0.1429 0.4474 0.8885 -0.1021 0 -0 1 0.950482 -0.222526 -0.216946
0.0004 36.5135 0.0003 0.7143 0 0 1 -0 0 -0 1 0.950482 -0.222526 -0.216946
10.1771 33.5425 8.1159 0.8571 0.1429 0.3588 0.8885 0.2861 -0.433879 0 0.900971 0.611262 -0.623485 0.487468
18.3382 25.2182 14.6242 0.8571 0.2857 0.6204 0.6085 0.4948 -0.433879 0 0.900971 0.611262 -0.623485 0.487468
22.8672 25.2182 5.2195 0.7857 0.2857 0.7737 0.6085 0.1766 -0.433879 0 0.900971 0.611262 -0.623485 0.487468
22.8672 25.2182 5.2195 0.7857 0.2857 0.7737 0.6085 0.1766 -0.433879 0 0.900971 0.762231 -0.623487 0.173977
12.6905 33.5425 2.8967 0.7857 0.1429 0.4474 0.8885 0.1021 -0.433879 0 0.900971 0.762231 -0.623487 0.173977
10.1771 33.5425 8.1159 0.8571 0.1429 0.3588 0.8885 0.2861 -0.433879 0 0.900971 0.762231 -0.623487 0.173977
10.1771 25.2182 21.1324 0.9286 0.2857 0.3443 0.6085 0.715 -0.781829 0 0.623492 0.188251 -0.900968 0.39092
12.6905 13.1891 26.3517 0.9286 0.4286 0.4236 0.216 0.8797 -0.781829 0 0.623492 0.188251 -0.900968 0.39092
22.8672 13.1891 18.236 0.8571 0.4286 0.7634 0.216 0.6088 -0.781829 0 0.623492 0.188251 -0.900968 0.39092
22.8672 13.1891 18.236 0.8571 0.4286 0.7634 0.216 0.6088 -0.781834 0 0.623486 0.339219 -0.900971 0.270521
18.3382 25.2182 14.6242 0.8571 0.2857 0.6204 0.6085 0.4948 -0.781834 0 0.623486 0.339219 -0.900971 0.270521
10.1771 25.2182 21.1324 0.9286 0.2857 0.3443 0.6085 0.715 -0.781834 0 0.623486 0.339219 -0.900971 0.270521
0.0004 13.1891 29.2481 1 0.4286 -0 0.216 0.9764 -0.974928 0 0.222519 0 -1 0
0.0004 -0.162199 29.2481 1 0.5714 -0 -0.216 0.9764 -0.974928 0 0.222519 0 -1 0
12.6905 -0.162199 26.3517 0.9286 0.5714 0.4236 -0.216 0.8797 -0.974928 0 0.222519 0 -1 0
12.6905 13.1891 26.3517 0.9286 0.4286 0.4236 0.216 0.8797 -0.974928 0 0.222519 -0 -1 0
-12.6898 -0.162199 26.3516 0.0714 0.5714 -0.4236 -0.216 0.8797 -0.974928 0 -0.222522 0.188253 -0.900969 -0.390917
-10.1764 -12.1912 21.1324 0.0714 0.7143 -0.371 -0.5184 0.7704 -0.974928 0 -0.222522 0.188253 -0.900969 -0.390917
0.0004 -12.1912 23.4552 0 0.7143 0 -0.5184 0.8551 -0.974928 0 -0.222522 0.188253 -0.900969 -0.390917
0.0004 -12.1912 23.4552 0 0.7143 0 -0.5184 0.8551 -0.974927 0 -0.222524 -0 -0.900968 -0.433886
0.0004 -0.162199 29.2481 0 0.5714 -0 -0.216 0.9764 -0.974927 0 -0.222524 -0 -0.900968 -0.433886
-12.6898 -0.162199 26.3516 0.0714 0.5714 -0.4236 -0.216 0.8797 -0.974927 0 -0.222524 -0 -0.900968 -0.433886
-5.6473 33.5425 -11.7272 0.4286 0.1429 -0.1991 0.8885 -0.4135 0.781835 -0 -0.623486 -0.76223 -0.222524 -0.607856
-10.1764 33.5425 -8.1154 0.3571 0.1429 -0.3588 0.8885 -0.2861 0.781835 -0 -0.623486 -0.76223 -0.222524 -0.607856
0.0004 36.5135 0.0003 0.3571 0 0 1 -0 0.781835 -0 -0.623486 -0.76223 -0.222524 -0.607856
-10.1764 33.5425 -8.1154 0.3571 0.1429 -0.3588 0.8885 -0.2861 0.433879 0 -0.900971 -0.611262 -0.623485 -0.487468
-18.3375 25.2182 -14.6237 0.3571 0.2857 -0.6204 0.6085 -0.4948 0.433879 0 -0.900971 -0.611262 -0.623485 -0.487468
-22.8665 25.2182 -5.219 0.2857 0.2857 -0.7737 0.6085 -0.1766 0.433879 0 -0.900971 -0.611262 -0.623485 -0.487468
-22.8665 25.2182 -5.219 0.2857 0.2857 -0.7737 0.6085 -0.1766 0.433879 0 -0.900971 -0.762231 -0.623487 -0.173977
-12.6898 33.5425 -2.8962 0.2857 0.1429 -0.4474 0.8885 -0.1021 0.433879 0 -0.900971 -0.762231 -0.623487 -0.173977
-10.1764 33.5425 -8.1154 0.3571 0.1429 -0.3588 0.8885 -0.2861 0.433879 0 -0.900971 -0.762231 -0.623487 -0.173977
-22.8665 25.2182 -5.219 0.2857 0.2857 -0.7737 0.6085 -0.1766 0 0 -1 -0.423007 -0.900968 -0.0965449
-28.5142 13.1891 -6.508 0.2857 0.4286 -0.9519 0.216 -0.2173 0 0 -1 -0.423007 -0.900968 -0.0965449
-28.5142 13.1891 6.5085 0.2143 0.4286 -0.9519 0.216 0.2173 0 0 -1 -0.423007 -0.900968 -0.0965449
-28.5142 13.1891 6.5085 0.2143 0.4286 -0.9519 0.216 0.2173 0 0 -1 -0.423007 -0.900968 0.0965449
-22.8665 25.2182 5.2195 0.2143 0.2857 -0.7737 0.6085 0.1766 0 0 -1 -0.423007 -0.900968 0.0965449
-22.8665 25.2182 -5.219 0.2857 0.2857 -0.7737 0.6085 -0.1766 0 0 -1 -0.423007 -0.900968 0.0965449
-28.5142 13.1891 6.5085 0.2143 0.4286 -0.9519 0.216 0.2173 -0.433886 0 -0.900968 0 -1 0
-28.5142 -0.162199 6.5085 0.2143 0.5714 -0.9519 -0.216 0.2173 -0.433886 0 -0.900968 0 -1 0
-22.8665 -0.162199 18.236 0.1429 0.5714 -0.7634 -0.216 0.6088 -0.433886 0 -0.900968 0 -1 0
-22.8665 13.1891 18.236 0.1429 0.4286 -0.7634 0.216 0.6088 -0.433886 0 -0.900968 -0 -1 -0
-22.8665 -0.162199 18.236 0.1429 0.5714 -0.7634 -0.216 0.6088 -0.781834 0 -0.623486 0.339221 -0.90097 -0.270523
-18.3375 -12.1912 14.6242 0.1429 0.7143 -0.6686 -0.5184 0.5332 -0.781834 0 -0.623486 0.339221 -0.90097 -0.270523
-10.1764 -12.1912 21.1324 0.0714 0.7143 -0.371 -0.5184 0.7704 -0.781834 0 -0.623486 0.339221 -0.90097 -0.270523
-10.1764 -12.1912 21.1324 0.0714 0.7143 -0.371 -0.5184 0.7704 -0.781833 0 -0.623488 0.188253 -0.900969 -0.390917
-12.6898 -0.162199 26.3516 0.0714 0.5714 -0.4236 -0.216 0.8797 -0.781833 0 -0.623488 0.188253 -0.900969 -0.390917
-22.8665 -0.162199 18.236 0.1429 0.5714 -0.7634 -0.216 0.6088 -0.781833 0 -0.623488 0.188253 -0.900969 -0.390917
12.6905 33.5425 -2.8962 0.7143 0.1429 0.4474 0.8885 -0.1021 0.433879 -0 0.900971 0.762227 -0.222526 -0.607859
10.1771 33.5425 -8.1154 0.6429 0.1429 0.3588 0.8885 -0.2861 0.433879 -0 0.900971 0.762227 -0.222526 -0.607859
0.0004 36.5135 0.0003 0.6429 0 0 1 -0 0.433879 -0 0.900971 0.762227 -0.222526 -0.607859
12.6905 33.5425 2.8967 0.7857 0.1429 0.4474 0.8885 0.1021 0 0 1 0.762231 -0.623487 0.173977
22.8672 25.2182 5.2195 0.7857 0.2857 0.7737 0.6085 0.1766 0 0 1 0.762231 -0.623487 0.173977
22.8672 25.2182 -5.219 0.7143 0.2857 0.7737 0.6085 -0.1766 0 0 1 0.762231 -0.623487 0.173977
22.8672 25.2182 -5.219 0.7143 0.2857 0.7737 0.6085 -0.1766 0 0 1 0.762231 -0.623487 -0.173977
12.6905 33.5425 -2.8962 0.7143 0.1429 0.4474 0.8885 -0.1021 0 0 1 0.762231 -0.623487 -0.173977
12.6905 33.5425 2.8967 0.7857 0.1429 0.4474 0.8885 0.1021 0 0 1 0.762231 -0.623487 -0.173977
18.3382 25.2182 14.6242 0.8571 0.2857 0.6204 0.6085 0.4948 -0.433886 0 0.900968 0.339219 -0.900971 0.270521
22.8672 13.1891 18.236 0.8571 0.4286 0.7634 0.216 0.6088 -0.433886 0 0.900968 0.339219 -0.900971 0.270521
28.5149 13.1891 6.5085 0.7857 0.4286 0.9519 0.216 0.2173 -0.433886 0 0.900968 0.339219 -0.900971 0.270521
28.5149 13.1891 6.5085 0.7857 0.4286 0.9519 0.216 0.2173 -0.433879 0 0.900971 0.423007 -0.900968 0.0965449
22.8672 25.2182 5.2195 0.7857 0.2857 0.7737 0.6085 0.1766 -0.433879 0 0.900971 0.423007 -0.900968 0.0965449
18.3382 25.2182 14.6242 0.8571 0.2857 0.6204 0.6085 0.4948 -0.433879 0 0.900971 0.423007 -0.900968 0.0965449
12.6905 13.1891 26.3517 0.9286 0.4286 0.4236 0.216 0.8797 -0.78183 0 0.623492 0 -1 0
12.6905 -0.162199 26.3517 0.9286 0.5714 0.4236 -0.216 0.8797 -0.78183 0 0.623492 0 -1 0
22.8672 -0.162199 18.236 0.8571 0.5714 0.7634 -0.216 0.6088 -0.78183 0 0.623492 0 -1 0
22.8672 13.1891 18.236 0.8571 0.4286 0.7634 0.216 0.6088 -0.78183 0 0.623492 -0 -1 0
0.0004 -0.162199 29.2481 1 0.5714 -0 -0.216 0.9764 -0.974927 0 0.222524 0 -0.900968 -0.433886
0.0004 -12.1912 23.4552 1 0.7143 0 -0.5184 0.8551 -0.974927 0 0.222524 0 -0.900968 -0.433886
10.1771 -12.1912 21.1324 0.9286 0.7143 0.371 -0.5184 0.7704 -0.974927 0 0.222524 0 -0.900968 -0.433886
10.1771 -12.1912 21.1324 0.9286 0.7143 0.371 -0.5184 0.7704 -0.974928 0 0.222519 -0.188252 -0.900966 -0.390923
12.6905 -0.162199 26.3517 0.9286 0.5714 0.4236 -0.216 0.8797 -0.974928 0 0.222519 -0.188252 -0.900966 -0.390923
0.0004 -0.162199 29.2481 1 0.5714 -0 -0.216 0.9764 -0.974928 0 0.222519 -0.188252 -0.900966 -0.390923
0 -24.5169 13.96 0 0.8442 -0.1776 -0.6006 0.7796 -0.784271 0.588534 0.196334 0 0 0
0.0004 -24.5172 13.9599 0 0.8442 0.0517 -0.6095 0.7911 -0.784271 0.588534 0.196334 0 0 0
0.0004 -12.1912 23.4552 0 0.7143 0 -0.5184 0.8551 -0.784271 0.588534 0.196334 0 0 0
-5.954 -24.8238 12.3647 0.0714 0.8475 -0.3096 -0.6098 0.7295 -0.9751 0.00101858 -0.221762 -2.57002e-005 -0.792192 -0.610272
0 -24.5169 13.96 0 0.8442 -0.1776 -0.6006 0.7796 -0.9751 0.00101858 -0.221762 -2.57002e-005 -0.792192 -0.610272
0.0004 -12.1912 23.4552 0 0.7143 0 -0.5184 0.8551 -0.9751 0.00101858 -0.221762 -2.57002e-005 -0.792192 -0.610272
-10.1764 -12.1912 21.1324 0.0714 0.7143 -0.371 -0.5184 0.7704 -0.974928 -0 -0.222522 0.264789 -0.792197 -0.549827
-5.954 -24.8238 12.3647 0.0714 0.8475 -0.3096 -0.6098 0.7295 -0.974928 -0 -0.222522 0.264789 -0.792197 -0.549827
0.0004 -12.1912 23.4552 0 0.7143 0 -0.5184 0.8551 -0.974928 -0 -0.222522 0.264789 -0.792197 -0.549827
0.0004 33.5425 -13.0163 0.5 0.1429 -0 0.8885 -0.4589 0.974926 -0 -0.222529 -0.423007 -0.222525 -0.878378
-5.6473 33.5425 -11.7272 0.4286 0.1429 -0.1991 0.8885 -0.4135 0.974926 -0 -0.222529 -0.423007 -0.222525 -0.878378
0.0004 36.5135 0.0003 0.4286 0 0 1 -0 0.974926 -0 -0.222529 -0.423007 -0.222525 -0.878378
-5.6473 33.5425 -11.7272 0.4286 0.1429 -0.1991 0.8885 -0.4135 0.781834 0 -0.623486 -0.339227 -0.623486 -0.704408
-10.1764 25.2182 -21.1319 0.4286 0.2857 -0.3443 0.6085 -0.715 0.781834 0 -0.623486 -0.339227 -0.623486 -0.704408
-18.3375 25.2182 -14.6237 0.3571 0.2857 -0.6204 0.6085 -0.4948 0.781834 0 -0.623486 -0.339227 -0.623486 -0.704408
-18.3375 25.2182 -14.6237 0.3571 0.2857 -0.6204 0.6085 -0.4948 0.781835 0 -0.623486 -0.611262 -0.623485 -0.487468
-10.1764 33.5425 -8.1154 0.3571 0.1429 -0.3588 0.8885 -0.2861 0.781835 0 -0.623486 -0.611262 -0.623485 -0.487468
-5.6473 33.5425 -11.7272 0.4286 0.1429 -0.1991 0.8885 -0.4135 0.781835 0 -0.623486 -0.611262 -0.623485 -0.487468
-18.3375 25.2182 -14.6237 0.3571 0.2857 -0.6204 0.6085 -0.4948 0.433886 0 -0.900968 -0.339219 -0.900971 -0.270521
-22.8665 13.1891 -18.2355 0.3571 0.4286 -0.7634 0.216 -0.6088 0.433886 0 -0.900968 -0.339219 -0.900971 -0.270521
-28.5142 13.1891 -6.508 0.2857 0.4286 -0.9519 0.216 -0.2173 0.433886 0 -0.900968 -0.339219 -0.900971 -0.270521
-28.5142 13.1891 -6.508 0.2857 0.4286 -0.9519 0.216 -0.2173 0.433879 0 -0.900971 -0.423007 -0.900968 -0.0965449
-22.8665 25.2182 -5.219 0.2857 0.2857 -0.7737 0.6085 -0.1766 0.433879 0 -0.900971 -0.423007 -0.900968 -0.0965449
-18.3375 25.2182 -14.6237 0.3571 0.2857 -0.6204 0.6085 -0.4948 0.433879 0 -0.900971 -0.423007 -0.900968 -0.0965449
-28.5142 13.1891 -6.508 0.2857 0.4286 -0.9519 0.216 -0.2173 0 0 -1 0 -1 0
-28.5142 -0.162199 -6.508 0.2857 0.5714 -0.9519 -0.216 -0.2173 0 0 -1 0 -1 0
-28.5142 -0.162199 6.5085 0.2143 0.5714 -0.9519 -0.216 0.2173 0 0 -1 0 -1 0
-28.5142 13.1891 6.5085 0.2143 0.4286 -0.9519 0.216 0.2173 0 0 -1 0 -1 -0
-28.5142 -0.162199 6.5085 0.2143 0.5714 -0.9519 -0.216 0.2173 -0.433879 0 -0.900971 0.42301 -0.900967 -0.0965455
-22.8665 -12.1912 5.2195 0.2143 0.7143 -0.8337 -0.5184 0.1903 -0.433879 0 -0.900971 0.42301 -0.900967 -0.0965455
-18.3375 -12.1912 14.6242 0.1429 0.7143 -0.6686 -0.5184 0.5332 -0.433879 0 -0.900971 0.42301 -0.900967 -0.0965455
-18.3375 -12.1912 14.6242 0.1429 0.7143 -0.6686 -0.5184 0.5332 -0.433886 0 -0.900968 0.339221 -0.90097 -0.270523
-22.8665 -0.162199 18.236 0.1429 0.5714 -0.7634 -0.216 0.6088 -0.433886 0 -0.900968 0.339221 -0.90097 -0.270523
-28.5142 -0.162199 6.5085 0.2143 0.5714 -0.9519 -0.216 0.2173 -0.433886 0 -0.900968 0.339221 -0.90097 -0.270523
-6.9799 -24.2583 12.0898 0.0837 0.8415 -0.4985 -0.6005 0.6252 -0.780282 -0.00330026 -0.62542 0.264789 -0.792197 -0.549827
-5.954 -24.8238 12.3647 0.0714 0.8475 -0.3096 -0.6098 0.7295 -0.780282 -0.00330026 -0.62542 0.264789 -0.792197 -0.549827
-10.1764 -12.1912 21.1324 0.0714 0.7143 -0.371 -0.5184 0.7704 -0.780282 -0.00330026 -0.62542 0.264789 -0.792197 -0.549827
-10.6089 -25.0234 8.4608 0.1429 0.8496 -0.6049 -0.6101 0.5117 -0.782148 0.000678985 -0.623092 0.262719 -0.791923 -0.551214
-6.9799 -24.2583 12.0898 0.0837 0.8415 -0.4985 -0.6005 0.6252 -0.782148 0.000678985 -0.623092 0.262719 -0.791923 -0.551214
-10.1764 -12.1912 21.1324 0.0714 0.7143 -0.371 -0.5184 0.7704 -0.782148 0.000678985 -0.623092 0.262719 -0.791923 -0.551214
-18.3375 -12.1912 14.6242 0.1429 0.7143 -0.6686 -0.5184 0.5332 -0.781834 -0 -0.623486 0.477125 -0.792195 -0.380497
-10.6089 -25.0234 8.4608 0.1429 0.8496 -0.6049 -0.6101 0.5117 -0.781834 -0 -0.623486 0.477125 -0.792195 -0.380497
-10.1764 -12.1912 21.1324 0.0714 0.7143 -0.371 -0.5184 0.7704 -0.781834 -0 -0.623486 0.477125 -0.792195 -0.380497
10.1771 33.5425 -8.1154 0.6429 0.1429 0.3588 0.8885 -0.2861 0.781835 -0 0.623486 0.423001 -0.222526 -0.878381
5.648 33.5425 -11.7272 0.5714 0.1429 0.1991 0.8885 -0.4135 0.781835 -0 0.623486 0.423001 -0.222526 -0.878381
0.0004 36.5135 0.0003 0.5714 0 0 1 -0 0.781835 -0 0.623486 0.423001 -0.222526 -0.878381
12.6905 33.5425 -2.8962 0.7143 0.1429 0.4474 0.8885 -0.1021 0.433879 0 0.900971 0.762231 -0.623487 -0.173977
22.8672 25.2182 -5.219 0.7143 0.2857 0.7737 0.6085 -0.1766 0.433879 0 0.900971 0.762231 -0.623487 -0.173977
18.3382 25.2182 -14.6237 0.6429 0.2857 0.6204 0.6085 -0.4948 0.433879 0 0.900971 0.762231 -0.623487 -0.173977
18.3382 25.2182 -14.6237 0.6429 0.2857 0.6204 0.6085 -0.4948 0.433879 0 0.900971 0.611262 -0.623485 -0.487468
10.1771 33.5425 -8.1154 0.6429 0.1429 0.3588 0.8885 -0.2861 0.433879 0 0.900971 0.611262 -0.623485 -0.487468
12.6905 33.5425 -2.8962 0.7143 0.1429 0.4474 0.8885 -0.1021 0.433879 0 0.900971 0.611262 -0.623485 -0.487468
22.8672 25.2182 5.2195 0.7857 0.2857 0.7737 0.6085 0.1766 0 0 1 0.423007 -0.900968 0.0965449
28.5149 13.1891 6.5085 0.7857 0.4286 0.9519 0.216 0.2173 0 0 1 0.423007 -0.900968 0.0965449
28.5149 13.1891 -6.508 0.7143 0.4286 0.9519 0.216 -0.2173 0 0 1 0.423007 -0.900968 0.0965449
28.5149 13.1891 -6.508 0.7143 0.4286 0.9519 0.216 -0.2173 0 0 1 0.423007 -0.900968 -0.0965449
22.8672 25.2182 -5.219 0.7143 0.2857 0.7737 0.6085 -0.1766 0 0 1 0.423007 -0.900968 -0.0965449
22.8672 25.2182 5.2195 0.7857 0.2857 0.7737 0.6085 0.1766 0 0 1 0.423007 -0.900968 -0.0965449
22.8672 13.1891 18.236 0.8571 0.4286 0.7634 0.216 0.6088 -0.433886 0 0.900968 0 -1 0
22.8672 -0.162199 18.236 0.8571 0.5714 0.7634 -0.216 0.6088 -0.433886 0 0.900968 0 -1 0
28.5149 -0.162199 6.5085 0.7857 0.5714 0.9519 -0.216 0.2173 -0.433886 0 0.900968 0 -1 0
28.5149 13.1891 6.5085 0.7857 0.4286 0.9519 0.216 0.2173 -0.433886 0 0.900968 -0 -1 0
12.6905 -0.162199 26.3517 0.9286 0.5714 0.4236 -0.216 0.8797 -0.781834 0 0.623486 -0.188252 -0.900966 -0.390923
10.1771 -12.1912 21.1324 0.9286 0.7143 0.371 -0.5184 0.7704 -0.781834 0 0.623486 -0.188252 -0.900966 -0.390923
18.3382 -12.1912 14.6242 0.8571 0.7143 0.6686 -0.5184 0.5332 -0.781834 0 0.623486 -0.188252 -0.900966 -0.390923
18.3382 -12.1912 14.6242 0.8571 0.7143 0.6686 -0.5184 0.5332 -0.78183 0 0.623492 -0.339221 -0.90097 -0.270523
22.8672 -0.162199 18.236 0.8571 0.5714 0.7634 -0.216 0.6088 -0.78183 0 0.623492 -0.339221 -0.90097 -0.270523
12.6905 -0.162199 26.3517 0.9286 0.5714 0.4236 -0.216 0.8797 -0.78183 0 0.623492 -0.339221 -0.90097 -0.270523
10.1771 -12.1912 21.1324 0.9286 0.7143 0.371 -0.5184 0.7704 -0.974927 0 0.222524 0 -0.792196 -0.610266
0.0004 -12.1912 23.4552 1 0.7143 0 -0.5184 0.8551 -0.974927 0 0.222524 0 -0.792196 -0.610266
0.0004 -24.5172 13.9599 1 0.8442 0.0517 -0.6095 0.7911 -0.974927 0 0.222524 0 -0.792196 -0.610266
0.0004 -24.5172 13.9599 1 0.8442 0.0517 -0.6095 0.7911 -0.975092 -0.000977366 0.221798 -0.264783 -0.792199 -0.549828
5.9547 -24.8241 12.3645 0.9286 0.8475 0.3096 -0.6098 0.7295 -0.975092 -0.000977366 0.221798 -0.264783 -0.792199 -0.549828
10.1771 -12.1912 21.1324 0.9286 0.7143 0.371 -0.5184 0.7704 -0.975092 -0.000977366 0.221798 -0.264783 -0.792199 -0.549828
5.648 33.5425 -11.7272 0.5714 0.1429 0.1991 0.8885 -0.4135 0.974925 -0 0.222533 0 -0.222524 -0.974927
0.0004 33.5425 -13.0163 0.5 0.1429 -0 0.8885 -0.4589 0.974925 -0 0.222533 0 -0.222524 -0.974927
0.0004 36.5135 0.0003 0.5 0 0 1 -0 0.974925 -0 0.222533 0 -0.222524 -0.974927
0.0004 33.5425 -13.0163 0.5 0.1429 -0 0.8885 -0.4589 0.974928 0 -0.222522 0 -0.623488 -0.781833
0.0004 25.2182 -23.4547 0.5 0.2857 0 0.6085 -0.7935 0.974928 0 -0.222522 0 -0.623488 -0.781833
-10.1764 25.2182 -21.1319 0.4286 0.2857 -0.3443 0.6085 -0.715 0.974928 0 -0.222522 0 -0.623488 -0.781833
-10.1764 25.2182 -21.1319 0.4286 0.2857 -0.3443 0.6085 -0.715 0.974926 0 -0.222529 -0.339227 -0.623486 -0.704408
-5.6473 33.5425 -11.7272 0.4286 0.1429 -0.1991 0.8885 -0.4135 0.974926 0 -0.222529 -0.339227 -0.623486 -0.704408
0.0004 33.5425 -13.0163 0.5 0.1429 -0 0.8885 -0.4589 0.974926 0 -0.222529 -0.339227 -0.623486 -0.704408
-10.1764 25.2182 -21.1319 0.4286 0.2857 -0.3443 0.6085 -0.715 0.781833 0 -0.623488 -0.188252 -0.90097 -0.390914
-12.6898 13.1891 -26.3511 0.4286 0.4286 -0.4236 0.216 -0.8797 0.781833 0 -0.623488 -0.188252 -0.90097 -0.390914
-22.8665 13.1891 -18.2355 0.3571 0.4286 -0.7634 0.216 -0.6088 0.781833 0 -0.623488 -0.188252 -0.90097 -0.390914
-22.8665 13.1891 -18.2355 0.3571 0.4286 -0.7634 0.216 -0.6088 0.781834 0 -0.623486 -0.339219 -0.900971 -0.270521
-18.3375 25.2182 -14.6237 0.3571 0.2857 -0.6204 0.6085 -0.4948 0.781834 0 -0.623486 -0.339219 -0.900971 -0.270521
-10.1764 25.2182 -21.1319 0.4286 0.2857 -0.3443 0.6085 -0.715 0.781834 0 -0.623486 -0.339219 -0.900971 -0.270521
-22.8665 13.1891 -18.2355 0.3571 0.4286 -0.7634 0.216 -0.6088 0.433886 0 -0.900968 0 -1 0
-22.8665 -0.162199 -18.2355 0.3571 0.5714 -0.7634 -0.216 -0.6088 0.433886 0 -0.900968 0 -1 0
-28.5142 -0.162199 -6.508 0.2857 0.5714 -0.9519 -0.216 -0.2173 0.433886 0 -0.900968 0 -1 0
-28.5142 13.1891 -6.508 0.2857 0.4286 -0.9519 0.216 -0.2173 0.433886 0 -0.900968 0 -1 -0
-28.5142 -0.162199 -6.508 0.2857 0.5714 -0.9519 -0.216 -0.2173 0 0 -1 0.42301 -0.900967 0.0965455
-22.8665 -12.1912 -5.219 0.2857 0.7143 -0.8337 -0.5184 -0.1903 0 0 -1 0.42301 -0.900967 0.0965455
-22.8665 -12.1912 5.2195 0.2143 0.7143 -0.8337 -0.5184 0.1903 0 0 -1 0.42301 -0.900967 0.0965455
-22.8665 -12.1912 5.2195 0.2143 0.7143 -0.8337 -0.5184 0.1903 0 0 -1 0.42301 -0.900967 -0.0965455
-28.5142 -0.162199 6.5085 0.2143 0.5714 -0.9519 -0.216 0.2173 0 0 -1 0.42301 -0.900967 -0.0965455
-28.5142 -0.162199 -6.508 0.2857 0.5714 -0.9519 -0.216 -0.2173 0 0 -1 0.42301 -0.900967 -0.0965455
-12.0896 -24.1025 6.9801 0.1657 0.8399 -0.7204 -0.6005 0.3469 -0.434171 0.000434325 -0.90083 0.477125 -0.792195 -0.380497
-10.6089 -25.0234 8.4608 0.1429 0.8496 -0.6049 -0.6101 0.5117 -0.434171 0.000434325 -0.90083 0.477125 -0.792195 -0.380497
-18.3375 -12.1912 14.6242 0.1429 0.7143 -0.6686 -0.5184 0.5332 -0.434171 0.000434325 -0.90083 0.477125 -0.792195 -0.380497
-13.1553 -25.1218 3.0029 0.2143 0.8506 -0.7706 -0.6102 0.1838 -0.433059 -0.00123696 -0.901365 0.466049 -0.789641 -0.399082
-12.0896 -24.1025 6.9801 0.1657 0.8399 -0.7204 -0.6005 0.3469 -0.433059 -0.00123696 -0.901365 0.466049 -0.789641 -0.399082
-18.3375 -12.1912 14.6242 0.1429 0.7143 -0.6686 -0.5184 0.5332 -0.433059 -0.00123696 -0.901365 0.466049 -0.789641 -0.399082
-22.8665 -12.1912 5.2195 0.2143 0.7143 -0.8337 -0.5184 0.1903 -0.433879 -0 -0.900971 0.594961 -0.792199 -0.135801
-13.1553 -25.1218 3.0029 0.2143 0.8506 -0.7706 -0.6102 0.1838 -0.433879 -0 -0.900971 0.594961 -0.792199 -0.135801
-18.3375 -12.1912 14.6242 0.1429 0.7143 -0.6686 -0.5184 0.5332 -0.433879 -0 -0.900971 0.594961 -0.792199 -0.135801
10.1771 33.5425 -8.1154 0.6429 0.1429 0.3588 0.8885 -0.2861 0.781834 0 0.623486 0.611262 -0.623485 -0.487468
18.3382 25.2182 -14.6237 0.6429 0.2857 0.6204 0.6085 -0.4948 0.781834 0 0.623486 0.611262 -0.623485 -0.487468
10.1771 25.2182 -21.1319 0.5714 0.2857 0.3443 0.6085 -0.715 0.781834 0 0.623486 0.611262 -0.623485 -0.487468
10.1771 25.2182 -21.1319 0.5714 0.2857 0.3443 0.6085 -0.715 0.781835 0 0.623486 0.339227 -0.623486 -0.704408
5.648 33.5425 -11.7272 0.5714 0.1429 0.1991 0.8885 -0.4135 0.781835 0 0.623486 0.339227 -0.623486 -0.704408
10.1771 33.5425 -8.1154 0.6429 0.1429 0.3588 0.8885 -0.2861 0.781835 0 0.623486 0.339227 -0.623486 -0.704408
22.8672 25.2182 -5.219 0.7143 0.2857 0.7737 0.6085 -0.1766 0.43388 0 0.900971 0.423007 -0.900968 -0.0965449
28.5149 13.1891 -6.508 0.7143 0.4286 0.9519 0.216 -0.2173 0.43388 0 0.900971 0.423007 -0.900968 -0.0965449
22.8673 13.1891 -18.2355 0.6429 0.4286 0.7634 0.216 -0.6088 0.43388 0 0.900971 0.423007 -0.900968 -0.0965449
22.8673 13.1891 -18.2355 0.6429 0.4286 0.7634 0.216 -0.6088 0.433879 0 0.900971 0.339226 -0.900969 -0.270521
18.3382 25.2182 -14.6237 0.6429 0.2857 0.6204 0.6085 -0.4948 0.433879 0 0.900971 0.339226 -0.900969 -0.270521
22.8672 25.2182 -5.219 0.7143 0.2857 0.7737 0.6085 -0.1766 0.433879 0 0.900971 0.339226 -0.900969 -0.270521
28.5149 13.1891 6.5085 0.7857 0.4286 0.9519 0.216 0.2173 0 0 1 0 -1 0
28.5149 -0.162199 6.5085 0.7857 0.5714 0.9519 -0.216 0.2173 0 0 1 0 -1 0
28.5149 -0.162199 -6.508 0.7143 0.5714 0.9519 -0.216 -0.2173 0 0 1 0 -1 0
28.5149 13.1891 -6.508 0.7143 0.4286 0.9519 0.216 -0.2173 0 0 1 0 -1 0
22.8672 -0.162199 18.236 0.8571 0.5714 0.7634 -0.216 0.6088 -0.433879 0 0.900971 -0.339221 -0.90097 -0.270523
18.3382 -12.1912 14.6242 0.8571 0.7143 0.6686 -0.5184 0.5332 -0.433879 0 0.900971 -0.339221 -0.90097 -0.270523
22.8672 -12.1912 5.2195 0.7857 0.7143 0.8337 -0.5184 0.1903 -0.433879 0 0.900971 -0.339221 -0.90097 -0.270523
22.8672 -12.1912 5.2195 0.7857 0.7143 0.8337 -0.5184 0.1903 -0.433886 0 0.900968 -0.42301 -0.900967 -0.0965455
28.5149 -0.162199 6.5085 0.7857 0.5714 0.9519 -0.216 0.2173 -0.433886 0 0.900968 -0.42301 -0.900967 -0.0965455
22.8672 -0.162199 18.236 0.8571 0.5714 0.7634 -0.216 0.6088 -0.433886 0 0.900968 -0.42301 -0.900967 -0.0965455
6.98 -24.2589 12.0898 0.9163 0.8415 0.4985 -0.6005 0.6252 -0.782101 -0.000604744 0.623151 -0.477127 -0.792194 -0.380497
10.6092 -25.024 8.4605 0.8571 0.8496 0.6049 -0.6101 0.5117 -0.782101 -0.000604744 0.623151 -0.477127 -0.792194 -0.380497
18.3382 -12.1912 14.6242 0.8571 0.7143 0.6686 -0.5184 0.5332 -0.782101 -0.000604744 0.623151 -0.477127 -0.792194 -0.380497
5.9547 -24.8241 12.3645 0.9286 0.8475 0.3096 -0.6098 0.7295 -0.778818 0.00641123 0.627218 -0.536204 -0.780286 -0.321929
6.98 -24.2589 12.0898 0.9163 0.8415 0.4985 -0.6005 0.6252 -0.778818 0.00641123 0.627218 -0.536204 -0.780286 -0.321929
18.3382 -12.1912 14.6242 0.8571 0.7143 0.6686 -0.5184 0.5332 -0.778818 0.00641123 0.627218 -0.536204 -0.780286 -0.321929
10.1771 -12.1912 21.1324 0.9286 0.7143 0.371 -0.5184 0.7704 -0.781834 -0 0.623486 -0.264783 -0.792199 -0.549828
5.9547 -24.8241 12.3645 0.9286 0.8475 0.3096 -0.6098 0.7295 -0.781834 -0 0.623486 -0.264783 -0.792199 -0.549828
18.3382 -12.1912 14.6242 0.8571 0.7143 0.6686 -0.5184 0.5332 -0.781834 -0 0.623486 -0.264783 -0.792199 -0.549828
5.648 33.5425 -11.7272 0.5714 0.1429 0.1991 0.8885 -0.4135 0.974927 0 0.222524 0.339227 -0.623486 -0.704408
10.1771 25.2182 -21.1319 0.5714 0.2857 0.3443 0.6085 -0.715 0.974927 0 0.222524 0.339227 -0.623486 -0.704408
0.0004 25.2182 -23.4547 0.5 0.2857 0 0.6085 -0.7935 0.974927 0 0.222524 0.339227 -0.623486 -0.704408
0.0004 25.2182 -23.4547 0.5 0.2857 0 0.6085 -0.7935 0.974925 0 0.222533 0 -0.623488 -0.781833
0.0004 33.5425 -13.0163 0.5 0.1429 -0 0.8885 -0.4589 0.974925 0 0.222533 0 -0.623488 -0.781833
5.648 33.5425 -11.7272 0.5714 0.1429 0.1991 0.8885 -0.4135 0.974925 0 0.222533 0 -0.623488 -0.781833
0.0004 25.2182 -23.4547 0.5 0.2857 0 0.6085 -0.7935 0.974927 0 -0.222524 0 -0.900969 -0.433883
0.0004 13.1891 -29.2476 0.5 0.4286 0 0.216 -0.9764 0.974927 0 -0.222524 0 -0.900969 -0.433883
-12.6898 13.1891 -26.3511 0.4286 0.4286 -0.4236 0.216 -0.8797 0.974927 0 -0.222524 0 -0.900969 -0.433883
-12.6898 13.1891 -26.3511 0.4286 0.4286 -0.4236 0.216 -0.8797 0.974928 0 -0.222522 -0.188252 -0.90097 -0.390914
-10.1764 25.2182 -21.1319 0.4286 0.2857 -0.3443 0.6085 -0.715 0.974928 0 -0.222522 -0.188252 -0.90097 -0.390914
0.0004 25.2182 -23.4547 0.5 0.2857 0 0.6085 -0.7935 0.974928 0 -0.222522 -0.188252 -0.90097 -0.390914
-12.6898 13.1891 -26.3511 0.4286 0.4286 -0.4236 0.216 -0.8797 0.781833 0 -0.623488 0 -1 0
-12.6898 -0.162199 -26.3511 0.4286 0.5714 -0.4236 -0.216 -0.8797 0.781833 0 -0.623488 0 -1 0
-22.8665 -0.162199 -18.2355 0.3571 0.5714 -0.7634 -0.216 -0.6088 0.781833 0 -0.623488 0 -1 0
-22.8665 13.1891 -18.2355 0.3571 0.4286 -0.7634 0.216 -0.6088 0.781833 0 -0.623488 0 -1 -0
-22.8665 -0.162199 -18.2355 0.3571 0.5714 -0.7634 -0.216 -0.6088 0.433879 0 -0.900971 0.339221 -0.90097 0.270523
-18.3375 -12.1912 -14.6237 0.3571 0.7143 -0.6686 -0.5184 -0.5332 0.433879 0 -0.900971 0.339221 -0.90097 0.270523
-22.8665 -12.1912 -5.219 0.2857 0.7143 -0.8337 -0.5184 -0.1903 0.433879 0 -0.900971 0.339221 -0.90097 0.270523
-22.8665 -12.1912 -5.219 0.2857 0.7143 -0.8337 -0.5184 -0.1903 0.433886 0 -0.900968 0.42301 -0.900967 0.0965455
-28.5142 -0.162199 -6.508 0.2857 0.5714 -0.9519 -0.216 -0.2173 0.433886 0 -0.900968 0.42301 -0.900967 0.0965455
-22.8665 -0.162199 -18.2355 0.3571 0.5714 -0.7634 -0.216 -0.6088 0.433886 0 -0.900968 0.42301 -0.900967 0.0965455
-13.9599 -24.0504 0.0001 0.25 0.8393 -0.7996 -0.6005 0 0.000159637 -0.00019247 -1 0.594961 -0.792199 -0.135801
-13.1553 -25.1218 3.0029 0.2143 0.8506 -0.7706 -0.6102 0.1838 0.000159637 -0.00019247 -1 0.594961 -0.792199 -0.135801
-22.8665 -12.1912 5.2195 0.2143 0.7143 -0.8337 -0.5184 0.1903 0.000159637 -0.00019247 -1 0.594961 -0.792199 -0.135801
-13.1553 -25.1217 -3.0024 0.2857 0.8506 -0.7706 -0.6102 -0.1838 -0.000219184 0.000303597 -1 0.592579 -0.789025 -0.162144
-13.9599 -24.0504 0.0001 0.25 0.8393 -0.7996 -0.6005 0 -0.000219184 0.000303597 -1 0.592579 -0.789025 -0.162144
-22.8665 -12.1912 5.2195 0.2143 0.7143 -0.8337 -0.5184 0.1903 -0.000219184 0.000303597 -1 0.592579 -0.789025 -0.162144
-22.8665 -12.1912 -5.219 0.2857 0.7143 -0.8337 -0.5184 -0.1903 0 -0 -1 0.594964 -0.792197 0.135802
-13.1553 -25.1217 -3.0024 0.2857 0.8506 -0.7706 -0.6102 -0.1838 0 -0 -1 0.594964 -0.792197 0.135802
-22.8665 -12.1912 5.2195 0.2143 0.7143 -0.8337 -0.5184 0.1903 0 -0 -1 0.594964 -0.792197 0.135802
18.3382 25.2182 -14.6237 0.6429 0.2857 0.6204 0.6085 -0.4948 0.781836 0 0.623484 0.339226 -0.900969 -0.270521
22.8673 13.1891 -18.2355 0.6429 0.4286 0.7634 0.216 -0.6088 0.781836 0 0.623484 0.339226 -0.900969 -0.270521
12.6905 13.1891 -26.3511 0.5714 0.4286 0.4236 0.216 -0.8797 0.781836 0 0.623484 0.339226 -0.900969 -0.270521
12.6905 13.1891 -26.3511 0.5714 0.4286 0.4236 0.216 -0.8797 0.781834 0 0.623486 0.188252 -0.90097 -0.390914
10.1771 25.2182 -21.1319 0.5714 0.2857 0.3443 0.6085 -0.715 0.781834 0 0.623486 0.188252 -0.90097 -0.390914
18.3382 25.2182 -14.6237 0.6429 0.2857 0.6204 0.6085 -0.4948 0.781834 0 0.623486 0.188252 -0.90097 -0.390914
28.5149 13.1891 -6.508 0.7143 0.4286 0.9519 0.216 -0.2173 0.43388 0 0.900971 0 -1 0
28.5149 -0.162199 -6.508 0.7143 0.5714 0.9519 -0.216 -0.2173 0.43388 0 0.900971 0 -1 0
22.8673 -0.162199 -18.2355 0.6429 0.5714 0.7634 -0.216 -0.6088 0.43388 0 0.900971 0 -1 0
22.8673 13.1891 -18.2355 0.6429 0.4286 0.7634 0.216 -0.6088 0.43388 0 0.900971 0 -1 0
28.5149 -0.162199 6.5085 0.7857 0.5714 0.9519 -0.216 0.2173 0 0 1 -0.42301 -0.900967 -0.0965455
22.8672 -12.1912 5.2195 0.7857 0.7143 0.8337 -0.5184 0.1903 0 0 1 -0.42301 -0.900967 -0.0965455
22.8672 -12.1912 -5.219 0.7143 0.7143 0.8337 -0.5184 -0.1903 0 0 1 -0.42301 -0.900967 -0.0965455
22.8672 -12.1912 -5.219 0.7143 0.7143 0.8337 -0.5184 -0.1903 0 0 1 -0.42301 -0.900967 0.0965455
28.5149 -0.162199 -6.508 0.7143 0.5714 0.9519 -0.216 -0.2173 0 0 1 -0.42301 -0.900967 0.0965455
28.5149 -0.162199 6.5085 0.7857 0.5714 0.9519 -0.216 0.2173 0 0 1 -0.42301 -0.900967 0.0965455
12.0897 -24.1033 6.9801 0.8343 0.8399 0.7204 -0.6005 0.3469 -0.433219 0.000981878 0.901288 -0.594961 -0.792199 -0.135799
13.1554 -25.1226 3.0028 0.7857 0.8506 0.7706 -0.6102 0.1838 -0.433219 0.000981878 0.901288 -0.594961 -0.792199 -0.135799
22.8672 -12.1912 5.2195 0.7857 0.7143 0.8337 -0.5184 0.1903 -0.433219 0.000981878 0.901288 -0.594961 -0.792199 -0.135799
10.6092 -25.024 8.4605 0.8571 0.8496 0.6049 -0.6101 0.5117 -0.434274 -0.000493671 0.900781 -0.604383 -0.788977 -0.11062
12.0897 -24.1033 6.9801 0.8343 0.8399 0.7204 -0.6005 0.3469 -0.434274 -0.000493671 0.900781 -0.604383 -0.788977 -0.11062
22.8672 -12.1912 5.2195 0.7857 0.7143 0.8337 -0.5184 0.1903 -0.434274 -0.000493671 0.900781 -0.604383 -0.788977 -0.11062
18.3382 -12.1912 14.6242 0.8571 0.7143 0.6686 -0.5184 0.5332 -0.433879 -0 0.900971 -0.477127 -0.792194 -0.380498
10.6092 -25.024 8.4605 0.8571 0.8496 0.6049 -0.6101 0.5117 -0.433879 -0 0.900971 -0.477127 -0.792194 -0.380498
22.8672 -12.1912 5.2195 0.7857 0.7143 0.8337 -0.5184 0.1903 -0.433879 -0 0.900971 -0.477127 -0.792194 -0.380498
10.1771 25.2182 -21.1319 0.5714 0.2857 0.3443 0.6085 -0.715 0.974927 0 0.222526 0.188252 -0.90097 -0.390914
12.6905 13.1891 -26.3511 0.5714 0.4286 0.4236 0.216 -0.8797 0.974927 0 0.222526 0.188252 -0.90097 -0.390914
0.0004 13.1891 -29.2476 0.5 0.4286 0 0.216 -0.9764 0.974927 0 0.222526 0.188252 -0.90097 -0.390914
0.0004 13.1891 -29.2476 0.5 0.4286 0 0.216 -0.9764 0.974927 0 0.222524 0 -0.900969 -0.433883
0.0004 25.2182 -23.4547 0.5 0.2857 0 0.6085 -0.7935 0.974927 0 0.222524 0 -0.900969 -0.433883
10.1771 25.2182 -21.1319 0.5714 0.2857 0.3443 0.6085 -0.715 0.974927 0 0.222524 0 -0.900969 -0.433883
0.0004 13.1891 -29.2476 0.5 0.4286 0 0.216 -0.9764 0.974927 0 -0.222524 0 -1 0
0.0004 -0.162199 -29.2476 0.5 0.5714 0 -0.216 -0.9764 0.974927 0 -0.222524 0 -1 0
-12.6898 -0.162199 -26.3511 0.4286 0.5714 -0.4236 -0.216 -0.8797 0.974927 0 -0.222524 0 -1 0
-12.6898 13.1891 -26.3511 0.4286 0.4286 -0.4236 0.216 -0.8797 0.974927 0 -0.222524 0 -1 -0
-12.6898 -0.162199 -26.3511 0.4286 0.5714 -0.4236 -0.216 -0.8797 0.781834 0 -0.623486 0.188253 -0.900969 0.390917
-10.1764 -12.1912 -21.1319 0.4286 0.7143 -0.371 -0.5184 -0.7704 0.781834 0 -0.623486 0.188253 -0.900969 0.390917
-18.3375 -12.1912 -14.6237 0.3571 0.7143 -0.6686 -0.5184 -0.5332 0.781834 0 -0.623486 0.188253 -0.900969 0.390917
-18.3375 -12.1912 -14.6237 0.3571 0.7143 -0.6686 -0.5184 -0.5332 0.781833 0 -0.623488 0.339221 -0.90097 0.270523
-22.8665 -0.162199 -18.2355 0.3571 0.5714 -0.7634 -0.216 -0.6088 0.781833 0 -0.623488 0.339221 -0.90097 0.270523
-12.6898 -0.162199 -26.3511 0.4286 0.5714 -0.4236 -0.216 -0.8797 0.781833 0 -0.623488 0.339221 -0.90097 0.270523
-12.0896 -24.1024 -6.9798 0.3343 0.8399 -0.7204 -0.6005 -0.3469 0.4332 0.000998648 -0.901298 0.594964 -0.792197 0.135802
-13.1553 -25.1217 -3.0024 0.2857 0.8506 -0.7706 -0.6102 -0.1838 0.4332 0.000998648 -0.901298 0.594964 -0.792197 0.135802
-22.8665 -12.1912 -5.219 0.2857 0.7143 -0.8337 -0.5184 -0.1903 0.4332 0.000998648 -0.901298 0.594964 -0.792197 0.135802
-10.609 -25.0232 -8.4604 0.3571 0.8496 -0.6049 -0.6101 -0.5117 0.434305 -0.00060701 -0.900766 0.604383 -0.788973 0.110649
-12.0896 -24.1024 -6.9798 0.3343 0.8399 -0.7204 -0.6005 -0.3469 0.434305 -0.00060701 -0.900766 0.604383 -0.788973 0.110649
-22.8665 -12.1912 -5.219 0.2857 0.7143 -0.8337 -0.5184 -0.1903 0.434305 -0.00060701 -0.900766 0.604383 -0.788973 0.110649
-18.3375 -12.1912 -14.6237 0.3571 0.7143 -0.6686 -0.5184 -0.5332 0.433879 -0 -0.900971 0.477126 -0.792195 0.380497
-10.609 -25.0232 -8.4604 0.3571 0.8496 -0.6049 -0.6101 -0.5117 0.433879 -0 -0.900971 0.477126 -0.792195 0.380497
-22.8665 -12.1912 -5.219 0.2857 0.7143 -0.8337 -0.5184 -0.1903 0.433879 -0 -0.900971 0.477126 -0.792195 0.380497
22.8673 13.1891 -18.2355 0.6429 0.4286 0.7634 0.216 -0.6088 0.781836 0 0.623484 0 -1 0
22.8673 -0.162199 -18.2355 0.6429 0.5714 0.7634 -0.216 -0.6088 0.781836 0 0.623484 0 -1 0
12.6905 -0.162199 -26.3511 0.5714 0.5714 0.4236 -0.216 -0.8797 0.781836 0 0.623484 0 -1 0
12.6905 13.1891 -26.3511 0.5714 0.4286 0.4236 0.216 -0.8797 0.781836 0 0.623484 0 -1 0
28.5149 -0.162199 -6.508 0.7143 0.5714 0.9519 -0.216 -0.2173 0.433879 0 0.900971 -0.42301 -0.900967 0.0965455
22.8672 -12.1912 -5.219 0.7143 0.7143 0.8337 -0.5184 -0.1903 0.433879 0 0.900971 -0.42301 -0.900967 0.0965455
18.3382 -12.1912 -14.6237 0.6429 0.7143 0.6686 -0.5184 -0.5332 0.433879 0 0.900971 -0.42301 -0.900967 0.0965455
18.3382 -12.1912 -14.6237 0.6429 0.7143 0.6686 -0.5184 -0.5332 0.43388 0 0.900971 -0.339228 -0.900967 0.270522
22.8673 -0.162199 -18.2355 0.6429 0.5714 0.7634 -0.216 -0.6088 0.43388 0 0.900971 -0.339228 -0.900967 0.270522
28.5149 -0.162199 -6.508 0.7143 0.5714 0.9519 -0.216 -0.2173 0.43388 0 0.900971 -0.339228 -0.900967 0.270522
13.9599 -24.0513 0.0001 0.75 0.8393 0.7996 -0.6005 0 -0.000206682 -0.000273472 1 -0.594964 -0.792197 0.135799
13.1554 -25.1225 -3.0023 0.7143 0.8506 0.7706 -0.6102 -0.1838 -0.000206682 -0.000273472 1 -0.594964 -0.792197 0.135799
22.8672 -12.1912 -5.219 0.7143 0.7143 0.8337 -0.5184 -0.1903 -0.000206682 -0.000273472 1 -0.594964 -0.792197 0.135799
13.1554 -25.1226 3.0028 0.7857 0.8506 0.7706 -0.6102 0.1838 0.00028374 0.000335835 1 -0.592589 -0.789027 0.162094
13.9599 -24.0513 0.0001 0.75 0.8393 0.7996 -0.6005 0 0.00028374 0.000335835 1 -0.592589 -0.789027 0.162094
22.8672 -12.1912 -5.219 0.7143 0.7143 0.8337 -0.5184 -0.1903 0.00028374 0.000335835 1 -0.592589 -0.789027 0.162094
22.8672 -12.1912 5.2195 0.7857 0.7143 0.8337 -0.5184 0.1903 -0 -0 1 -0.594961 -0.792199 -0.135799
13.1554 -25.1226 3.0028 0.7857 0.8506 0.7706 -0.6102 0.1838 -0 -0 1 -0.594961 -0.792199 -0.135799
22.8672 -12.1912 -5.219 0.7143 0.7143 0.8337 -0.5184 -0.1903 -0 -0 1 -0.594961 -0.792199 -0.135799
12.6905 13.1891 -26.3511 0.5714 0.4286 0.4236 0.216 -0.8797 0.974927 0 0.222526 0 -1 0
12.6905 -0.162199 -26.3511 0.5714 0.5714 0.4236 -0.216 -0.8797 0.974927 0 0.222526 0 -1 0
0.0004 -0.162199 -29.2476 0.5 0.5714 0 -0.216 -0.9764 0.974927 0 0.222526 0 -1 0
0.0004 13.1891 -29.2476 0.5 0.4286 0 0.216 -0.9764 0.974927 0 0.222526 0 -1 0
0.0004 -0.162199 -29.2476 0.5 0.5714 0 -0.216 -0.9764 0.974928 0 -0.222522 0 -0.900968 0.433886
0.0004 -12.1912 -23.4547 0.5 0.7143 0 -0.5184 -0.8551 0.974928 0 -0.222522 0 -0.900968 0.433886
-10.1764 -12.1912 -21.1319 0.4286 0.7143 -0.371 -0.5184 -0.7704 0.974928 0 -0.222522 0 -0.900968 0.433886
-10.1764 -12.1912 -21.1319 0.4286 0.7143 -0.371 -0.5184 -0.7704 0.974927 0 -0.222524 0.188253 -0.900969 0.390917
-12.6898 -0.162199 -26.3511 0.4286 0.5714 -0.4236 -0.216 -0.8797 0.974927 0 -0.222524 0.188253 -0.900969 0.390917
0.0004 -0.162199 -29.2476 0.5 0.5714 0 -0.216 -0.9764 0.974927 0 -0.222524 0.188253 -0.900969 0.390917
-6.9799 -24.2581 -12.0895 0.4163 0.8415 -0.4985 -0.6005 -0.6252 0.782108 -0.000595611 -0.623143 0.477126 -0.792195 0.380497
-10.609 -25.0232 -8.4604 0.3571 0.8496 -0.6049 -0.6101 -0.5117 0.782108 -0.000595611 -0.623143 0.477126 -0.792195 0.380497
-18.3375 -12.1912 -14.6237 0.3571 0.7143 -0.6686 -0.5184 -0.5332 0.782108 -0.000595611 -0.623143 0.477126 -0.792195 0.380497
-5.9541 -24.8236 -12.3643 0.4286 0.8475 -0.3096 -0.6098 -0.7295 0.779081 0.00586892 -0.626896 0.5361 -0.780312 0.32204
-6.9799 -24.2581 -12.0895 0.4163 0.8415 -0.4985 -0.6005 -0.6252 0.779081 0.00586892 -0.626896 0.5361 -0.780312 0.32204
-18.3375 -12.1912 -14.6237 0.3571 0.7143 -0.6686 -0.5184 -0.5332 0.779081 0.00586892 -0.626896 0.5361 -0.780312 0.32204
-10.1764 -12.1912 -21.1319 0.4286 0.7143 -0.371 -0.5184 -0.7704 0.781834 -0 -0.623486 0.264787 -0.792197 0.549829
-5.9541 -24.8236 -12.3643 0.4286 0.8475 -0.3096 -0.6098 -0.7295 0.781834 -0 -0.623486 0.264787 -0.792197 0.549829
-18.3375 -12.1912 -14.6237 0.3571 0.7143 -0.6686 -0.5184 -0.5332 0.781834 -0 -0.623486 0.264787 -0.792197 0.549829
22.8673 -0.162199 -18.2355 0.6429 0.5714 0.7634 -0.216 -0.6088 0.781834 0 0.623486 -0.339228 -0.900967 0.270522
18.3382 -12.1912 -14.6237 0.6429 0.7143 0.6686 -0.5184 -0.5332 0.781834 0 0.623486 -0.339228 -0.900967 0.270522
10.1771 -12.1912 -21.1319 0.5714 0.7143 0.371 -0.5184 -0.7704 0.781834 0 0.623486 -0.339228 -0.900967 0.270522
10.1771 -12.1912 -21.1319 0.5714 0.7143 0.371 -0.5184 -0.7704 0.781836 0 0.623484 -0.188253 -0.900969 0.390917
12.6905 -0.162199 -26.3511 0.5714 0.5714 0.4236 -0.216 -0.8797 0.781836 0 0.623484 -0.188253 -0.900969 0.390917
22.8673 -0.162199 -18.2355 0.6429 0.5714 0.7634 -0.216 -0.6088 0.781836 0 0.623484 -0.188253 -0.900969 0.390917
12.0897 -24.1032 -6.9798 0.6657 0.8399 0.7204 -0.6005 -0.3469 0.43412 0.000280196 0.900855 -0.477128 -0.792194 0.380497
10.6093 -25.0238 -8.4601 0.6429 0.8496 0.6049 -0.6101 -0.5117 0.43412 0.000280196 0.900855 -0.477128 -0.792194 0.380497
18.3382 -12.1912 -14.6237 0.6429 0.7143 0.6686 -0.5184 -0.5332 0.43412 0.000280196 0.900855 -0.477128 -0.792194 0.380497
13.1554 -25.1225 -3.0023 0.7143 0.8506 0.7706 -0.6102 -0.1838 0.433036 -0.00122068 0.901376 -0.466068 -0.789651 0.399039
12.0897 -24.1032 -6.9798 0.6657 0.8399 0.7204 -0.6005 -0.3469 0.433036 -0.00122068 0.901376 -0.466068 -0.789651 0.399039
18.3382 -12.1912 -14.6237 0.6429 0.7143 0.6686 -0.5184 -0.5332 0.433036 -0.00122068 0.901376 -0.466068 -0.789651 0.399039
22.8672 -12.1912 -5.219 0.7143 0.7143 0.8337 -0.5184 -0.1903 0.433879 -0 0.900971 -0.594964 -0.792197 0.135799
13.1554 -25.1225 -3.0023 0.7143 0.8506 0.7706 -0.6102 -0.1838 0.433879 -0 0.900971 -0.594964 -0.792197 0.135799
18.3382 -12.1912 -14.6237 0.6429 0.7143 0.6686 -0.5184 -0.5332 0.433879 -0 0.900971 -0.594964 -0.792197 0.135799
12.6905 -0.162199 -26.3511 0.5714 0.5714 0.4236 -0.216 -0.8797 0.974927 0 0.222524 -0.188253 -0.900969 0.390917
10.1771 -12.1912 -21.1319 0.5714 0.7143 0.371 -0.5184 -0.7704 0.974927 0 0.222524 -0.188253 -0.900969 0.390917
0.0004 -12.1912 -23.4547 0.5 0.7143 0 -0.5184 -0.8551 0.974927 0 0.222524 -0.188253 -0.900969 0.390917
0.0004 -12.1912 -23.4547 0.5 0.7143 0 -0.5184 -0.8551 0.974927 0 0.222526 0 -0.900968 0.433886
0.0004 -0.162199 -29.2476 0.5 0.5714 0 -0.216 -0.9764 0.974927 0 0.222526 0 -0.900968 0.433886
12.6905 -0.162199 -26.3511 0.5714 0.5714 0.4236 -0.216 -0.8797 0.974927 0 0.222526 0 -0.900968 0.433886
0 -24.5167 -13.9597 0.5 0.8442 -0.178 -0.6006 -0.7795 0.97509 -0.000975326 -0.221806 0.264787 -0.792197 0.549829
-5.9541 -24.8236 -12.3643 0.4286 0.8475 -0.3096 -0.6098 -0.7295 0.97509 -0.000975326 -0.221806 0.264787 -0.792197 0.549829
-10.1764 -12.1912 -21.1319 0.4286 0.7143 -0.371 -0.5184 -0.7704 0.97509 -0.000975326 -0.221806 0.264787 -0.792197 0.549829
0.0004 -24.5169 -13.9597 0.5 0.8442 0.0513 -0.6095 -0.7911 0.894397 -0.447273 0 -0.894397 0.447273 0
0 -24.5167 -13.9597 0.5 0.8442 -0.178 -0.6006 -0.7795 0.894397 -0.447273 0 -0.894397 0.447273 0
-10.1764 -12.1912 -21.1319 0.4286 0.7143 -0.371 -0.5184 -0.7704 0.894397 -0.447273 0 -0.894397 0.447273 0
0.0004 -12.1912 -23.4547 0.5 0.7143 0 -0.5184 -0.8551 0.974928 -0 -0.222522 0 -0.792199 0.610264
0.0004 -24.5169 -13.9597 0.5 0.8442 0.0513 -0.6095 -0.7911 0.974928 -0 -0.222522 0 -0.792199 0.610264
-10.1764 -12.1912 -21.1319 0.4286 0.7143 -0.371 -0.5184 -0.7704 0.974928 -0 -0.222522 0 -0.792199 0.610264
6.98 -24.2586 -12.0895 0.5837 0.8415 0.4985 -0.6005 -0.6252 0.780118 -0.00358248 0.625622 -0.264783 -0.792199 0.549828
5.9548 -24.8238 -12.3642 0.5714 0.8475 0.3096 -0.6098 -0.7295 0.780118 -0.00358248 0.625622 -0.264783 -0.792199 0.549828
10.1771 -12.1912 -21.1319 0.5714 0.7143 0.371 -0.5184 -0.7704 0.780118 -0.00358248 0.625622 -0.264783 -0.792199 0.549828
10.6093 -25.0238 -8.4601 0.6429 0.8496 0.6049 -0.6101 -0.5117 0.782134 0.000662466 0.62311 -0.262759 -0.791929 0.551187
6.98 -24.2586 -12.0895 0.5837 0.8415 0.4985 -0.6005 -0.6252 0.782134 0.000662466 0.62311 -0.262759 -0.791929 0.551187
10.1771 -12.1912 -21.1319 0.5714 0.7143 0.371 -0.5184 -0.7704 0.782134 0.000662466 0.62311 -0.262759 -0.791929 0.551187
18.3382 -12.1912 -14.6237 0.6429 0.7143 0.6686 -0.5184 -0.5332 0.781834 -0 0.623486 -0.477128 -0.792194 0.380497
10.6093 -25.0238 -8.4601 0.6429 0.8496 0.6049 -0.6101 -0.5117 0.781834 -0 0.623486 -0.477128 -0.792194 0.380497
10.1771 -12.1912 -21.1319 0.5714 0.7143 0.371 -0.5184 -0.7704 0.781834 -0 0.623486 -0.477128 -0.792194 0.380497
0.0004 -24.5169 -13.9597 0.5 0.8442 0.0513 -0.6095 -0.7911 0.974927 0 0.222524 0 -0.792199 0.610264
0.0004 -12.1912 -23.4547 0.5 0.7143 0 -0.5184 -0.8551 0.974927 0 0.222524 0 -0.792199 0.610264
10.1771 -12.1912 -21.1319 0.5714 0.7143 0.371 -0.5184 -0.7704 0.974927 0 0.222524 0 -0.792199 0.610264
10.1771 -12.1912 -21.1319 0.5714 0.7143 0.371 -0.5184 -0.7704 0.975089 0.000976227 0.221811 -0.264783 -0.792199 0.549828
5.9548 -24.8238 -12.3642 0.5714 0.8475 0.3096 -0.6098 -0.7295 0.975089 0.000976227 0.221811 -0.264783 -0.792199 0.549828
0.0004 -24.5169 -13.9597 0.5 0.8442 0.0513 -0.6095 -0.7911 0.975089 0.000976227 0.221811 -0.264783 -0.792199 0.549828
Index count: 498
0
1
2
3
4
5
6
7
8
9
10
11
12
13
14
15
16
17
18
19
20
21
22
23
24
25
26
27
28
29
30
31
32
33
34
35
36
37
38
39
40
41
42
43
44
45
46
47
48
49
50
51
52
53
54
55
56
57
58
59
60
61
62
63
64
65
66
67
68
69
70
71
71
72
69
73
74
75
76
77
78
79
80
81
82
83
84
85
86
87
88
89
90
90
91
88
92
93
94
95
96
97
98
99
100
101
102
103
104
105
106
107
108
109
109
110
107
111
112
113
114
115
116
117
118
119
120
121
122
123
124
125
126
127
128
129
130
131
132
133
134
134
135
132
136
137
138
139
140
141
142
143
144
145
146
147
148
149
150
151
152
153
154
155
156
157
158
159
159
160
157
161
162
163
164
165
166
167
168
169
170
171
172
173
174
175
176
177
178
179
180
181
182
183
184
185
186
187
188
189
190
191
192
193
193
194
191
195
196
197
198
199
200
201
202
203
204
205
206
207
208
209
210
211
212
213
214
215
216
217
218
219
220
221
222
223
224
225
226
227
227
228
225
229
230
231
232
233
234
235
236
237
238
239
240
241
242
243
244
245
246
247
248
249
250
251
252
253
254
255
256
257
258
258
259
256
260
261
262
263
264
265
266
267
268
269
270
271
272
273
274
275
276
277
278
279
280
281
282
283
284
285
286
287
288
289
289
290
287
291
292
293
294
295
296
297
298
299
300
301
302
303
304
305
306
307
308
309
310
311
312
313
314
315
316
317
318
319
320
320
321
318
322
323
324
325
326
327
328
329
330
331
332
333
334
335
336
337
338
339
340
341
342
343
344
345
345
346
343
347
348
349
350
351
352
353
354
355
356
357
358
359
360
361
362
363
364
365
366
367
368
369
370
370
371
368
372
373
374
375
376
377
378
379
380
381
382
383
384
385
386
387
388
389
389
390
387
391
392
393
394
395
396
397
398
399
400
401
402
403
404
405
406
407
408
408
409
406
410
411
412
413
414
415
416
417
418
419
420
421
422
423
424
425
426
427
428
429
430
431
432
433
434
435
436
437
438
439
440
441
442
443
444
445
446
447
448
449
450
451
452
453
454
455
456
457
458
459
460
461
462
463
464
465
466
467
468
469
