bounding box: -65.5 -100.631 -50.5 65.5 100.631 50.5
Material name: FloarTile.mat
Vertex Count: 6
65.5 -100.631 -50.5 1.63 0.34 0 1 -0 1 -7.63359e-007 -7.27996e-009 0 0 -1
-65.5 -100.631 -49.5 0.32 0.33 0 1 -0 1 -7.63359e-007 -7.27996e-009 0 0 -1
-65.5 -100.631 50.5 0.32 -0.67 0 1 -0 1 -7.63359e-007 -7.27996e-009 0 0 -1
-65.5 -100.631 50.5 0.32 -0.67 0 1 -0 1 7.63358e-009 -7.27996e-009 0 -1e-006 -1
65.5 -100.631 49.5 1.63 -0.66 -0 1 -0 1 7.63358e-009 -7.27996e-009 0 -1e-006 -1
65.5 -100.631 -50.5 1.63 0.34 0 1 -0 1 7.63358e-009 -7.27996e-009 0 -1e-006 -1
Index count: 6
0
1
2
3
4
5
Material name: peschanil.mat
Vertex Count: 14
65.5 100.631 -50.5 0.85 1.0263 -1 0 0 -0 -1.06143e-006 -1 -0 1 -0
65.5 -100.631 -50.5 0.85 0.02 -1 0 0 -0 -1.06143e-006 -1 -0 1 -0
65.5 -100.631 49.5 0.35 0.02 -1 0 0 -0 -1.06143e-006 -1 -0 1 -0
65.5 -100.631 49.5 0.35 0.02 -1 0 0 -0 -0 -1 -0 1 0
65.5 100.631 49.5 0.35 1.0263 -1 0 0 -0 -0 -1 -0 1 0
65.5 100.631 -50.5 0.85 1.0263 -1 0 0 -0 -0 -1 -0 1 0
-65.5 100.631 -49.5 0.84 0.87 -0 -1 0 -0.999971 -0 0.00763337 -0 -0 1
65.5 100.631 -50.5 0.19 0.87 -0 -1 0 -0.999971 -0 0.00763337 -0 -0 1
65.5 100.631 49.5 0.19 1.37 -0 -1 0 -0.999971 -0 0.00763337 -0 -0 1
-65.5 100.631 50.5 0.84 1.37 0 -1 0 -0.999971 0 0.00763337 -0 -0 1
-65.5 -100.631 -49.5 -0.15 0.02 1 0 0 0 0 -1 0 1 0
-65.5 100.631 -49.5 -0.15 1.02 1 0 0 0 0 -1 0 1 0
-65.5 100.631 50.5 -0.65 1.02 1 0 0 0 0 -1 0 1 0
-65.5 -100.631 50.5 -0.65 0.02 1 0 0 0 0 -1 0 1 -0
Index count: 18
0
1
2
3
4
5
6
7
8
8
9
6
10
11
12
12
13
10
