bounding box: -63.8557 -319.576 -4.41065 63.8557 319.576 4.41065
Material name: bronz.mat
Vertex Count: 728
0 316.079 -2.70115 0 1 0 -0.3827 -0.9239 0 0 0 0 0 -0
-53.1139 316.079 -2.70115 0 1 0 -0.3827 -0.9239 0 0 0 0 0 -0
-53.1139 316.602 -2.80535 0 1 0 0 -1 0 0 0 0 0 -0
0 316.602 -2.80535 0 1 -0 -0 -1 0 0 0 0 -0 0
-53.1139 317.126 -2.70115 0 1 -0 0.3827 -0.9239 0 0 0 0 0 0
0 317.126 -2.70115 0 1 -0 0.3827 -0.9239 0 0 0 0 -0 -0
-57.8939 315.464 -4.18425 0 1 0.0683 -0.439 -0.8959 0 -0 0 0 0 0
-57.8939 316.602 -4.41065 0 1 0.3184 0 -0.948 0 -0 0 0 0 0
0 315.635 -2.40455 0 1 0 -0.7071 -0.7071 0 0 0 0 0 -0
-53.1139 315.635 -2.40455 0 1 0 -0.7071 -0.7071 0 0 0 0 0 -0
-53.1139 317.57 -2.40455 0 1 -0 0.7071 -0.7071 0 0 0 0 0 0
0 317.57 -2.40455 0 1 -0 0.7071 -0.7071 0 0 0 0 -0 -0
-57.8939 317.74 -4.18425 0 1 0.3184 0.3628 -0.8758 0 0 0 0 0 0
-63.8557 316.621 -1.39075 0 1 -0.4454 -0.1747 -0.8781 0 -0 0 -0 0 0
-57.8939 314.5 -3.53965 0 1 0.0687 -0.6597 -0.7484 0 0 0 0 0 0
0 315.338 -1.96065 0 1 0 -0.9239 -0.3827 0 0 0 0 0 -0
-53.1139 315.338 -1.96065 0 1 0 -0.9239 -0.3827 0 0 0 0 0 -0
-53.1139 317.866 -1.96065 0 1 -0 0.9239 -0.3827 0 0 0 0 0 0
0 317.866 -1.96065 0 1 -0 0.9239 -0.3827 0 0 0 0 -0 -0
-57.8939 318.705 -3.53965 0 1 0.0687 0.7484 -0.6597 0 0 0 0 0 0
-63.8557 316.602 -1.38695 0 1 -0.4454 0.1747 -0.8781 0 0 -0 -0 0 0
-63.8557 316.638 -1.40165 0 1 0.4523 0.6237 0.6375 0 0 0 0 0 -0
-57.8939 313.855 -2.57495 0 1 0.3184 -0.8758 -0.3628 0 0 0 0 0 0
0 315.234 -1.43705 0 1 0 -1 0 0 0 0 0 0 -0
-53.1139 315.234 -1.43705 0 1 0 -1 -0 0 0 0 0 0 -0
-53.1139 317.971 -1.43705 0 1 -0 1 0 0 0 0 0 0 0
0 317.971 -1.43705 0 1 -0 1 -0 0 0 0 0 -0 -0
-57.8939 319.349 -2.57495 0 1 0.0683 0.8959 -0.439 0 0 0 0 0 0
-63.8557 316.583 -1.39075 0 1 0.4523 -0.3413 0.824 0 0 -0 -0 0 0
-63.8557 316.648 -1.41785 0 1 0.4523 0.824 0.3413 0 0 0 0 0 -0
-57.8939 313.629 -1.43705 0 1 0.0683 -0.9957 0.0628 0 0 0 0 0 -0
0 315.338 -0.913452 0 1 0 -0.9239 0.3827 0 0 0 0 -0 -0
-53.1139 315.338 -0.913452 0 1 0 -0.9239 0.3827 0 0 0 0 -0 -0
-53.1139 317.866 -0.913452 0 1 -0 0.9239 0.3827 0 0 0 0 -0 0
0 317.866 -0.913452 0 1 -0 0.9239 0.3827 0 0 0 0 0 -0
-57.8939 319.576 -1.43705 0 1 0.3184 0.948 0 0 0 -0 0 0 0
-63.8557 316.567 -1.40165 0 1 -0.4454 0.7445 -0.4974 0 0 -0 -0 0 0
-63.8557 316.652 -1.43705 0 1 0.4523 0.8918 0.0098 0 0 0 0 0 -0
-57.8939 313.855 -0.299049 0 1 0.0687 -0.9439 0.3231 0 0 0 0 0 -0
-51.4659 315.635 -0.469551 0 1 0 -0.8115 0.5843 0 0 0 0 -0 -0
-53.1139 315.635 -0.469551 0 1 0 -0.7071 0.7071 0 0 0 0 -0 -0
-51.2307 315.58 -0.55175 0 1 0 -0.8315 0.5556 0 0 0 0 -0 -0
-50.9953 315.635 -0.469551 0 1 0 -0.8115 0.5843 -0 0 0 0 0 0
0 315.635 -0.469551 0 1 0 -0.7071 0.7071 -0 0 0 0 -0 -0
-51.2307 317.625 -0.55175 0 1 -0 0.8315 0.5556 0 0 0 0 0 0
-50.9953 317.57 -0.469551 0 1 -0 0.8115 0.5843 0 0 0 0 0 0
0 317.57 -0.469551 0 1 -0 0.7071 0.7071 0 0 0 0 0 0
-53.1139 317.57 -0.469551 0 1 0 0.7071 0.7071 0 0 0 0 0 -0
-51.4659 317.57 -0.469551 0 1 -0 0.8115 0.5843 0 0 0 0 0 -0
-57.8939 319.349 -0.299049 0 1 0.0687 0.8959 0.4389 0 0 0 0 0 0
-63.8557 316.556 -1.41785 0 1 -0.4454 0.8781 -0.1747 0 0 -0 -0 0 0
-63.8557 316.648 -1.45615 0 1 0.4523 0.8277 -0.3322 0 0 0 0 -0 0
-57.8939 314.5 0.665649 0 1 0.3184 -0.6703 0.6703 0 0 0 0 0 0
-52.2323 316.079 -0.172951 0 1 0 -0.4766 0.8791 0 0 0 0 -0 -0
-53.1139 316.079 -0.172951 0 1 0 -0.3827 0.9239 0 0 0 0 -0 -0
-51.8171 315.717 -0.414753 0 1 0 -0.5556 0.8315 0 0 0 0 -0 -0
-50.6441 315.717 -0.414753 0 1 0 -0.5556 0.8315 -0 0 0 0 0 0
-50.229 316.079 -0.172951 0 1 0 -0.4766 0.8791 -0 0 0 0 0 0
0 316.079 -0.172951 0 1 0 -0.3827 0.9239 -0 0 0 0 0 -0
-50.6441 317.488 -0.414753 0 1 -0 0.5556 0.8315 0 0 0 0 0 0
-50.229 317.126 -0.172951 0 1 -0 0.4766 0.8791 0 0 0 0 0 0
0 317.126 -0.172951 0 1 -0 0.3827 0.9239 0 0 0 0 0 0
-51.8171 317.488 -0.414753 0 1 -0 0.5556 0.8315 0 0 0 -0 0 0
-53.1139 317.126 -0.172951 0 1 0 0.3827 0.9239 0 0 -0 0 -0 0
-52.2323 317.126 -0.172951 0 1 0 0.4766 0.8791 0 0 0 0 0 0
-57.8939 318.705 0.665649 0 1 0.0683 0.7484 0.6597 0 0 0 0 0 0
-63.8557 316.552 -1.43705 0 1 0.4523 -0.8919 0 0 0 0 -0 -0 0
-63.8557 316.638 -1.47245 0 1 0.4523 0.6306 -0.6307 0 0 0 0 -0 0
-57.8939 315.464 1.31025 0 1 0.0683 -0.323 0.9439 0 0 0 0 0 0
-52.4037 316.602 -0.0687523 0 1 0.0657 -0.0664 0.9956 0 0 0 0 -0 -0
-53.1139 316.602 -0.0687523 0 1 0 -0 1 0 0 0 0 -0 -0
-52.2465 316.091 -0.170452 0 1 -0 -0.1951 0.9808 0 0 0 0 -0 -0
-50.2148 316.091 -0.170452 0 1 -0 -0.1951 0.9808 -0 0 0 0 0 0
-50.0576 316.602 -0.0687523 0 1 -0.0012 -0.3077 0.9515 -0 0 0 0 0 0
0 316.602 -0.0687523 0 1 0 0 1 -0 0 0 0 -0 -0
-50.2148 317.113 -0.170452 0 1 -0 0.1951 0.9808 0 0 0 0 0 0
-52.2465 317.113 -0.170452 0 1 0 0.195 0.9808 0 0 -0 -0 -0 0
-57.8939 317.74 1.31025 0 1 0.3184 0.3628 0.8758 0 0 0 0 0 0
-63.8557 316.556 -1.45615 0 1 -0.4454 0.7445 0.4974 0 0 0 -0 -0 0
-63.8557 316.621 -1.48325 0 1 0.4523 0.3503 -0.8202 0 0 0 0 -0 0
-57.8939 316.602 1.53655 0 1 0.0687 -0.0627 0.9957 0 0 0 0 -0 0
-63.8557 316.567 -1.47245 0 1 -0.4454 0.4974 0.7445 0 0 0 -0 -0 0
-63.8557 316.602 -1.48705 0 1 0.4523 0.0098 -0.8918 0 0 0 0 -0 0
-63.8557 316.583 -1.48325 0 1 0.4523 -0.3413 -0.824 0 0 0 -0 -0 0
53.1138 316.079 -2.70115 0 1 -0 -0.3827 -0.9239 0 0 0 0 0 -0
53.1138 316.602 -2.80535 0 1 0 -0.1951 -0.9808 0 0 0 0 -0 0
57.8939 315.464 -4.18425 0 1 0.0696 -0.3818 -0.9216 0 0 0 0 0 0
57.8939 316.602 -4.41065 0 1 0.0696 -0.0001 -0.9976 0 0 0 0 -0 0
53.1138 317.126 -2.70115 0 1 -0.1646 0.3775 -0.9113 0 0 0 0 -0 -0
53.1138 315.635 -2.40455 0 1 -0 -0.7071 -0.7071 0 0 0 0 0 -0
63.8557 316.621 -1.39075 0 1 0.4454 -0.1747 -0.8781 0 0 0 0 0 0
57.8939 317.74 -4.18425 0 1 0.0694 0.3818 -0.9217 0 0 0 0 -0 0
57.8939 314.5 -3.53965 0 1 0.0696 -0.7055 -0.7053 0 0 0 0 0 0
53.1138 317.57 -2.40455 0 1 -0.1646 0.6975 -0.6975 0 0 0 0 -0 -0
53.1138 315.338 -1.96065 0 1 -0 -0.9239 -0.3827 0 0 0 0 0 -0
63.8557 316.602 -1.38695 0 1 -0.4454 0.1747 0.8781 -0 0 -0 0 0 0
63.8557 316.638 -1.40165 0 1 -0.4523 0.6237 0.6375 -0 0 -0 0 0 0
57.8939 318.705 -3.53965 0 1 0.0694 0.7054 -0.7054 0 0 0 0 0 0
57.8939 313.855 -2.57495 0 1 0.0696 -0.9217 -0.3817 0 0 0 0 0 0
53.1138 317.866 -1.96065 0 1 -0.1646 0.9113 -0.3775 0 0 0 0 -0 -0
53.1138 315.234 -1.43705 0 1 -0 -1 -0 0 0 0 0 0 -0
63.8557 316.583 -1.39075 0 1 -0.4523 -0.3413 0.824 -0 0 0 0 -0 0
57.8939 319.349 -2.57495 0 1 0.0694 0.9217 -0.3818 0 0 0 0 0 0
63.8557 316.648 -1.41785 0 1 -0.4523 0.8202 0.3503 -0 0 -0 0 0 0
57.8939 313.629 -1.43705 0 1 0.0696 -0.9976 0.0001 0 0 0 0 0 -0
53.1138 317.971 -1.43705 0 1 -0.1646 0.9864 0 0 0 0 0 -0 -0
53.1138 315.338 -0.913452 0 1 -0 -0.9239 0.3827 0 0 0 0 -0 -0
63.8557 316.567 -1.40165 0 1 -0.4523 -0.6306 0.6307 -0 0 0 0 -0 0
57.8939 319.576 -1.43705 0 1 0.0694 0.9976 0 0 0 0 0 0 -0
63.8557 316.652 -1.43705 0 1 -0.4523 0.8918 0.0098 -0 0 -0 0 0 0
57.8939 313.855 -0.299049 0 1 0.0696 -0.9216 0.3818 0 0 0 0 0 0
53.1138 317.866 -0.913452 0 1 -0.2171 0.9247 0.3126 0 0 0 0 0 -0
51.8909 315.58 -0.55175 0 1 -0 -0.8315 0.5556 0 0 0 0 0 0
51.6555 315.635 -0.469551 0 1 -0 -0.8115 0.5843 0 0 0 0 0 0
52.1262 315.635 -0.469551 0 1 -0 -0.8115 0.5843 -0 0 0 0 0 0
53.1138 315.635 -0.469551 0 1 0 -0.7071 0.7071 -0 0 0 0 -0 -0
63.8557 316.556 -1.41785 0 1 -0.4523 -0.824 0.3413 -0 0 0 0 -0 0
57.8939 319.349 -0.299049 0 1 0.0694 0.9217 0.3818 0 0 0 0 0 -0
63.8557 316.648 -1.45615 0 1 -0.4523 0.8277 -0.3322 -0 -0 0 0 0 0
57.8939 314.5 0.665649 0 1 0.0696 -0.7053 0.7055 0 0 0 0 0 0
51.6556 317.57 -0.469551 0 1 0 0.8115 0.5843 0 0 0 0 0 -0
51.8909 317.625 -0.55175 0 1 0 0.8315 0.5556 0 0 0 0 0 -0
52.1262 317.57 -0.469551 0 1 0 0.8115 0.5843 0 0 0 0 0 0
53.1138 317.57 -0.469551 0 1 -0 0.7071 0.7071 -0 0 0 0 0 0
50.8892 316.079 -0.172951 0 1 -0 -0.4766 0.8791 0 0 0 0 -0 -0
51.3044 315.717 -0.414753 0 1 -0 -0.5556 0.8315 0 0 0 0 -0 -0
52.4774 315.717 -0.414753 0 1 0 -0.5556 0.8315 -0 0 0 0 0 0
52.8925 316.079 -0.172951 0 1 0 -0.4766 0.8791 -0 0 0 0 0 0
53.1138 316.079 -0.172951 0 1 0 -0.3827 0.9239 -0 0 0 0 -0 -0
63.8557 316.552 -1.43705 0 1 -0.4523 -0.8919 0 -0 0 0 0 -0 0
57.8939 318.705 0.665649 0 1 0.0694 0.7054 0.7054 0 0 0 0 0 0
63.8557 316.638 -1.47245 0 1 -0.4523 0.6375 -0.6237 -0 -0 0 0 0 0
57.8939 315.464 1.31025 0 1 0.0696 -0.3817 0.9217 0 0 0 0 0 0
52.4774 317.488 -0.414753 0 1 -0 0.5556 0.8315 0 0 0 0 -0 0
52.8925 317.126 -0.172951 0 1 -0 0.4766 0.8791 0 0 0 0 0 0
53.1138 317.126 -0.172951 0 1 -0 0.3827 0.9239 -0 0 0 0 0 0
51.3044 317.488 -0.414753 0 1 0 0.5556 0.8315 0 0 -0 -0 -0 0
50.8892 317.126 -0.172951 0 1 0 0.4766 0.8791 0 0 0 0 0 0
50.7178 316.602 -0.0687523 0 1 0.0013 -0.1047 0.9945 0 0 0 0 -0 -0
50.875 316.091 -0.170452 0 1 -0 -0.1951 0.9808 0 0 0 0 -0 -0
52.9067 316.091 -0.170452 0 1 0 -0.1951 0.9808 -0 0 0 0 0 0
53.1138 316.602 -0.0687523 0 1 -0 -0 1 0 0 0 0 0 0
53.0639 316.602 -0.0687523 0 1 -0 -0.1665 0.986 0 0 0 0 0 0
63.8557 316.556 -1.45615 0 1 -0.4523 -0.824 -0.3413 -0 0 0 0 0 -0
57.8939 317.74 1.31025 0 1 0.0696 0.3818 0.9216 0 0 0 0 0 0
63.8557 316.621 -1.48325 0 1 -0.4523 0.3503 -0.8202 -0 -0 0 0 0 0
57.8939 316.602 1.53655 0 1 0.0696 0.0001 0.9976 0 0 0 0 -0 0
52.9067 317.113 -0.170452 0 1 -0 0.1951 0.9808 0 0 0 0 -0 0
50.875 317.113 -0.170452 0 1 0 0.1951 0.9808 0 0 -0 -0 -0 0
63.8557 316.567 -1.47245 0 1 -0.4413 -0.7702 -0.4604 -0 0 0 0 0 -0
63.8557 316.602 -1.48705 0 1 -0.4523 0.0098 -0.8918 -0 -0 0 0 0 0
63.8557 316.583 -1.48325 0 1 -0.4523 -0.3322 -0.8277 -0 0 0 0 0 -0
-50.0576 316.602 -0.0687523 0.75 0.7466 0.9834 -0.1813 -0 -0.293893 -0.955838 0 -0 -0 -1
-50.0576 316.602 4.41065 0.75 0 0.7629 0 0.6466 -0.293893 -0.955838 0 -0 -0 -1
-50.2148 316.091 4.41065 0.8333 0 0.6371 -0.4138 0.6503 -0.293893 -0.955838 0 -0 -0 -1
-50.2148 316.091 4.41065 0.8333 0 0.6371 -0.4138 0.6503 -0.293893 -0.955838 -0.000556857 0 0 -1
-50.2148 316.091 -0.170452 0.8333 0.7635 0.8223 -0.5691 0 -0.293893 -0.955838 -0.000556857 0 0 -1
-50.0576 316.602 -0.0687523 0.75 0.7466 0.9834 -0.1813 -0 -0.293893 -0.955838 -0.000556857 0 0 -1
-50.2148 316.091 -0.170452 0.8333 0.7635 0.9559 -0.2938 -0 -0.293893 -0.955838 0 0 0 -1
-50.2148 316.091 -1.58935 0.8333 1 0.6371 -0.4138 -0.6503 -0.293893 -0.955838 0 0 0 -1
-50.0576 316.602 -1.58935 0.75 1 0.7629 0 -0.6466 -0.293893 -0.955838 0 0 0 -1
-50.0576 316.602 -1.58935 0.75 1 0.7629 0 -0.6466 -0.293893 -0.955838 -0.000536191 -0 -0 -1
-50.0576 316.602 -0.0687523 0.75 0.7466 0.9559 -0.2938 -0 -0.293893 -0.955838 -0.000536191 -0 -0 -1
-50.2148 316.091 -0.170452 0.8333 0.7635 0.9559 -0.2938 -0 -0.293893 -0.955838 -0.000536191 -0 -0 -1
-50.2148 316.091 -0.170452 0.8333 0.7635 0.8223 -0.5691 0 -0.753867 -0.657027 0 -0 -0 -1
-50.2148 316.091 4.41065 0.8333 0 0.6371 -0.4138 0.6503 -0.753867 -0.657027 0 -0 -0 -1
-50.6441 315.717 4.41065 0.9167 0 0.3437 -0.6714 0.6566 -0.753867 -0.657027 0 -0 -0 -1
-50.229 316.079 -0.172951 0.8361 0.7639 0.6571 -0.7538 0 -0.753278 -0.657682 -0.00514881 0.00141984 0.00109446 -0.999998
-50.2148 316.091 -0.170452 0.8333 0.7635 0.8223 -0.5691 0 -0.753278 -0.657682 -0.00514881 0.00141984 0.00109446 -0.999998
-50.6441 315.717 4.41065 0.9167 0 0.3437 -0.6714 0.6566 -0.753278 -0.657682 -0.00514881 0.00141984 0.00109446 -0.999998
-50.229 316.079 -0.172951 0.8361 0.7639 0.6571 -0.7538 0 -0.753887 -0.657004 1.44367e-005 0 0 -1
-50.6441 315.717 4.41065 0.9167 0 0.3437 -0.6714 0.6566 -0.753887 -0.657004 1.44367e-005 0 0 -1
-50.6441 315.717 -0.414753 0.9167 0.8042 0.4118 -0.9113 -0 -0.753887 -0.657004 1.44367e-005 0 0 -1
-51.2307 315.58 4.41065 0 0.5 0 -0.7519 0.6593 -0.000390916 1 0 -1 -9.70822e-005 0
-50.6441 315.717 4.41065 0.067 0.25 0.3437 -0.6714 0.6566 -0.000390916 1 0 -1 -9.70822e-005 0
-50.2148 316.091 4.41065 0.25 0.067 0.6371 -0.4138 0.6503 -0.000390916 1 0 -1 -9.70822e-005 0
-52.2465 316.091 4.41065 0.25 0.933 -0.6371 -0.4138 0.6503 -0.000515199 1 0 -1 9.71381e-005 0
-51.8171 315.717 4.41065 0.067 0.75 -0.3437 -0.6714 0.6566 -0.000515199 1 0 -1 9.71381e-005 0
-51.2307 315.58 4.41065 0 0.5 0 -0.7519 0.6593 -0.000515199 1 0 -1 9.71381e-005 0
-52.2465 317.113 4.41065 0.75 0.933 -0.6371 0.4138 0.6503 -0 1 0 -1 0.000582411 0
-52.4037 316.602 4.41065 0.5 1 -0.7629 -0 0.6466 -0 1 0 -1 0.000582411 0
-52.2465 316.091 4.41065 0.25 0.933 -0.6371 -0.4138 0.6503 -0 1 0 -1 0.000582411 0
-52.2465 317.113 4.41065 0.75 0.933 -0.6371 0.4138 0.6503 -0 1 -0 -1 -9.01307e-005 0
-52.2465 316.091 4.41065 0.25 0.933 -0.6371 -0.4138 0.6503 -0 1 -0 -1 -9.01307e-005 0
-51.2307 315.58 4.41065 0 0.5 0 -0.7519 0.6593 -0 1 -0 -1 -9.01307e-005 0
-51.2307 317.625 4.41065 1 0.5 -0 0.7519 0.6593 0.000514553 1 0 -1 0.000201106 0
-51.8171 317.488 4.41065 0.933 0.75 -0.3437 0.6714 0.6566 0.000514553 1 0 -1 0.000201106 0
-52.2465 317.113 4.41065 0.75 0.933 -0.6371 0.4138 0.6503 0.000514553 1 0 -1 0.000201106 0
-50.2148 317.113 4.41065 0.75 0.067 0.6371 0.4138 0.6503 0.000390373 1 0 -1 -0.00020099 0
-50.6441 317.488 4.41065 0.933 0.25 0.3437 0.6714 0.6566 0.000390373 1 0 -1 -0.00020099 0
-51.2307 317.625 4.41065 1 0.5 -0 0.7519 0.6593 0.000390373 1 0 -1 -0.00020099 0
-50.2148 317.113 4.41065 0.75 0.067 0.6371 0.4138 0.6503 -0.000119269 1 0 -1 0 0
-51.2307 317.625 4.41065 1 0.5 -0 0.7519 0.6593 -0.000119269 1 0 -1 0 0
-52.2465 317.113 4.41065 0.75 0.933 -0.6371 0.4138 0.6503 -0.000119269 1 0 -1 0 0
-50.2148 317.113 4.41065 0.75 0.067 0.6371 0.4138 0.6503 3.97611e-005 1 0 -1 0 0
-52.2465 317.113 4.41065 0.75 0.933 -0.6371 0.4138 0.6503 3.97611e-005 1 0 -1 0 0
-51.2307 315.58 4.41065 0 0.5 0 -0.7519 0.6593 3.97611e-005 1 0 -1 0 0
-50.2148 317.113 4.41065 0.75 0.067 0.6371 0.4138 0.6503 -0 1 0 -1 9.01199e-005 0
-51.2307 315.58 4.41065 0 0.5 0 -0.7519 0.6593 -0 1 0 -1 9.01199e-005 0
-50.2148 316.091 4.41065 0.25 0.067 0.6371 -0.4138 0.6503 -0 1 0 -1 9.01199e-005 0
-50.2148 317.113 4.41065 0.75 0.067 0.6371 0.4138 0.6503 -0 1 -0 -1 -0.000582298 0
-50.2148 316.091 4.41065 0.25 0.067 0.6371 -0.4138 0.6503 -0 1 -0 -1 -0.000582298 0
-50.0576 316.602 4.41065 0.5 0 0.7629 0 0.6466 -0 1 -0 -1 -0.000582298 0
-50.2148 317.113 -0.170452 0.6667 0.7635 0.8222 0.5691 0 0.29399 -0.955809 0 0 -0 -1
-50.2148 317.113 4.41065 0.6667 0 0.6371 0.4138 0.6503 0.29399 -0.955809 0 0 -0 -1
-50.0576 316.602 4.41065 0.75 0 0.7629 0 0.6466 0.29399 -0.955809 0 0 -0 -1
-50.0576 316.602 -0.0687523 0.75 0.7466 0.9904 0.1383 0 0.29399 -0.955808 0.000569722 0 -0 -1
-50.2148 317.113 -0.170452 0.6667 0.7635 0.8222 0.5691 0 0.29399 -0.955808 0.000569722 0 -0 -1
-50.0576 316.602 4.41065 0.75 0 0.7629 0 0.6466 0.29399 -0.955808 0.000569722 0 -0 -1
-50.0576 316.602 -0.0687523 0.75 0.7466 0.9904 0.1383 0 0 0 0 0 0 0
-50.0576 316.602 4.41065 0.75 0 0.7629 0 0.6466 0 0 0 0 0 0
-50.2148 317.113 -0.170452 0.6667 0.7635 0.9559 0.2938 -0 0 0 0 0 0 0
-50.2148 317.113 -0.170452 0.6667 0.7635 0.9559 0.2938 -0 0.29399 -0.955808 0.000536394 0 0 -1
-50.0576 316.602 -0.0687523 0.75 0.7466 0.9541 0.2658 -0.1384 0.29399 -0.955808 0.000536394 0 0 -1
-50.0576 316.602 -1.58935 0.75 1 0.7629 0 -0.6466 0.29399 -0.955808 0.000536394 0 0 -1
-50.2148 317.113 -0.170452 0.6667 0.7635 0.9559 0.2938 -0 0.29399 -0.955809 0 0 0 -1
-50.0576 316.602 -1.58935 0.75 1 0.7629 0 -0.6466 0.29399 -0.955809 0 0 0 -1
-50.2148 317.113 -1.58935 0.6667 1 0.6371 0.4138 -0.6503 0.29399 -0.955809 0 0 0 -1
-51.8171 317.488 -1.58935 0.933 0.75 -0.3437 0.6714 -0.6566 -0.000779857 1 -0 -1 -0 -0
-51.2307 317.625 -1.58935 1 0.5 -0 0.7519 -0.6593 -0.000779857 1 -0 -1 -0 -0
-50.6441 317.488 -1.58935 0.933 0.25 0.3437 0.6714 -0.6566 -0.000779857 1 -0 -1 -0 -0
-52.4037 316.602 -1.58935 0.5 1 -0.7629 0 -0.6466 -2.56827e-005 1 -0 -1 -0.000485272 -0
-52.2465 317.113 -1.58935 0.75 0.933 -0.6371 0.4138 -0.6503 -2.56827e-005 1 -0 -1 -0.000485272 -0
-51.8171 317.488 -1.58935 0.933 0.75 -0.3437 0.6714 -0.6566 -2.56827e-005 1 -0 -1 -0.000485272 -0
-51.8171 315.717 -1.58935 0.067 0.75 -0.3437 -0.6714 -0.6566 2.56655e-005 1 -0 -1 -0.000523389 -0
-52.2465 316.091 -1.58935 0.25 0.933 -0.6371 -0.4138 -0.6503 2.56655e-005 1 -0 -1 -0.000523389 -0
-52.4037 316.602 -1.58935 0.5 1 -0.7629 0 -0.6466 2.56655e-005 1 -0 -1 -0.000523389 -0
-51.8171 315.717 -1.58935 0.067 0.75 -0.3437 -0.6714 -0.6566 0 1 -0 -1 1.17337e-007 -0
-52.4037 316.602 -1.58935 0.5 1 -0.7629 0 -0.6466 0 1 -0 -1 1.17337e-007 -0
-51.8171 317.488 -1.58935 0.933 0.75 -0.3437 0.6714 -0.6566 0 1 -0 -1 1.17337e-007 -0
-50.6441 315.717 -1.58935 0.067 0.25 0.3437 -0.6714 -0.6566 0.00077951 1 -0 -1 -0 0
-51.2307 315.58 -1.58935 0 0.5 -0 -0.7519 -0.6593 0.00077951 1 -0 -1 -0 0
-51.8171 315.717 -1.58935 0.067 0.75 -0.3437 -0.6714 -0.6566 0.00077951 1 -0 -1 -0 0
-50.0576 316.602 -1.58935 0.5 0 0.7629 0 -0.6466 0.000145891 1 -0 -1 0.000523768 -0
-50.2148 316.091 -1.58935 0.25 0.067 0.6371 -0.4138 -0.6503 0.000145891 1 -0 -1 0.000523768 -0
-50.6441 315.717 -1.58935 0.067 0.25 0.3437 -0.6714 -0.6566 0.000145891 1 -0 -1 0.000523768 -0
-50.0576 316.602 -1.58935 0.5 0 0.7629 0 -0.6466 1.72319e-005 1 -0 -1 -0 -0
-50.6441 315.717 -1.58935 0.067 0.25 0.3437 -0.6714 -0.6566 1.72319e-005 1 -0 -1 -0 -0
-51.8171 315.717 -1.58935 0.067 0.75 -0.3437 -0.6714 -0.6566 1.72319e-005 1 -0 -1 -0 -0
-50.0576 316.602 -1.58935 0.5 0 0.7629 0 -0.6466 -0 1 -0 -1 -1.95586e-008 0
-51.8171 315.717 -1.58935 0.067 0.75 -0.3437 -0.6714 -0.6566 -0 1 -0 -1 -1.95586e-008 0
-51.8171 317.488 -1.58935 0.933 0.75 -0.3437 0.6714 -0.6566 -0 1 -0 -1 -1.95586e-008 0
-50.0576 316.602 -1.58935 0.5 0 0.7629 0 -0.6466 -1.72319e-005 1 -0 -1 -0 -0
-51.8171 317.488 -1.58935 0.933 0.75 -0.3437 0.6714 -0.6566 -1.72319e-005 1 -0 -1 -0 -0
-50.6441 317.488 -1.58935 0.933 0.25 0.3437 0.6714 -0.6566 -1.72319e-005 1 -0 -1 -0 -0
-50.0576 316.602 -1.58935 0.5 0 0.7629 0 -0.6466 -0.000145988 1 -0 -1 0.000485448 -0
-50.6441 317.488 -1.58935 0.933 0.25 0.3437 0.6714 -0.6566 -0.000145988 1 -0 -1 0.000485448 -0
-50.2148 317.113 -1.58935 0.75 0.067 0.6371 0.4138 -0.6503 -0.000145988 1 -0 -1 0.000485448 -0
-50.2148 316.091 -0.170452 0.8333 0.7635 0.6571 -0.7538 -0 -0.75301 -0.657968 -0.00737006 -0.0388644 -0.029958 -0.998795
-50.229 316.079 -0.172951 0.8361 0.7639 0.6571 -0.7538 -0.0001 -0.75301 -0.657968 -0.00737006 -0.0388644 -0.029958 -0.998795
-50.6441 315.717 -0.414753 0.9167 0.8042 0.6571 -0.7538 -0 -0.75301 -0.657968 -0.00737006 -0.0388644 -0.029958 -0.998795
-50.2148 316.091 -0.170452 0.8333 0.7635 0.6571 -0.7538 -0 -0.753867 -0.657027 -0.000250383 0 0 -1
-50.6441 315.717 -0.414753 0.9167 0.8042 0.6571 -0.7538 -0 -0.753867 -0.657027 -0.000250383 0 0 -1
-50.6441 315.717 -1.58935 0.9167 1 0.3437 -0.6714 -0.6566 -0.753867 -0.657027 -0.000250383 0 0 -1
-50.2148 316.091 -0.170452 0.8333 0.7635 0.6571 -0.7538 -0 -0.753867 -0.657027 0 0 0 -1
-50.6441 315.717 -1.58935 0.9167 1 0.3437 -0.6714 -0.6566 -0.753867 -0.657027 0 0 0 -1
-50.2148 316.091 -1.58935 0.8333 1 0.6371 -0.4138 -0.6503 -0.753867 -0.657027 0 0 0 -1
-50.6441 315.717 -0.414753 0.9167 0.8042 0.4118 -0.9113 -0 -0.973787 -0.227463 0 -0 -0 -1
-50.6441 315.717 4.41065 0.9167 0 0.3437 -0.6714 0.6566 -0.973787 -0.227463 0 -0 -0 -1
-51.2307 315.58 4.41065 1 0 0 -0.7519 0.6593 -0.973787 -0.227463 0 -0 -0 -1
-50.9953 315.635 -0.469551 0.9666 0.8134 0.2274 -0.9738 -0 -0.973788 -0.227454 0.00110028 6.98817e-005 1.75008e-005 -1
-50.6441 315.717 -0.414753 0.9167 0.8042 0.4118 -0.9113 -0 -0.973788 -0.227454 0.00110028 6.98817e-005 1.75008e-005 -1
-51.2307 315.58 4.41065 1 0 0 -0.7519 0.6593 -0.973788 -0.227454 0.00110028 6.98817e-005 1.75008e-005 -1
-50.9953 315.635 -0.469551 0.9666 0.8134 0.2274 -0.9738 -0 -0.973783 -0.227477 -1.13276e-005 0 0 -1
-51.2307 315.58 4.41065 1 0 0 -0.7519 0.6593 -0.973783 -0.227477 -1.13276e-005 0 0 -1
-51.2307 315.58 -0.55175 1 0.8271 0 -1 -0 -0.973783 -0.227477 -1.13276e-005 0 0 -1
-51.2307 315.58 -0.55175 0 0.8271 0 -1 -0 -0.973768 0.227542 0 -0 0 -1
-51.2307 315.58 4.41065 0 0 0 -0.7519 0.6593 -0.973768 0.227542 0 -0 0 -1
-51.8171 315.717 4.41065 0.0833 0 -0.3437 -0.6714 0.6566 -0.973768 0.227542 0 -0 0 -1
-51.4659 315.635 -0.469551 0.0334 0.8134 -0.2274 -0.9738 -0 -0.973736 0.227679 1.18257e-005 -4.0741e-005 2.70054e-005 -1
-51.2307 315.58 -0.55175 0 0.8271 0 -1 -0 -0.973736 0.227679 1.18257e-005 -4.0741e-005 2.70054e-005 -1
-51.8171 315.717 4.41065 0.0833 0 -0.3437 -0.6714 0.6566 -0.973736 0.227679 1.18257e-005 -4.0741e-005 2.70054e-005 -1
-51.4659 315.635 -0.469551 0.0334 0.8134 -0.2274 -0.9738 -0 -0.973788 0.227454 -0.00112131 0 0 -1
-51.8171 315.717 4.41065 0.0833 0 -0.3437 -0.6714 0.6566 -0.973788 0.227454 -0.00112131 0 0 -1
-51.8171 315.717 -0.414753 0.0833 0.8042 -0.4118 -0.9113 -0 -0.973788 0.227454 -0.00112131 0 0 -1
-51.8171 315.717 -0.414753 0.0833 0.8042 -0.4118 -0.9113 -0 -0.753936 0.656948 0 -0 0 -1
-51.8171 315.717 4.41065 0.0833 0 -0.3437 -0.6714 0.6566 -0.753936 0.656948 0 -0 0 -1
-52.2465 316.091 4.41065 0.1667 0 -0.6371 -0.4138 0.6503 -0.753936 0.656948 0 -0 0 -1
-52.2323 316.079 -0.172951 0.1639 0.7639 -0.6571 -0.7538 -0 -0.75396 0.656921 -1.52238e-005 -5.08986e-005 3.86999e-005 -1
-51.8171 315.717 -0.414753 0.0833 0.8042 -0.4118 -0.9113 -0 -0.75396 0.656921 -1.52238e-005 -5.08986e-005 3.86999e-005 -1
-52.2465 316.091 4.41065 0.1667 0 -0.6371 -0.4138 0.6503 -0.75396 0.656921 -1.52238e-005 -5.08986e-005 3.86999e-005 -1
-52.2323 316.079 -0.172951 0.1639 0.7639 -0.6571 -0.7538 -0 -0.753268 0.657692 0.00523034 0 0 -1
-52.2465 316.091 4.41065 0.1667 0 -0.6371 -0.4138 0.6503 -0.753268 0.657692 0.00523034 0 0 -1
-52.2465 316.091 -0.170452 0.1667 0.7635 -0.8223 -0.5691 -0 -0.753268 0.657692 0.00523034 0 0 -1
-52.2465 316.091 4.41065 0.1667 0 -0.6371 -0.4138 0.6503 -0.293841 0.955854 0 0 0 -1
-52.4037 316.602 4.41065 0.25 0 -0.7629 -0 0.6466 -0.293841 0.955854 0 0 0 -1
-52.4037 316.602 -0.0687523 0.25 0.7466 -0.9836 -0.1799 0.0127 -0.293841 0.955854 0 0 0 -1
-52.4037 316.602 -0.0687523 0.25 0.7466 -0.9836 -0.1799 0.0127 -0.293841 0.955854 0.000556939 0 0 -1
-52.2465 316.091 -0.170452 0.1667 0.7635 -0.8223 -0.5691 -0 -0.293841 0.955854 0.000556939 0 0 -1
-52.2465 316.091 4.41065 0.1667 0 -0.6371 -0.4138 0.6503 -0.293841 0.955854 0.000556939 0 0 -1
-52.4037 316.602 -0.0687523 0.25 0.7466 -0.9836 -0.1799 0.0127 0.293937 0.955825 0 0 0 -1
-52.4037 316.602 4.41065 0.25 0 -0.7629 -0 0.6466 0.293937 0.955825 0 0 0 -1
-52.2465 317.113 4.41065 0.3333 0 -0.6371 0.4138 0.6503 0.293937 0.955825 0 0 0 -1
-52.4037 316.602 -0.0687523 0.25 0.7466 -0.9931 0.1152 0.0217 -0 -0 -0 0 0 0
-52.2465 317.113 4.41065 0.3333 0 -0.6371 0.4138 0.6503 -0 -0 -0 0 0 0
-52.4037 316.602 -0.0687523 0.25 0.7466 -0.9931 0.1152 0.0217 0.293937 0.955824 -0.000557121 0 0 -1
-52.2465 317.113 4.41065 0.3333 0 -0.6371 0.4138 0.6503 0.293937 0.955824 -0.000557121 0 0 -1
-52.2465 317.113 -0.170452 0.3333 0.7635 -0.8223 0.5691 0 0.293937 0.955824 -0.000557121 0 0 -1
-52.2465 317.113 -0.170452 0.3333 0.7635 -0.8223 0.5691 0 0.753777 0.657131 0 0 0 -1
-52.2465 317.113 4.41065 0.3333 0 -0.6371 0.4138 0.6503 0.753777 0.657131 0 0 0 -1
-51.8171 317.488 4.41065 0.4167 0 -0.3437 0.6714 0.6566 0.753777 0.657131 0 0 0 -1
-52.2323 317.126 -0.172951 0.3361 0.7639 -0.6571 0.7538 0 0.753276 0.657684 -0.00514878 -0.00144034 -0.00113452 -0.999998
-52.2465 317.113 -0.170452 0.3333 0.7635 -0.8223 0.5691 0 0.753276 0.657684 -0.00514878 -0.00144034 -0.00113452 -0.999998
-51.8171 317.488 4.41065 0.4167 0 -0.3437 0.6714 0.6566 0.753276 0.657684 -0.00514878 -0.00144034 -0.00113452 -0.999998
-52.2323 317.126 -0.172951 0.3361 0.7639 -0.6571 0.7538 0 0.753794 0.657111 1.44317e-005 0 0 -1
-51.8171 317.488 4.41065 0.4167 0 -0.3437 0.6714 0.6566 0.753794 0.657111 1.44317e-005 0 0 -1
-51.8171 317.488 -0.414753 0.4167 0.8042 -0.4118 0.9113 0 0.753794 0.657111 1.44317e-005 0 0 -1
-51.8171 317.488 -0.414753 0.4167 0.8042 -0.4118 0.9113 0 0.973791 0.227446 0 0 0 -1
-51.8171 317.488 4.41065 0.4167 0 -0.3437 0.6714 0.6566 0.973791 0.227446 0 0 0 -1
-51.2307 317.625 4.41065 0.5 0 -0 0.7519 0.6593 0.973791 0.227446 0 0 0 -1
-51.4659 317.57 -0.469551 0.4666 0.8134 -0.2274 0.9738 0 0.973825 0.227297 0.00110033 -2.63774e-005 -2.57967e-005 -1
-51.8171 317.488 -0.414753 0.4167 0.8042 -0.4118 0.9113 0 0.973825 0.227297 0.00110033 -2.63774e-005 -2.57967e-005 -1
-51.2307 317.625 4.41065 0.5 0 -0 0.7519 0.6593 0.973825 0.227297 0.00110033 -2.63774e-005 -2.57967e-005 -1
-51.4659 317.57 -0.469551 0.4666 0.8134 -0.2274 0.9738 0 0.973738 0.227673 -1.13374e-005 0 0 -1
-51.2307 317.625 4.41065 0.5 0 -0 0.7519 0.6593 0.973738 0.227673 -1.13374e-005 0 0 -1
-51.2307 317.625 -0.55175 0.5 0.8271 -0 1 0 0.973738 0.227673 -1.13374e-005 0 0 -1
-51.2307 317.625 -0.55175 0.5 0.8271 -0 1 0 0.973809 -0.227367 0 0 -0 -1
-51.2307 317.625 4.41065 0.5 0 -0 0.7519 0.6593 0.973809 -0.227367 0 0 -0 -1
-50.6441 317.488 4.41065 0.5833 0 0.3437 0.6714 0.6566 0.973809 -0.227367 0 0 -0 -1
-50.9953 317.57 -0.469551 0.5334 0.8134 0.2274 0.9738 0 0.973782 -0.227482 1.18153e-005 0.000107904 -3.98531e-005 -1
-51.2307 317.625 -0.55175 0.5 0.8271 -0 1 0 0.973782 -0.227482 1.18153e-005 0.000107904 -3.98531e-005 -1
-50.6441 317.488 4.41065 0.5833 0 0.3437 0.6714 0.6566 0.973782 -0.227482 1.18153e-005 0.000107904 -3.98531e-005 -1
-50.9953 317.57 -0.469551 0.5334 0.8134 0.2274 0.9738 0 0.973826 -0.227294 -0.00112135 0 0 -1
-50.6441 317.488 4.41065 0.5833 0 0.3437 0.6714 0.6566 0.973826 -0.227294 -0.00112135 0 0 -1
-50.6441 317.488 -0.414753 0.5833 0.8042 0.4118 0.9113 0 0.973826 -0.227294 -0.00112135 0 0 -1
-50.6441 317.488 -0.414753 0.5833 0.8042 0.4118 0.9113 0 0.753707 -0.65721 0 0 -0 -1
-50.6441 317.488 4.41065 0.5833 0 0.3437 0.6714 0.6566 0.753707 -0.65721 0 0 -0 -1
-50.2148 317.113 4.41065 0.6667 0 0.6371 0.4138 0.6503 0.753707 -0.65721 0 0 -0 -1
-50.229 317.126 -0.172951 0.6639 0.7639 0.6571 0.7538 0 0.753723 -0.657192 -1.52224e-005 5.01905e-005 -4.00789e-005 -1
-50.6441 317.488 -0.414753 0.5833 0.8042 0.4118 0.9113 0 0.753723 -0.657192 -1.52224e-005 5.01905e-005 -4.00789e-005 -1
-50.2148 317.113 4.41065 0.6667 0 0.6371 0.4138 0.6503 0.753723 -0.657192 -1.52224e-005 5.01905e-005 -4.00789e-005 -1
-50.229 317.126 -0.172951 0.6639 0.7639 0.6571 0.7538 0 0.753268 -0.657692 0.00523034 0 0 -1
-50.2148 317.113 4.41065 0.6667 0 0.6371 0.4138 0.6503 0.753268 -0.657692 0.00523034 0 0 -1
-50.2148 317.113 -0.170452 0.6667 0.7635 0.8222 0.5691 0 0.753268 -0.657692 0.00523034 0 0 -1
-50.6441 317.488 -0.414753 0.5833 0.8042 0.6571 0.7538 0 0.753077 -0.657891 0.00737057 -0.038861 0.0310348 -0.998763
-50.229 317.126 -0.172951 0.6639 0.7639 0.6571 0.7538 0.0001 0.753077 -0.657891 0.00737057 -0.038861 0.0310348 -0.998763
-50.2148 317.113 -0.170452 0.6667 0.7635 0.6571 0.7538 0 0.753077 -0.657891 0.00737057 -0.038861 0.0310348 -0.998763
-50.6441 317.488 -0.414753 0.5833 0.8042 0.6571 0.7538 0 0.753707 -0.65721 0.00020725 0 0 -1
-50.2148 317.113 -0.170452 0.6667 0.7635 0.6571 0.7538 0 0.753707 -0.65721 0.00020725 0 0 -1
-50.2148 317.113 -1.58935 0.6667 1 0.6371 0.4138 -0.6503 0.753707 -0.65721 0.00020725 0 0 -1
-50.2148 317.113 -1.58935 0.6667 1 0.6371 0.4138 -0.6503 0.753707 -0.65721 0 0 0 -1
-50.6441 317.488 -1.58935 0.5833 1 0.3437 0.6714 -0.6566 0.753707 -0.65721 0 0 0 -1
-51.2307 317.625 -0.55175 0.5 0.8271 0.2274 0.9738 0 0.973859 -0.227143 -0.00202578 -0.00754798 0.00278775 -0.999968
-50.9953 317.57 -0.469551 0.5334 0.8134 0.2274 0.9738 -0 0.973859 -0.227143 -0.00202578 -0.00754798 0.00278775 -0.999968
-50.6441 317.488 -0.414753 0.5833 0.8042 0.2274 0.9738 0 0.973859 -0.227143 -0.00202578 -0.00754798 0.00278775 -0.999968
-51.2307 317.625 -0.55175 0.5 0.8271 0.2274 0.9738 0 0.973809 -0.227367 -0.000629398 0 0 -1
-50.6441 317.488 -0.414753 0.5833 0.8042 0.2274 0.9738 0 0.973809 -0.227367 -0.000629398 0 0 -1
-50.6441 317.488 -1.58935 0.5833 1 0.3437 0.6714 -0.6566 0.973809 -0.227367 -0.000629398 0 0 -1
-51.2307 317.625 -0.55175 0.5 0.8271 0.2274 0.9738 0 0.973809 -0.227367 0 0 0 -1
-50.6441 317.488 -1.58935 0.5833 1 0.3437 0.6714 -0.6566 0.973809 -0.227367 0 0 0 -1
-51.2307 317.625 -1.58935 0.5 1 -0 0.7519 -0.6593 0.973809 -0.227367 0 0 0 -1
-51.8171 317.488 -0.414753 0.4167 0.8042 -0.2274 0.9738 -0 0.973897 0.226983 0.00202435 0.00284953 0.00278618 -0.999992
-51.4659 317.57 -0.469551 0.4666 0.8134 -0.2274 0.9738 -0 0.973897 0.226983 0.00202435 0.00284953 0.00278618 -0.999992
-51.2307 317.625 -0.55175 0.5 0.8271 -0.2274 0.9738 -0 0.973897 0.226983 0.00202435 0.00284953 0.00278618 -0.999992
-51.8171 317.488 -0.414753 0.4167 0.8042 -0.2274 0.9738 -0 0.97379 0.227446 0.000713006 0 0 -1
-51.2307 317.625 -0.55175 0.5 0.8271 -0.2274 0.9738 -0 0.97379 0.227446 0.000713006 0 0 -1
-51.2307 317.625 -1.58935 0.5 1 -0 0.7519 -0.6593 0.97379 0.227446 0.000713006 0 0 -1
-51.2307 317.625 -1.58935 0.5 1 -0 0.7519 -0.6593 0.973791 0.227446 0 0 0 -1
-51.8171 317.488 -1.58935 0.4167 1 -0.3437 0.6714 -0.6566 0.973791 0.227446 0 0 0 -1
-52.2465 317.113 -0.170452 0.3333 0.7635 -0.6571 0.7538 -0 0.753047 0.657925 -0.0073711 0.0394231 0.0310526 -0.99874
-52.2323 317.126 -0.172951 0.3361 0.7639 -0.6571 0.7538 -0 0.753047 0.657925 -0.0073711 0.0394231 0.0310526 -0.99874
-51.8171 317.488 -0.414753 0.4167 0.8042 -0.6571 0.7538 0 0.753047 0.657925 -0.0073711 0.0394231 0.0310526 -0.99874
-52.2465 317.113 -0.170452 0.3333 0.7635 -0.6571 0.7538 -0 0.753777 0.65713 -0.000250299 0 0 -1
-51.8171 317.488 -0.414753 0.4167 0.8042 -0.6571 0.7538 0 0.753777 0.65713 -0.000250299 0 0 -1
-51.8171 317.488 -1.58935 0.4167 1 -0.3437 0.6714 -0.6566 0.753777 0.65713 -0.000250299 0 0 -1
-51.8171 317.488 -1.58935 0.4167 1 -0.3437 0.6714 -0.6566 0.753777 0.657131 0 0 0 -1
-52.2465 317.113 -1.58935 0.3333 1 -0.6371 0.4138 -0.6503 0.753777 0.657131 0 0 0 -1
-52.2465 317.113 -0.170452 0.3333 0.7635 -0.9559 0.2938 0 0 0 0 0 0 -0
-52.4037 316.602 -0.0687523 0.25 0.7466 -0.9545 0.2671 -0.1322 0.293937 0.955824 -0.000574718 0 0 -1
-52.2465 317.113 -0.170452 0.3333 0.7635 -0.9559 0.2938 0 0.293937 0.955824 -0.000574718 0 0 -1
-52.2465 317.113 -1.58935 0.3333 1 -0.6371 0.4138 -0.6503 0.293937 0.955824 -0.000574718 0 0 -1
-52.4037 316.602 -0.0687523 0.25 0.7466 -0.9545 0.2671 -0.1322 0.293937 0.955825 0 0 0 -1
-52.2465 317.113 -1.58935 0.3333 1 -0.6371 0.4138 -0.6503 0.293937 0.955825 0 0 0 -1
-52.4037 316.602 -1.58935 0.25 1 -0.7629 0 -0.6466 0.293937 0.955825 0 0 0 -1
-52.4037 316.602 -1.58935 0.25 1 -0.7629 0 -0.6466 -0.293841 0.955854 -0 0 0 -1
-52.2465 316.091 -1.58935 0.1667 1 -0.6371 -0.4138 -0.6503 -0.293841 0.955854 -0 0 0 -1
-52.2465 316.091 -0.170452 0.1667 0.7635 -0.9559 -0.2938 -0 -0.293841 0.955854 -0 0 0 -1
-52.2465 316.091 -0.170452 0.1667 0.7635 -0.9559 -0.2938 -0 -0.293841 0.955854 0.000536227 0 0 -1
-52.4037 316.602 -0.0687523 0.25 0.7466 -0.9559 -0.2938 -0 -0.293841 0.955854 0.000536227 0 0 -1
-52.4037 316.602 -1.58935 0.25 1 -0.7629 0 -0.6466 -0.293841 0.955854 0.000536227 0 0 -1
-51.8171 315.717 -0.414753 0.0833 0.8042 -0.6571 -0.7538 -0 -0.75298 0.658002 0.0073703 0.0394164 -0.0299671 -0.998773
-52.2323 316.079 -0.172951 0.1639 0.7639 -0.6571 -0.7538 -0.0001 -0.75298 0.658002 0.0073703 0.0394164 -0.0299671 -0.998773
-52.2465 316.091 -0.170452 0.1667 0.7635 -0.6571 -0.7538 -0 -0.75298 0.658002 0.0073703 0.0394164 -0.0299671 -0.998773
-51.8171 315.717 -0.414753 0.0833 0.8042 -0.6571 -0.7538 -0 -0.753936 0.656948 0.000207268 0 0 -1
-52.2465 316.091 -0.170452 0.1667 0.7635 -0.6571 -0.7538 -0 -0.753936 0.656948 0.000207268 0 0 -1
-52.2465 316.091 -1.58935 0.1667 1 -0.6371 -0.4138 -0.6503 -0.753936 0.656948 0.000207268 0 0 -1
-52.2465 316.091 -1.58935 0.1667 1 -0.6371 -0.4138 -0.6503 -0.753936 0.656948 0 0 0 -1
-51.8171 315.717 -1.58935 0.0833 1 -0.3437 -0.6714 -0.6566 -0.753936 0.656948 0 0 0 -1
-51.2307 315.58 -0.55175 0 0.8271 -0.2274 -0.9738 -0 -0.973828 0.227275 -0.00202421 0.00284953 -0.00188889 -0.999994
-51.4659 315.635 -0.469551 0.0334 0.8134 -0.2274 -0.9738 -0 -0.973828 0.227275 -0.00202421 0.00284953 -0.00188889 -0.999994
-51.8171 315.717 -0.414753 0.0833 0.8042 -0.2274 -0.9738 -0 -0.973828 0.227275 -0.00202421 0.00284953 -0.00188889 -0.999994
-51.2307 315.58 -0.55175 0 0.8271 -0.2274 -0.9738 -0 -0.973768 0.227542 -0.000629601 0 0 -1
-51.8171 315.717 -0.414753 0.0833 0.8042 -0.2274 -0.9738 -0 -0.973768 0.227542 -0.000629601 0 0 -1
-51.8171 315.717 -1.58935 0.0833 1 -0.3437 -0.6714 -0.6566 -0.973768 0.227542 -0.000629601 0 0 -1
-51.2307 315.58 -0.55175 0 0.8271 -0.2274 -0.9738 -0 -0.973768 0.227542 0 0 0 -1
-51.8171 315.717 -1.58935 0.0833 1 -0.3437 -0.6714 -0.6566 -0.973768 0.227542 0 0 0 -1
-51.2307 315.58 -1.58935 0 1 -0 -0.7519 -0.6593 -0.973768 0.227542 0 0 0 -1
-50.6441 315.717 -0.414753 0.9167 0.8042 0.2274 -0.9738 -0 -0.973791 -0.227435 0.00202564 -0.00754799 -0.00189007 -0.99997
-50.9953 315.635 -0.469551 0.9666 0.8134 0.2274 -0.9738 -0 -0.973791 -0.227435 0.00202564 -0.00754799 -0.00189007 -0.99997
-51.2307 315.58 -0.55175 1 0.8271 0.2274 -0.9738 -0 -0.973791 -0.227435 0.00202564 -0.00754799 -0.00189007 -0.99997
-50.6441 315.717 -0.414753 0.9167 0.8042 0.2274 -0.9738 -0 -0.973786 -0.227463 0.000712743 0 0 -1
-51.2307 315.58 -0.55175 1 0.8271 0.2274 -0.9738 -0 -0.973786 -0.227463 0.000712743 0 0 -1
-51.2307 315.58 -1.58935 1 1 -0 -0.7519 -0.6593 -0.973786 -0.227463 0.000712743 0 0 -1
-50.6441 315.717 -0.414753 0.9167 0.8042 0.2274 -0.9738 -0 -0.973787 -0.227463 0 0 0 -1
-51.2307 315.58 -1.58935 1 1 -0 -0.7519 -0.6593 -0.973787 -0.227463 0 0 0 -1
-50.6441 315.717 -1.58935 0.9167 1 0.3437 -0.6714 -0.6566 -0.973787 -0.227463 0 0 0 -1
53.0639 316.602 -0.0687523 0.75 0.7466 0.9815 -0.1915 -0 -0.293841 -0.955854 0 -0 -0 -1
53.0639 316.602 4.41065 0.75 0 1 -0 0 -0.293841 -0.955854 0 -0 -0 -1
52.9067 316.091 4.41065 0.8333 0 0.8386 -0.5447 -0 -0.293841 -0.955854 0 -0 -0 -1
52.9067 316.091 4.41065 0.8333 0 0.8386 -0.5447 -0 -0.293841 -0.955854 -0.000556866 0 0 -1
52.9067 316.091 -0.170452 0.8333 0.7635 0.8223 -0.5691 0 -0.293841 -0.955854 -0.000556866 0 0 -1
53.0639 316.602 -0.0687523 0.75 0.7466 0.9815 -0.1915 -0 -0.293841 -0.955854 -0.000556866 0 0 -1
52.9067 316.091 -0.170452 0.8333 0.7635 0.8223 -0.5691 0 -0.75389 -0.657001 0 -0 -0 -1
52.9067 316.091 4.41065 0.8333 0 0.8386 -0.5447 -0 -0.75389 -0.657001 0 -0 -0 -1
52.4774 315.717 4.41065 0.9167 0 0.4557 -0.8901 -0 -0.75389 -0.657001 0 -0 -0 -1
52.8925 316.079 -0.172951 0.8361 0.7639 0.6571 -0.7538 0 -0.753967 -0.656892 -0.00514262 0.00123115 0.00109446 -0.999999
52.9067 316.091 -0.170452 0.8333 0.7635 0.8223 -0.5691 0 -0.753967 -0.656892 -0.00514262 0.00123115 0.00109446 -0.999999
52.4774 315.717 4.41065 0.9167 0 0.4557 -0.8901 -0 -0.753967 -0.656892 -0.00514262 0.00123115 0.00109446 -0.999999
52.8925 316.079 -0.172951 0.8361 0.7639 0.6571 -0.7538 0 -0.753887 -0.657004 1.44367e-005 0 0 -1
52.4774 315.717 4.41065 0.9167 0 0.4557 -0.8901 -0 -0.753887 -0.657004 1.44367e-005 0 0 -1
52.4774 315.717 -0.414753 0.9167 0.8042 0.4118 -0.9113 -0 -0.753887 -0.657004 1.44367e-005 0 0 -1
51.8909 315.58 4.41065 0 0.5 0 0 1 4.70144e-005 1 0 -1 -9.71123e-005 0
52.4774 315.717 4.41065 0.067 0.25 0 0 1 4.70144e-005 1 0 -1 -9.71123e-005 0
52.9067 316.091 4.41065 0.25 0.067 0 0 1 4.70144e-005 1 0 -1 -9.71123e-005 0
50.875 316.091 4.41065 0.25 0.933 0 0 1 -0.000381992 1 0 -1 9.71199e-005 0
51.3044 315.717 4.41065 0.067 0.75 0 0 1 -0.000381992 1 0 -1 9.71199e-005 0
51.8909 315.58 4.41065 0 0.5 0 0 1 -0.000381992 1 0 -1 9.71199e-005 0
50.875 317.113 4.41065 0.75 0.933 0 0 1 -0 1 0 -1 0.000582411 0
50.7178 316.602 4.41065 0.5 1 0 0 1 -0 1 0 -1 0.000582411 0
50.875 316.091 4.41065 0.25 0.933 0 0 1 -0 1 0 -1 0.000582411 0
50.875 317.113 4.41065 0.75 0.933 0 0 1 -0 1 -0 -1 -9.01199e-005 0
50.875 316.091 4.41065 0.25 0.933 0 0 1 -0 1 -0 -1 -9.01199e-005 0
51.8909 315.58 4.41065 0 0.5 0 0 1 -0 1 -0 -1 -9.01199e-005 0
51.8909 317.625 4.41065 1 0.5 0 0 1 0.000381395 1 0 -1 0.000343239 0
51.3044 317.488 4.41065 0.933 0.75 0 0 1 0.000381395 1 0 -1 0.000343239 0
50.875 317.113 4.41065 0.75 0.933 0 0 1 0.000381395 1 0 -1 0.000343239 0
52.9067 317.113 4.41065 0.75 0.067 0 0 1 -4.69676e-005 1 0 -1 -0.000343212 0
52.4774 317.488 4.41065 0.933 0.25 0 0 1 -4.69676e-005 1 0 -1 -0.000343212 0
51.8909 317.625 4.41065 1 0.5 0 0 1 -4.69676e-005 1 0 -1 -0.000343212 0
52.9067 317.113 4.41065 0.75 0.067 0 0 1 8.96643e-005 1 0 -1 0 0
51.8909 317.625 4.41065 1 0.5 0 0 1 8.96643e-005 1 0 -1 0 0
50.875 317.113 4.41065 0.75 0.933 0 0 1 8.96643e-005 1 0 -1 0 0
52.9067 317.113 4.41065 0.75 0.067 0 0 1 -2.98881e-005 1 0 -1 0 0
50.875 317.113 4.41065 0.75 0.933 0 0 1 -2.98881e-005 1 0 -1 0 0
51.8909 315.58 4.41065 0 0.5 0 0 1 -2.98881e-005 1 0 -1 0 0
52.9067 317.113 4.41065 0.75 0.067 0 0 1 -0 1 0 -1 9.0128e-005 0
51.8909 315.58 4.41065 0 0.5 0 0 1 -0 1 0 -1 9.0128e-005 0
52.9067 316.091 4.41065 0.25 0.067 0 0 1 -0 1 0 -1 9.0128e-005 0
52.9067 317.113 4.41065 0.75 0.067 0 0 1 -0 1 -0 -1 -0.000582411 0
52.9067 316.091 4.41065 0.25 0.067 0 0 1 -0 1 -0 -1 -0.000582411 0
53.0639 316.602 4.41065 0.5 0 0 0 1 -0 1 -0 -1 -0.000582411 0
52.9067 317.113 -0.170452 0.6667 0.7635 0.8222 0.5692 0 0.293937 -0.955825 0 0 -0 -1
52.9067 317.113 4.41065 0.6667 0 0.8386 0.5447 0 0.293937 -0.955825 0 0 -0 -1
53.0639 316.602 4.41065 0.75 0 1 -0 0 0.293937 -0.955825 0 0 -0 -1
53.0639 316.602 -0.0687523 0.75 0.7466 0.9911 0.1329 0 0.293937 -0.955824 0.000569732 0 -0 -1
52.9067 317.113 -0.170452 0.6667 0.7635 0.8222 0.5692 0 0.293937 -0.955824 0.000569732 0 -0 -1
53.0639 316.602 4.41065 0.75 0 1 -0 0 0.293937 -0.955824 0.000569732 0 -0 -1
53.0639 316.602 -0.0687523 0.75 0.7466 0.9911 0.1329 0 0 0 0 0 0 0
53.0639 316.602 4.41065 0.75 0 1 -0 0 0 0 0 0 0 0
52.4774 315.717 -0.414753 0.9167 0.8042 0.4118 -0.9113 -0 -0.973776 -0.227508 0 -0 -0 -1
52.4774 315.717 4.41065 0.9167 0 0.4557 -0.8901 -0 -0.973776 -0.227508 0 -0 -0 -1
51.8909 315.58 4.41065 1 0 -0 -1 -0 -0.973776 -0.227508 0 -0 -0 -1
52.1262 315.635 -0.469551 0.9666 0.8134 0.2274 -0.9738 -0 -0.973788 -0.227455 0.00110029 4.50568e-005 1.75008e-005 -1
52.4774 315.717 -0.414753 0.9167 0.8042 0.4118 -0.9113 -0 -0.973788 -0.227455 0.00110029 4.50568e-005 1.75008e-005 -1
51.8909 315.58 4.41065 1 0 -0 -1 -0 -0.973788 -0.227455 0.00110029 4.50568e-005 1.75008e-005 -1
52.1262 315.635 -0.469551 0.9666 0.8134 0.2274 -0.9738 -0 -0.973757 -0.227589 -1.13332e-005 0 0 -1
51.8909 315.58 4.41065 1 0 -0 -1 -0 -0.973757 -0.227589 -1.13332e-005 0 0 -1
51.8909 315.58 -0.55175 1 0.8271 0 -1 0 -0.973757 -0.227589 -1.13332e-005 0 0 -1
51.8909 315.58 -0.55175 0 0.8271 0 -1 0 -0.973776 0.227508 0 -0 0 -1
51.8909 315.58 4.41065 0 0 -0 -1 -0 -0.973776 0.227508 0 -0 0 -1
51.3044 315.717 4.41065 0.0833 0 -0.4557 -0.8901 -0 -0.973776 0.227508 0 -0 0 -1
51.6555 315.635 -0.469551 0.0334 0.8134 -0.2274 -0.9738 0 -0.973784 0.227476 1.18152e-005 -0.000133488 2.70054e-005 -1
51.8909 315.58 -0.55175 0 0.8271 0 -1 0 -0.973784 0.227476 1.18152e-005 -0.000133488 2.70054e-005 -1
51.3044 315.717 4.41065 0.0833 0 -0.4557 -0.8901 -0 -0.973784 0.227476 1.18152e-005 -0.000133488 2.70054e-005 -1
51.6555 315.635 -0.469551 0.0334 0.8134 -0.2274 -0.9738 0 -0.973771 0.227529 -0.00112168 0 0 -1
51.3044 315.717 4.41065 0.0833 0 -0.4557 -0.8901 -0 -0.973771 0.227529 -0.00112168 0 0 -1
51.3044 315.717 -0.414753 0.0833 0.8042 -0.4118 -0.9113 -0 -0.973771 0.227529 -0.00112168 0 0 -1
51.3044 315.717 -0.414753 0.0833 0.8042 -0.4118 -0.9113 -0 -0.753959 0.656921 0 -0 0 -1
51.3044 315.717 4.41065 0.0833 0 -0.4557 -0.8901 -0 -0.753959 0.656921 0 -0 0 -1
50.875 316.091 4.41065 0.1667 0 -0.8386 -0.5447 -0 -0.753959 0.656921 0 -0 0 -1
50.8892 316.079 -0.172951 0.1639 0.7639 -0.6571 -0.7538 0 -0.753984 0.656893 -1.52232e-005 -5.11303e-005 3.86999e-005 -1
51.3044 315.717 -0.414753 0.0833 0.8042 -0.4118 -0.9113 -0 -0.753984 0.656893 -1.52232e-005 -5.11303e-005 3.86999e-005 -1
50.875 316.091 4.41065 0.1667 0 -0.8386 -0.5447 -0 -0.753984 0.656893 -1.52232e-005 -5.11303e-005 3.86999e-005 -1
50.8892 316.079 -0.172951 0.1639 0.7639 -0.6571 -0.7538 0 -0.753268 0.657692 0.00523034 0 0 -1
50.875 316.091 4.41065 0.1667 0 -0.8386 -0.5447 -0 -0.753268 0.657692 0.00523034 0 0 -1
50.875 316.091 -0.170452 0.1667 0.7635 -0.8223 -0.5691 -0 -0.753268 0.657692 0.00523034 0 0 -1
50.875 316.091 4.41065 0.1667 0 -0.8386 -0.5447 -0 -0.293841 0.955854 0 0 0 -1
50.7178 316.602 4.41065 0.25 0 -1 -0 -0 -0.293841 0.955854 0 0 0 -1
50.7178 316.602 -0.0687523 0.25 0.7466 -0.9842 -0.1768 0.013 -0.293841 0.955854 0 0 0 -1
50.7178 316.602 -0.0687523 0.25 0.7466 -0.9842 -0.1768 0.013 -0.293841 0.955854 0.000556939 0 0 -1
50.875 316.091 -0.170452 0.1667 0.7635 -0.8223 -0.5691 -0 -0.293841 0.955854 0.000556939 0 0 -1
50.875 316.091 4.41065 0.1667 0 -0.8386 -0.5447 -0 -0.293841 0.955854 0.000556939 0 0 -1
50.7178 316.602 -0.0687523 0.25 0.7466 -0.9842 -0.1768 0.013 0.293937 0.955825 0 0 0 -1
50.7178 316.602 4.41065 0.25 0 -1 -0 -0 0.293937 0.955825 0 0 0 -1
50.875 317.113 4.41065 0.3333 0 -0.8386 0.5447 0 0.293937 0.955825 0 0 0 -1
50.7178 316.602 -0.0687523 0.25 0.7466 -0.9928 0.118 0.0214 -0 -0 -0 0 0 0
50.875 317.113 4.41065 0.3333 0 -0.8386 0.5447 0 -0 -0 -0 0 0 0
50.7178 316.602 -0.0687523 0.25 0.7466 -0.9928 0.118 0.0214 0.293937 0.955824 -0.000557121 0 0 -1
50.875 317.113 4.41065 0.3333 0 -0.8386 0.5447 0 0.293937 0.955824 -0.000557121 0 0 -1
50.875 317.113 -0.170452 0.3333 0.7635 -0.8222 0.5691 -0 0.293937 0.955824 -0.000557121 0 0 -1
50.875 317.113 -0.170452 0.3333 0.7635 -0.8222 0.5691 -0 0.7538 0.657104 0 0 0 -1
50.875 317.113 4.41065 0.3333 0 -0.8386 0.5447 0 0.7538 0.657104 0 0 0 -1
51.3044 317.488 4.41065 0.4167 0 -0.4557 0.8901 0 0.7538 0.657104 0 0 0 -1
50.8892 317.126 -0.172951 0.3361 0.7639 -0.6571 0.7538 -0 0.753277 0.657683 -0.00514878 -0.0014469 -0.00113452 -0.999998
50.875 317.113 -0.170452 0.3333 0.7635 -0.8222 0.5691 -0 0.753277 0.657683 -0.00514878 -0.0014469 -0.00113452 -0.999998
51.3044 317.488 4.41065 0.4167 0 -0.4557 0.8901 0 0.753277 0.657683 -0.00514878 -0.0014469 -0.00113452 -0.999998
50.8892 317.126 -0.172951 0.3361 0.7639 -0.6571 0.7538 -0 0.753818 0.657084 1.44311e-005 0 0 -1
51.3044 317.488 4.41065 0.4167 0 -0.4557 0.8901 0 0.753818 0.657084 1.44311e-005 0 0 -1
51.3044 317.488 -0.414753 0.4167 0.8042 -0.4118 0.9113 0 0.753818 0.657084 1.44311e-005 0 0 -1
51.3044 317.488 -0.414753 0.4167 0.8042 -0.4118 0.9113 0 0.973821 0.227316 0 0 0 -1
51.3044 317.488 4.41065 0.4167 0 -0.4557 0.8901 0 0.973821 0.227316 0 0 0 -1
51.8909 317.625 4.41065 0.5 0 -0 1 0 0.973821 0.227316 0 0 0 -1
51.6556 317.57 -0.469551 0.4666 0.8134 -0.2274 0.9738 0 0.973826 0.227294 0.00110033 -4.49999e-005 -1.33833e-005 -1
51.3044 317.488 -0.414753 0.4167 0.8042 -0.4118 0.9113 0 0.973826 0.227294 0.00110033 -4.49999e-005 -1.33833e-005 -1
51.8909 317.625 4.41065 0.5 0 -0 1 0 0.973826 0.227294 0.00110033 -4.49999e-005 -1.33833e-005 -1
51.6556 317.57 -0.469551 0.4666 0.8134 -0.2274 0.9738 0 0.973758 0.227585 -1.13332e-005 0 1.22994e-005 -1
51.8909 317.625 4.41065 0.5 0 -0 1 0 0.973758 0.227585 -1.13332e-005 0 1.22994e-005 -1
51.8909 317.625 -0.55175 0.5 0.8271 0 1 -0 0.973758 0.227585 -1.13332e-005 0 1.22994e-005 -1
51.8909 317.625 -0.55175 0.5 0.8271 0 1 -0 0.973821 -0.227316 0 0 1.22995e-005 -1
51.8909 317.625 4.41065 0.5 0 -0 1 0 0.973821 -0.227316 0 0 1.22995e-005 -1
52.4774 317.488 4.41065 0.5833 0 0.4557 0.8901 0 0.973821 -0.227316 0 0 1.22995e-005 -1
52.1262 317.57 -0.469551 0.5334 0.8134 0.2274 0.9738 -0 0.973756 -0.227597 1.18212e-005 6.95721e-005 -3.98531e-005 -1
51.8909 317.625 -0.55175 0.5 0.8271 0 1 -0 0.973756 -0.227597 1.18212e-005 6.95721e-005 -3.98531e-005 -1
52.4774 317.488 4.41065 0.5833 0 0.4557 0.8901 0 0.973756 -0.227597 1.18212e-005 6.95721e-005 -3.98531e-005 -1
52.1262 317.57 -0.469551 0.5334 0.8134 0.2274 0.9738 -0 0.973826 -0.227294 -0.00112135 0 0 -1
52.4774 317.488 4.41065 0.5833 0 0.4557 0.8901 0 0.973826 -0.227294 -0.00112135 0 0 -1
52.4774 317.488 -0.414753 0.5833 0.8042 0.4118 0.9113 0 0.973826 -0.227294 -0.00112135 0 0 -1
52.4774 317.488 -0.414753 0.5833 0.8042 0.4118 0.9113 0 0.75373 -0.657184 0 0 -0 -1
52.4774 317.488 4.41065 0.5833 0 0.4557 0.8901 0 0.75373 -0.657184 0 0 -0 -1
52.9067 317.113 4.41065 0.6667 0 0.8386 0.5447 0 0.75373 -0.657184 0 0 -0 -1
52.8925 317.126 -0.172951 0.6639 0.7639 0.657 0.7538 -0 0.753722 -0.657194 -1.52225e-005 4.35202e-005 -4.00789e-005 -1
52.4774 317.488 -0.414753 0.5833 0.8042 0.4118 0.9113 0 0.753722 -0.657194 -1.52225e-005 4.35202e-005 -4.00789e-005 -1
52.9067 317.113 4.41065 0.6667 0 0.8386 0.5447 0 0.753722 -0.657194 -1.52225e-005 4.35202e-005 -4.00789e-005 -1
52.8925 317.126 -0.172951 0.6639 0.7639 0.657 0.7538 -0 0.753968 -0.65689 0.00522397 0 0 -1
52.9067 317.113 4.41065 0.6667 0 0.8386 0.5447 0 0.753968 -0.65689 0.00522397 0 0 -1
52.9067 317.113 -0.170452 0.6667 0.7635 0.8222 0.5692 0 0.753968 -0.65689 0.00522397 0 0 -1
52.9067 316.091 -0.170452 0.8333 0.7635 0.9559 -0.2938 -0 -0.293841 -0.955854 0 0 0 -1
52.9067 316.091 -1.58935 0.8333 1 0.8386 -0.5447 -0 -0.293841 -0.955854 0 0 0 -1
53.0639 316.602 -1.58935 0.75 1 1 -0 -0 -0.293841 -0.955854 0 0 0 -1
53.0639 316.602 -1.58935 0.75 1 1 -0 -0 -0.293841 -0.955854 -0.0005362 -0 -0 -1
53.0639 316.602 -0.0687523 0.75 0.7466 0.9559 -0.2938 -0 -0.293841 -0.955854 -0.0005362 -0 -0 -1
52.9067 316.091 -0.170452 0.8333 0.7635 0.9559 -0.2938 -0 -0.293841 -0.955854 -0.0005362 -0 -0 -1
52.9067 317.113 -0.170452 0.6667 0.7635 0.9559 0.2938 -0 0 0 0 0 0 0
52.9067 317.113 -0.170452 0.6667 0.7635 0.9559 0.2938 -0 0.293937 -0.955824 0.000536403 0 0 -1
53.0639 316.602 -0.0687523 0.75 0.7466 0.9553 0.2693 -0.1222 0.293937 -0.955824 0.000536403 0 0 -1
53.0639 316.602 -1.58935 0.75 1 1 -0 -0 0.293937 -0.955824 0.000536403 0 0 -1
53.0639 316.602 -1.58935 0.75 1 1 -0 -0 0.293937 -0.955825 0 0 0 -1
52.9067 317.113 -1.58935 0.6667 1 0.8386 0.5447 0 0.293937 -0.955825 0 0 0 -1
51.3044 317.488 -1.58935 0.933 0.75 -0 0 -1 -0 1 -0 -1 -0 -0
51.8909 317.625 -1.58935 1 0.5 0 0 -1 -0 1 -0 -1 -0 -0
52.4774 317.488 -1.58935 0.933 0.25 0 0 -1 -0 1 -0 -1 -0 -0
50.7178 316.602 -1.58935 0.5 1 -0 0 -1 -5.55551e-005 1 -0 -1 -0.000485225 -0
50.875 317.113 -1.58935 0.75 0.933 -0 0 -1 -5.55551e-005 1 -0 -1 -0.000485225 -0
51.3044 317.488 -1.58935 0.933 0.75 -0 0 -1 -5.55551e-005 1 -0 -1 -0.000485225 -0
51.3044 315.717 -1.58935 0.067 0.75 0 0 -1 5.54636e-005 1 -0 -1 -0.000523338 -0
50.875 316.091 -1.58935 0.25 0.933 0 0 -1 5.54636e-005 1 -0 -1 -0.000523338 -0
50.7178 316.602 -1.58935 0.5 1 -0 0 -1 5.54636e-005 1 -0 -1 -0.000523338 -0
51.3044 315.717 -1.58935 0.067 0.75 0 0 -1 0 1 -0 -1 1.17331e-007 -0
50.7178 316.602 -1.58935 0.5 1 -0 0 -1 0 1 -0 -1 1.17331e-007 -0
51.3044 317.488 -1.58935 0.933 0.75 -0 0 -1 0 1 -0 -1 1.17331e-007 -0
52.4774 315.717 -1.58935 0.067 0.25 -0 0 -1 -0 1 -0 -1 -0 0
51.8909 315.58 -1.58935 0 0.5 0 0 -1 -0 1 -0 -1 -0 0
51.3044 315.717 -1.58935 0.067 0.75 0 0 -1 -0 1 -0 -1 -0 0
53.0639 316.602 -1.58935 0.5 0 -0 0 -1 3.45288e-005 1 -0 -1 0.00052368 -0
52.9067 316.091 -1.58935 0.25 0.067 -0 0 -1 3.45288e-005 1 -0 -1 0.00052368 -0
52.4774 315.717 -1.58935 0.067 0.25 -0 0 -1 3.45288e-005 1 -0 -1 0.00052368 -0
53.0639 316.602 -1.58935 0.5 0 -0 0 -1 3.44637e-005 1 -0 -1 -0 -0
52.4774 315.717 -1.58935 0.067 0.25 -0 0 -1 3.44637e-005 1 -0 -1 -0 -0
51.3044 315.717 -1.58935 0.067 0.75 0 0 -1 3.44637e-005 1 -0 -1 -0 -0
53.0639 316.602 -1.58935 0.5 0 -0 0 -1 -0 1 -0 -1 -1.95589e-008 0
51.3044 315.717 -1.58935 0.067 0.75 0 0 -1 -0 1 -0 -1 -1.95589e-008 0
51.3044 317.488 -1.58935 0.933 0.75 -0 0 -1 -0 1 -0 -1 -1.95589e-008 0
53.0639 316.602 -1.58935 0.5 0 -0 0 -1 -3.44637e-005 1 -0 -1 -0 -0
51.3044 317.488 -1.58935 0.933 0.75 -0 0 -1 -3.44637e-005 1 -0 -1 -0 -0
52.4774 317.488 -1.58935 0.933 0.25 0 0 -1 -3.44637e-005 1 -0 -1 -0 -0
53.0639 316.602 -1.58935 0.5 0 -0 0 -1 -3.45519e-005 1 -0 -1 0.000485367 -0
52.4774 317.488 -1.58935 0.933 0.25 0 0 -1 -3.45519e-005 1 -0 -1 0.000485367 -0
52.9067 317.113 -1.58935 0.75 0.067 0 0 -1 -3.45519e-005 1 -0 -1 0.000485367 -0
52.9067 316.091 -0.170452 0.8333 0.7635 0.6571 -0.7538 -0.0001 -0.753995 -0.656839 -0.00735741 -0.0337056 -0.0299636 -0.998983
52.8925 316.079 -0.172951 0.8361 0.7639 0.6572 -0.7537 -0.0003 -0.753995 -0.656839 -0.00735741 -0.0337056 -0.0299636 -0.998983
52.4774 315.717 -0.414753 0.9167 0.8042 0.6571 -0.7538 -0 -0.753995 -0.656839 -0.00735741 -0.0337056 -0.0299636 -0.998983
52.9067 316.091 -0.170452 0.8333 0.7635 0.6571 -0.7538 -0.0001 -0.75389 -0.657001 -0.000250372 0 0 -1
52.4774 315.717 -0.414753 0.9167 0.8042 0.6571 -0.7538 -0 -0.75389 -0.657001 -0.000250372 0 0 -1
52.4774 315.717 -1.58935 0.9167 1 0.4557 -0.8901 -0 -0.75389 -0.657001 -0.000250372 0 0 -1
52.9067 316.091 -0.170452 0.8333 0.7635 0.6571 -0.7538 -0.0001 -0.75389 -0.657001 0 0 0 -1
52.4774 315.717 -1.58935 0.9167 1 0.4557 -0.8901 -0 -0.75389 -0.657001 0 0 0 -1
52.9067 316.091 -1.58935 0.8333 1 0.8386 -0.5447 -0 -0.75389 -0.657001 0 0 0 -1
52.4774 317.488 -0.414753 0.5833 0.8042 0.6571 0.7538 0 0.754062 -0.656762 0.00735793 -0.0337046 0.0310407 -0.99895
52.8925 317.126 -0.172951 0.6639 0.7639 0.657 0.7539 0.0003 0.754062 -0.656762 0.00735793 -0.0337046 0.0310407 -0.99895
52.9067 317.113 -0.170452 0.6667 0.7635 0.6571 0.7538 0.0001 0.754062 -0.656762 0.00735793 -0.0337046 0.0310407 -0.99895
52.4774 317.488 -0.414753 0.5833 0.8042 0.6571 0.7538 0 0.75373 -0.657184 0.000207241 0 0 -1
52.9067 317.113 -0.170452 0.6667 0.7635 0.6571 0.7538 0.0001 0.75373 -0.657184 0.000207241 0 0 -1
52.9067 317.113 -1.58935 0.6667 1 0.8386 0.5447 0 0.75373 -0.657184 0.000207241 0 0 -1
52.9067 317.113 -1.58935 0.6667 1 0.8386 0.5447 0 0.75373 -0.657184 0 0 0 -1
52.4774 317.488 -1.58935 0.5833 1 0.4557 0.8901 0 0.75373 -0.657184 0 0 0 -1
51.8909 317.625 -0.55175 0.5 0.8271 0.2274 0.9738 0 0.973881 -0.227052 -0.00202496 -0.0048667 0.0027878 -0.999984
52.1262 317.57 -0.469551 0.5334 0.8134 0.2274 0.9738 0 0.973881 -0.227052 -0.00202496 -0.0048667 0.0027878 -0.999984
52.4774 317.488 -0.414753 0.5833 0.8042 0.2274 0.9738 0 0.973881 -0.227052 -0.00202496 -0.0048667 0.0027878 -0.999984
51.8909 317.625 -0.55175 0.5 0.8271 0.2274 0.9738 0 0.973798 -0.227412 -0.000629522 0 0 -1
52.4774 317.488 -0.414753 0.5833 0.8042 0.2274 0.9738 0 0.973798 -0.227412 -0.000629522 0 0 -1
52.4774 317.488 -1.58935 0.5833 1 0.4557 0.8901 0 0.973798 -0.227412 -0.000629522 0 0 -1
51.8909 317.625 -0.55175 0.5 0.8271 0.2274 0.9738 0 0.973799 -0.227412 0 0 0 -1
52.4774 317.488 -1.58935 0.5833 1 0.4557 0.8901 0 0.973799 -0.227412 0 0 0 -1
51.8909 317.625 -1.58935 0.5 1 -0 1 0 0.973799 -0.227412 0 0 0 -1
51.3044 317.488 -0.414753 0.4167 0.8042 -0.2274 0.9738 0 0.973881 0.227052 0.00202496 0.00486015 0.00278616 -0.999984
51.6556 317.57 -0.469551 0.4666 0.8134 -0.2274 0.9738 0 0.973881 0.227052 0.00202496 0.00486015 0.00278616 -0.999984
51.8909 317.625 -0.55175 0.5 0.8271 -0.2274 0.9738 0 0.973881 0.227052 0.00202496 0.00486015 0.00278616 -0.999984
51.3044 317.488 -0.414753 0.4167 0.8042 -0.2274 0.9738 0 0.973798 0.227412 0.0007129 0 0 -1
51.8909 317.625 -0.55175 0.5 0.8271 -0.2274 0.9738 0 0.973798 0.227412 0.0007129 0 0 -1
51.8909 317.625 -1.58935 0.5 1 -0 1 0 0.973798 0.227412 0.0007129 0 0 -1
51.3044 317.488 -0.414753 0.4167 0.8042 -0.2274 0.9738 0 0.973799 0.227412 0 0 0 -1
51.8909 317.625 -1.58935 0.5 1 -0 1 0 0.973799 0.227412 0 0 0 -1
51.3044 317.488 -1.58935 0.4167 1 -0.4557 0.8901 0 0.973799 0.227412 0 0 0 -1
50.875 317.113 -0.170452 0.3333 0.7635 -0.6571 0.7538 0 0.753038 0.657936 -0.00737123 0.0396022 0.0310524 -0.998733
50.8892 317.126 -0.172951 0.3361 0.7639 -0.657 0.7539 0.0001 0.753038 0.657936 -0.00737123 0.0396022 0.0310524 -0.998733
51.3044 317.488 -0.414753 0.4167 0.8042 -0.6571 0.7538 0 0.753038 0.657936 -0.00737123 0.0396022 0.0310524 -0.998733
50.875 317.113 -0.170452 0.3333 0.7635 -0.6571 0.7538 0 0.7538 0.657104 -0.000250289 0 0 -1
51.3044 317.488 -0.414753 0.4167 0.8042 -0.6571 0.7538 0 0.7538 0.657104 -0.000250289 0 0 -1
51.3044 317.488 -1.58935 0.4167 1 -0.4557 0.8901 0 0.7538 0.657104 -0.000250289 0 0 -1
50.875 317.113 -0.170452 0.3333 0.7635 -0.6571 0.7538 0 0.7538 0.657104 0 0 0 -1
51.3044 317.488 -1.58935 0.4167 1 -0.4557 0.8901 0 0.7538 0.657104 0 0 0 -1
50.875 317.113 -1.58935 0.3333 1 -0.8386 0.5447 0 0.7538 0.657104 0 0 0 -1
50.875 317.113 -0.170452 0.3333 0.7635 -0.9559 0.2938 0 0 0 0 0 0 -0
50.7178 316.602 -0.0687523 0.25 0.7466 -0.9542 0.2661 -0.1366 0.293937 0.955824 -0.000574718 0 0 -1
50.875 317.113 -0.170452 0.3333 0.7635 -0.9559 0.2938 0 0.293937 0.955824 -0.000574718 0 0 -1
50.875 317.113 -1.58935 0.3333 1 -0.8386 0.5447 0 0.293937 0.955824 -0.000574718 0 0 -1
50.7178 316.602 -0.0687523 0.25 0.7466 -0.9542 0.2661 -0.1366 0.293937 0.955825 0 0 0 -1
50.875 317.113 -1.58935 0.3333 1 -0.8386 0.5447 0 0.293937 0.955825 0 0 0 -1
50.7178 316.602 -1.58935 0.25 1 -1 -0 -0 0.293937 0.955825 0 0 0 -1
50.7178 316.602 -1.58935 0.25 1 -1 -0 -0 -0.293841 0.955854 -0 0 0 -1
50.875 316.091 -1.58935 0.1667 1 -0.8386 -0.5447 -0 -0.293841 0.955854 -0 0 0 -1
50.875 316.091 -0.170452 0.1667 0.7635 -0.9559 -0.2938 -0 -0.293841 0.955854 -0 0 0 -1
50.875 316.091 -0.170452 0.1667 0.7635 -0.9559 -0.2938 -0 -0.293841 0.955854 0.000536227 0 0 -1
50.7178 316.602 -0.0687523 0.25 0.7466 -0.9559 -0.2938 -0 -0.293841 0.955854 0.000536227 0 0 -1
50.7178 316.602 -1.58935 0.25 1 -1 -0 -0 -0.293841 0.955854 0.000536227 0 0 -1
51.3044 315.717 -0.414753 0.0833 0.8042 -0.6571 -0.7538 -0 -0.752969 0.658014 0.00737043 0.039596 -0.0299669 -0.998766
50.8892 316.079 -0.172951 0.1639 0.7639 -0.6572 -0.7538 -0.0002 -0.752969 0.658014 0.00737043 0.039596 -0.0299669 -0.998766
50.875 316.091 -0.170452 0.1667 0.7635 -0.6571 -0.7538 -0 -0.752969 0.658014 0.00737043 0.039596 -0.0299669 -0.998766
51.3044 315.717 -0.414753 0.0833 0.8042 -0.6571 -0.7538 -0 -0.753959 0.656921 0.00020726 0 0 -1
50.875 316.091 -0.170452 0.1667 0.7635 -0.6571 -0.7538 -0 -0.753959 0.656921 0.00020726 0 0 -1
50.875 316.091 -1.58935 0.1667 1 -0.8386 -0.5447 -0 -0.753959 0.656921 0.00020726 0 0 -1
50.875 316.091 -1.58935 0.1667 1 -0.8386 -0.5447 -0 -0.753959 0.656921 0 0 0 -1
51.3044 315.717 -1.58935 0.0833 1 -0.4557 -0.8901 -0 -0.753959 0.656921 0 0 0 -1
51.8909 315.58 -0.55175 0 0.8271 -0.2274 -0.9738 -0 -0.973759 0.227572 -0.00202685 0.0093379 -0.00188882 -0.999955
51.6555 315.635 -0.469551 0.0334 0.8134 -0.2274 -0.9738 -0 -0.973759 0.227572 -0.00202685 0.0093379 -0.00188882 -0.999955
51.3044 315.717 -0.414753 0.0833 0.8042 -0.2274 -0.9738 -0 -0.973759 0.227572 -0.00202685 0.0093379 -0.00188882 -0.999955
51.8909 315.58 -0.55175 0 0.8271 -0.2274 -0.9738 -0 -0.973776 0.227508 -0.000629508 0 0 -1
51.3044 315.717 -0.414753 0.0833 0.8042 -0.2274 -0.9738 -0 -0.973776 0.227508 -0.000629508 0 0 -1
51.3044 315.717 -1.58935 0.0833 1 -0.4557 -0.8901 -0 -0.973776 0.227508 -0.000629508 0 0 -1
51.8909 315.58 -0.55175 0 0.8271 -0.2274 -0.9738 -0 -0.973776 0.227508 0 0 0 -1
51.3044 315.717 -1.58935 0.0833 1 -0.4557 -0.8901 -0 -0.973776 0.227508 0 0 0 -1
51.8909 315.58 -1.58935 0 1 -0 -1 -0 -0.973776 0.227508 0 0 0 -1
52.4774 315.717 -0.414753 0.9167 0.8042 0.2274 -0.9738 0 -0.973812 -0.227344 0.00202482 -0.00486671 -0.0018901 -0.999986
52.1262 315.635 -0.469551 0.9666 0.8134 0.2274 -0.9738 0 -0.973812 -0.227344 0.00202482 -0.00486671 -0.0018901 -0.999986
51.8909 315.58 -0.55175 1 0.8271 0.2274 -0.9738 0 -0.973812 -0.227344 0.00202482 -0.00486671 -0.0018901 -0.999986
52.4774 315.717 -0.414753 0.9167 0.8042 0.2274 -0.9738 0 -0.973776 -0.227508 0.000712884 0 0 -1
51.8909 315.58 -0.55175 1 0.8271 0.2274 -0.9738 0 -0.973776 -0.227508 0.000712884 0 0 -1
51.8909 315.58 -1.58935 1 1 -0 -1 -0 -0.973776 -0.227508 0.000712884 0 0 -1
51.8909 315.58 -1.58935 1 1 -0 -1 -0 -0.973776 -0.227508 0 0 0 -1
52.4774 315.717 -1.58935 0.9167 1 0.4557 -0.8901 -0 -0.973776 -0.227508 0 0 0 -1
-0.00491333 316.048 -2.78355 0 1 0 -0.3827 -0.9239 0 0 0 0 0 -0
-56.202 316.048 -2.78355 0 1 0 -0.3827 -0.9239 0 0 0 0 0 -0
-56.202 316.602 -2.89375 0 1 0 0 -1 0 0 0 0 0 -0
-0.00491333 316.602 -2.89375 0 1 -0 -0 -1 0 0 0 0 -0 0
-56.202 317.156 -2.78355 0 1 -0 0.3827 -0.9239 0 0 0 0 0 0
-0.00491333 317.156 -2.78355 0 1 -0 0.3827 -0.9239 0 0 0 0 -0 -0
-0.00491333 315.579 -2.46965 0 1 0 -0.7071 -0.7071 0 0 0 0 0 -0
-56.202 315.579 -2.46965 0 1 0 -0.7071 -0.7071 0 0 0 0 0 -0
-56.202 317.626 -2.46965 0 1 -0 0.7071 -0.7071 0 0 0 0 0 0
-0.00491333 317.626 -2.46965 0 1 -0 0.7071 -0.7071 0 0 0 0 -0 -0
-0.00491333 315.265 -2.00005 0 1 0 -0.9239 -0.3827 0 0 0 0 0 -0
-56.202 315.265 -2.00005 0 1 0 -0.9239 -0.3827 0 0 0 0 0 -0
-56.202 317.94 -2.00005 0 1 -0 0.9239 -0.3827 0 0 0 0 0 0
-0.00491333 317.94 -2.00005 0 1 -0 0.9239 -0.3827 0 0 0 0 -0 -0
-0.00491333 315.155 -1.44605 0 1 0 -1 0 0 0 0 0 0 -0
-56.202 315.155 -1.44605 0 1 0 -1 -0 0 0 0 0 0 -0
-56.202 318.05 -1.44605 0 1 -0 1 0 0 0 0 0 0 0
-0.00491333 318.05 -1.44605 0 1 -0 1 -0 0 0 0 0 -0 -0
-0.00491333 315.265 -0.891953 0 1 0 -0.9239 0.3827 0 0 0 0 -0 -0
-56.202 315.265 -0.891953 0 1 0 -0.9239 0.3827 0 0 0 0 -0 -0
-56.202 317.94 -0.891953 0 1 -0 0.9239 0.3827 0 0 0 0 -0 0
-0.00491333 317.94 -0.891953 0 1 -0 0.9239 0.3827 0 0 0 0 0 -0
-54.4584 315.579 -0.422352 0 1 0 -0.8315 0.5556 0 0 0 0 -0 -0
-56.202 315.579 -0.422352 0 1 0 -0.8315 0.5556 0 0 0 0 -0 -0
-54.2094 315.52 -0.50935 0 1 0 -0.8315 0.5556 0 0 0 0 -0 -0
-53.9605 315.579 -0.422352 0 1 0 -0.8115 0.5843 -0 0 0 0 0 0
-0.00491333 315.579 -0.422352 0 1 0 -0.7071 0.7071 -0 0 0 0 -0 -0
-54.2094 317.684 -0.50935 0 1 -0 0.8315 0.5556 0 0 0 0 0 0
-53.9605 317.626 -0.422352 0 1 -0 0.8115 0.5843 0 0 0 0 0 0
-0.00491333 317.626 -0.422352 0 1 -0 0.7071 0.7071 0 0 0 0 0 0
-56.202 317.626 -0.422352 0 1 -0 0.8315 0.5556 0 0 0 0 0 -0
-54.4584 317.626 -0.422352 0 1 -0 0.8315 0.5556 0 0 0 0 0 -0
-53.5889 315.665 -0.364349 0 1 0 -0.5556 0.8315 -0 0 0 0 0 0
-53.1496 316.048 -0.108551 0 1 0 -0.4766 0.8791 -0 0 0 0 0 0
-0.00491333 316.048 -0.108551 0 1 0 -0.3827 0.9239 -0 0 0 0 -0 -0
-53.5889 317.539 -0.364349 0 1 -0 0.5556 0.8315 0 0 0 0 0 0
-53.1496 317.156 -0.108551 0 1 -0 0.4766 0.8791 0 0 0 0 0 0
-0.00491333 317.156 -0.108551 0 1 -0 0.3827 0.9239 0 0 0 0 0 0
-53.1346 316.061 -0.10585 0 1 -0 -0.1951 0.9808 -0 0 0 0 0 0
-52.9683 316.602 0.00164795 0 1 -0.0011 -0.2982 0.9545 -0 0 0 0 0 0
-0.00491333 316.602 0.00164795 0 1 0 0 1 -0 0 0 0 -0 -0
-53.1346 317.143 -0.10585 0 1 -0 0.1951 0.9808 0 0 0 0 0 0
56.1923 316.048 -2.78355 0 1 -0 -0.3827 -0.9239 0 0 0 0 0 -0
56.1923 316.602 -2.89375 0 1 0 -0.1951 -0.9808 0 0 0 0 -0 0
56.1923 317.156 -2.78355 0 1 0 0.3827 -0.9239 0 0 0 0 -0 -0
56.1923 315.579 -2.46965 0 1 -0 -0.7071 -0.7071 0 0 0 0 0 -0
56.1923 317.626 -2.46965 0 1 0 0.7071 -0.7071 0 0 0 0 -0 -0
56.1923 315.265 -2.00005 0 1 -0 -0.9239 -0.3827 0 0 0 0 0 -0
56.1923 317.94 -2.00005 0 1 0 0.9239 -0.3827 0 0 0 0 -0 -0
56.1923 315.155 -1.44605 0 1 -0 -1 -0 0 0 0 0 0 -0
56.1923 318.05 -1.44605 0 1 0 1 0 0 0 0 0 -0 -0
56.1923 315.265 -0.891953 0 1 -0 -0.9239 0.3827 0 0 0 0 -0 -0
56.1923 317.94 -0.891953 0 1 0 0.9808 0.1951 0 0 0 0 0 -0
54.8983 315.52 -0.50935 0 1 -0 -0.8315 0.5556 0 0 0 0 0 0
54.6493 315.579 -0.422352 0 1 -0 -0.8115 0.5843 0 0 0 0 0 0
55.1472 315.579 -0.422352 0 1 -0 -0.8315 0.5556 -0 0 0 0 0 0
56.1923 315.579 -0.422352 0 1 -0 -0.8315 0.5556 -0 0 0 0 -0 -0
54.6493 317.626 -0.422352 0 1 0 0.8115 0.5843 0 0 0 0 0 -0
54.8983 317.684 -0.50935 0 1 0 0.8315 0.5556 0 0 0 0 0 -0
55.1472 317.626 -0.422352 0 1 0 0.8315 0.5556 0 0 0 0 0 0
56.1923 317.626 -0.422352 0 1 0 0.8315 0.5556 -0 0 0 0 0 0
53.8384 316.048 -0.108551 0 1 -0 -0.4766 0.8791 0 0 0 0 -0 -0
54.2777 315.665 -0.364349 0 1 -0 -0.5556 0.8315 0 0 0 0 -0 -0
54.2777 317.539 -0.364349 0 1 0 0.5556 0.8315 0 0 -0 -0 -0 0
53.8385 317.156 -0.108551 0 1 0 0.4766 0.8791 0 0 0 0 0 0
53.6572 316.602 0.00164795 0 1 0.0012 -0.0947 0.9955 0 0 0 0 -0 -0
53.8234 316.061 -0.10585 0 1 -0 -0.1951 0.9808 0 0 0 0 -0 -0
53.8234 317.143 -0.10585 0 1 0 0.1951 0.9808 0 0 -0 -0 -0 0
Index count: 1506
0
1
2
2
3
0
3
2
4
4
5
3
1
6
7
7
2
1
8
9
1
1
0
8
5
4
10
10
11
5
2
7
12
12
4
2
7
6
13
9
14
6
6
1
9
15
16
9
9
8
15
11
10
17
17
18
11
4
12
19
19
10
4
12
7
20
13
20
7
21
13
6
6
14
21
16
22
14
14
9
16
23
24
16
16
15
23
18
17
25
25
26
18
10
19
27
27
17
10
19
12
28
20
28
12
29
21
14
14
22
29
24
30
22
22
16
24
31
32
24
24
23
31
26
25
33
33
34
26
17
27
35
35
25
17
27
19
36
28
36
19
37
29
22
22
30
37
32
38
30
30
24
32
39
40
32
41
39
32
41
32
31
42
41
31
43
42
31
44
45
46
47
48
44
33
47
44
33
44
46
34
33
46
25
35
49
49
33
25
35
27
50
36
50
27
51
37
30
30
38
51
40
52
38
38
32
40
53
54
40
55
53
40
55
40
39
56
42
43
57
56
43
58
57
43
59
60
61
45
59
61
46
45
61
62
48
47
62
47
63
62
63
64
33
49
65
65
47
33
49
35
66
50
66
35
67
51
38
38
52
67
54
68
52
52
40
54
69
70
54
69
69
54
71
69
54
71
54
53
72
57
58
73
72
58
73
73
58
74
73
58
75
73
74
60
75
74
61
60
74
64
63
70
76
64
70
76
70
69
47
65
77
77
63
47
65
49
78
66
78
49
79
67
52
52
68
79
70
80
68
68
54
70
63
77
80
80
70
63
77
65
81
78
81
65
82
79
68
68
80
82
80
77
83
81
83
77
83
82
80
84
0
3
3
85
84
86
84
85
85
87
86
85
3
5
5
88
85
89
8
0
0
84
89
90
86
87
87
85
88
88
91
87
92
89
84
84
86
92
88
5
11
11
93
88
94
15
8
8
89
94
90
87
95
96
86
90
95
87
91
91
88
93
93
97
91
96
92
86
98
94
89
89
92
98
93
11
18
18
99
93
100
23
15
15
94
100
95
91
101
101
91
97
97
93
99
99
102
97
103
92
96
103
98
92
104
100
94
94
98
104
99
18
26
26
105
99
106
31
23
23
100
106
101
97
107
107
97
102
102
99
105
105
108
102
109
98
103
109
104
98
110
106
100
100
104
110
105
26
34
34
111
105
43
31
106
112
113
43
112
43
106
114
112
106
115
114
106
107
102
116
116
102
108
108
105
111
111
117
108
118
104
109
118
110
104
119
115
106
106
110
119
46
120
121
111
34
46
111
46
121
111
121
122
111
122
123
124
58
43
125
124
43
125
43
113
126
114
115
127
126
115
128
127
115
116
108
129
129
108
117
117
111
123
123
130
117
131
110
118
131
119
110
132
128
115
115
119
132
123
122
133
123
133
134
123
134
135
120
46
61
136
120
61
136
61
137
138
74
58
138
138
58
139
138
58
139
58
124
140
127
128
141
142
142
141
142
140
141
140
128
129
117
143
143
117
130
130
123
135
135
144
130
145
119
131
145
132
119
146
141
128
128
132
146
135
134
147
135
147
142
135
142
141
137
61
74
148
137
74
148
74
138
143
130
149
149
130
144
144
135
141
141
146
144
150
132
145
150
146
132
149
144
151
151
144
146
151
146
150
152
153
154
155
156
157
158
159
160
161
162
163
164
165
166
167
168
169
170
171
172
173
174
175
176
177
178
179
180
181
182
183
184
185
186
187
188
189
190
191
192
193
194
195
196
197
198
199
200
201
202
203
204
205
206
207
208
209
210
209
211
209
209
212
213
214
215
216
217
218
219
220
221
222
223
224
225
226
227
228
229
230
231
232
233
234
235
236
237
238
239
240
241
242
243
244
245
246
247
248
249
250
251
252
253
254
255
256
257
258
259
260
261
262
263
264
265
266
267
268
269
270
271
272
273
274
275
276
277
278
279
280
281
282
283
284
285
286
287
288
289
290
291
292
293
293
294
295
296
297
298
299
300
301
302
303
304
305
306
307
308
309
310
311
312
313
314
315
316
317
318
319
320
321
322
323
324
325
326
327
328
329
330
331
332
333
334
335
336
337
338
339
325
340
341
342
343
344
345
346
347
348
349
350
351
352
353
354
355
356
307
357
358
359
360
361
362
363
364
298
365
366
293
293
367
368
369
370
371
372
373
374
375
376
377
378
379
380
381
382
383
384
385
275
386
387
388
389
390
391
392
393
394
395
396
397
398
399
400
401
402
403
404
405
406
407
408
409
410
411
412
413
414
415
416
417
418
419
420
421
422
423
424
425
426
427
428
429
430
431
432
433
434
435
436
437
438
439
440
441
442
443
444
445
446
447
448
449
450
451
452
453
454
455
456
457
458
457
459
460
461
462
463
464
465
466
467
468
469
470
471
472
473
474
475
476
477
478
479
480
481
482
483
484
485
486
487
488
489
490
491
492
493
494
495
495
496
497
498
499
500
501
502
503
504
505
506
507
508
509
510
511
512
513
514
515
516
517
518
519
520
521
522
523
524
525
526
527
528
529
530
531
532
533
534
535
536
537
538
539
540
541
542
457
457
543
544
545
451
546
547
548
549
550
551
552
553
554
555
556
557
558
559
560
561
562
563
564
565
566
567
568
569
570
571
572
573
574
575
576
577
578
579
580
581
582
583
584
585
586
587
588
589
590
591
592
527
593
594
595
596
597
598
599
600
601
602
603
604
605
606
607
608
609
610
611
612
613
614
615
616
617
618
619
620
621
495
495
622
623
624
625
626
627
628
629
630
631
632
633
634
635
636
637
638
639
640
477
641
642
643
644
645
646
647
648
649
650
651
652
653
654
655
656
657
459
658
659
660
661
662
662
663
660
663
662
664
664
665
663
666
667
661
661
660
666
665
664
668
668
669
665
670
671
667
667
666
670
669
668
672
672
673
669
674
675
671
671
670
674
673
672
676
676
677
673
678
679
675
675
674
678
677
676
680
680
681
677
682
683
679
684
682
679
684
679
678
685
684
678
686
685
678
687
688
689
690
691
687
680
690
687
680
687
689
681
680
689
692
685
686
693
692
686
694
693
686
695
696
697
688
695
697
689
688
697
698
693
694
699
698
694
699
699
694
700
699
694
701
699
700
696
701
700
697
696
700
702
660
663
663
703
702
703
663
665
665
704
703
705
666
660
660
702
705
704
665
669
669
706
704
707
670
666
666
705
707
706
669
673
673
708
706
709
674
670
670
707
709
708
673
677
677
710
708
711
678
674
674
709
711
710
677
681
681
712
710
686
678
711
713
714
686
713
686
711
715
713
711
716
715
711
689
717
718
712
681
689
712
689
718
712
718
719
712
719
720
721
694
686
722
721
686
722
686
714
717
689
697
723
717
697
723
697
724
725
700
694
725
725
694
726
725
694
726
694
721
724
697
700
727
724
700
727
700
725
Material name: red_banner_textile.mat
Vertex Count: 225
-0.000488281 315.901 -3.00975 0 1 0 -0.3827 -0.9239 0 0 0 0 0 -0
-53.4426 315.901 -3.00975 0 1 0 -0.3827 -0.9239 0 0 0 0 0 -0
-53.4426 316.602 -3.14925 0 1 0 0 -1 0 0 0 0 0 -0
-0.000488281 316.602 -3.14925 0 1 -0 -0 -1 0 0 0 0 -0 0
-53.4426 317.304 -3.00975 0 1 -0 0.3827 -0.9239 0 0 0 0 0 0
-0.000488281 317.304 -3.00975 0 1 -0 0.3827 -0.9239 0 0 0 0 -0 -0
-0.000488281 315.306 -2.61235 0 1 0 -0.5556 -0.8315 0 0 0 0 0 -0
-53.4426 315.306 -2.61235 0 1 0 -0.5556 -0.8315 0 0 0 0 0 -0
-53.4426 317.898 -2.61235 0 1 -0 0.7071 -0.7071 0 0 0 0 0 0
-0.000488281 317.898 -2.61235 0 1 -0 0.7071 -0.7071 0 0 0 0 -0 -0
-53.4426 318.296 -2.01765 0 1 -0 0.9239 -0.3827 0 0 0 0 0 0
-0.000488281 318.296 -2.01765 0 1 -0 0.9239 -0.3827 0 0 0 0 -0 -0
-53.4426 318.435 -1.31605 0 1 -0 1 0 0 0 0 0 0 0
-0.000488281 318.435 -1.31605 0 1 -0 1 -0 0 0 0 0 -0 -0
-53.4426 318.296 -0.614552 0 1 -0 0.9239 0.3827 0 0 0 0 -0 0
-0.000488281 318.296 -0.614552 0 1 -0 0.9239 0.3827 0 0 0 0 0 -0
-51.7845 315.306 -0.0198517 0 1 0 -0.8315 0.5556 0 0 0 0 -0 -0
-53.4426 315.306 -0.0198517 0 1 0 -0.8315 0.5556 0 0 0 0 -0 -0
-53.4426 314.909 -0.614552 0 1 0 -0.8315 0.5556 0 0 0 0 -0 -0
-51.5478 315.232 -0.130051 0 1 0 -0.8315 0.5556 0 0 0 0 -0 -0
-0.000488281 314.909 -0.614552 0 1 0 -0.8315 0.5556 -0 0 0 0 0 0
-51.311 315.306 -0.0198517 0 1 0 -0.8049 0.5934 -0 0 0 0 0 0
-0.000488281 315.306 -0.0198517 0 1 0 -0.7071 0.7071 -0 0 0 0 -0 -0
-51.5478 317.972 -0.130051 0 1 -0 0.8315 0.5556 0 0 0 0 0 0
-51.311 317.898 -0.0198517 0 1 -0 0.8049 0.5934 0 0 0 0 0 0
-0.000488281 317.898 -0.0198517 0 1 -0 0.7071 0.7071 0 0 0 0 0 0
-53.4426 317.898 -0.0198517 0 1 -0 0.8315 0.5556 0 0 0 0 0 -0
-51.7845 317.898 -0.0198517 0 1 -0 0.8315 0.5556 0 0 0 0 0 -0
-50.9576 315.416 0.0535469 0 1 0 -0.5556 0.8315 -0 0 0 0 0 0
-50.5399 315.901 0.377548 0 1 0 -0.4604 0.8877 -0 0 0 0 0 0
-0.000488281 315.901 0.377548 0 1 -0 -0.3827 0.9239 -0 0 0 0 -0 -0
-50.9576 317.789 0.0535469 0 1 -0 0.5556 0.8315 0 0 0 0 0 0
-50.5399 317.304 0.377548 0 1 -0 0.4604 0.8877 0 0 0 0 0 0
-0.000488281 317.304 0.377548 0 1 -0 0.3827 0.9239 0 0 0 0 0 0
-50.5256 315.917 0.380848 0 1 0 -0.1951 0.9808 -0 0 0 0 0 0
-50.3675 316.602 0.517048 0 1 -0.0018 -0.3167 0.9485 -0 0 0 0 0 0
-0.000488281 316.602 0.517048 0 1 0 0 1 -0 0 0 0 -0 -0
-50.5256 317.287 0.380848 0 1 -0 0.1951 0.9808 0 0 0 0 0 0
53.4416 315.901 -3.00975 0 1 -0 -0.3827 -0.9239 0 0 0 0 0 -0
53.4416 316.602 -3.14925 0 1 0 -0.1951 -0.9808 0 0 0 0 -0 0
53.4416 317.304 -3.00975 0 1 0 0.3827 -0.9239 0 0 0 0 -0 -0
53.4416 315.306 -2.61235 0 1 -0 -0.5556 -0.8315 0 0 0 0 0 -0
53.4416 317.898 -2.61235 0 1 0 0.7071 -0.7071 0 0 0 0 -0 -0
53.4416 318.296 -2.01765 0 1 0 0.9239 -0.3827 0 0 0 0 -0 -0
53.4416 318.435 -1.31605 0 1 0 1 0 0 0 0 0 -0 -0
53.4416 318.296 -0.614552 0 1 0 0.9808 0.1951 0 0 0 0 0 -0
53.4416 314.909 -0.614552 0 1 -0 -0.8315 0.5556 0 0 0 0 0 0
52.211 315.232 -0.130051 0 1 -0 -0.8315 0.5556 0 0 0 0 0 0
51.9743 315.306 -0.0198517 0 1 -0 -0.8049 0.5934 0 0 0 0 0 0
52.4478 315.306 -0.0198517 0 1 -0 -0.8315 0.5556 -0 0 0 0 0 0
53.4416 315.306 -0.0198517 0 1 -0 -0.8315 0.5556 -0 0 0 0 -0 -0
51.9743 317.898 -0.0198517 0 1 0 0.8049 0.5934 0 0 0 0 0 -0
52.211 317.972 -0.130051 0 1 0 0.8315 0.5556 0 0 0 0 0 -0
52.4478 317.898 -0.0198517 0 1 -0 0.8315 0.5556 0 0 0 0 0 0
53.4416 317.898 -0.0198517 0 1 0 0.8315 0.5556 -0 0 0 0 0 0
51.2032 315.901 0.377548 0 1 -0 -0.4604 0.8877 0 0 0 0 -0 -0
51.6209 315.416 0.0535469 0 1 -0 -0.5556 0.8315 0 0 0 0 -0 -0
51.6209 317.789 0.0535469 0 1 0 0.5556 0.8315 0 0 -0 -0 -0 0
51.2032 317.304 0.377548 0 1 0 0.4604 0.8877 0 0 0 0 0 0
51.0308 316.602 0.517048 0 1 0.0022 -0.1349 0.9909 0 0 0 0 -0 -0
51.1889 315.917 0.380848 0 1 -0 -0.1951 0.9808 0 0 0 0 -0 -0
51.1889 317.287 0.380848 0 1 0 0.1951 0.9808 0 0 -0 -0 -0 0
-53.4426 317.898 -2.61235 -0.0344 3.6847 -1 0 0 0 -0.0237755 0.999717 0 0 0
-53.4426 317.304 -3.00975 -0.0344 3.6787 -1 0 0 0 -0.0237755 0.999717 0 0 0
-53.4426 316.602 -3.14925 -0.0344 3.6717 -1 0 0 0 -0.0237755 0.999717 0 0 0
-53.4426 318.435 -1.31605 -0.0344 3.6901 -1 0 0 0 0.00112936 0.999999 0 0 0
-53.4426 318.296 -2.01765 -0.0344 3.6887 -1 0 0 0 0.00112936 0.999999 0 0 0
-53.4426 317.898 -2.61235 -0.0344 3.6847 -1 0 0 0 0.00112936 0.999999 0 0 0
-53.4426 317.898 -0.0198517 -0.0344 3.6847 -1 0 0 0 -0.00112959 0.999999 0 0 0
-53.4426 318.296 -0.614552 -0.0344 3.6887 -1 0 0 0 -0.00112959 0.999999 0 0 0
-53.4426 318.435 -1.31605 -0.0344 3.6901 -1 0 0 0 -0.00112959 0.999999 0 0 0
-53.4426 317.898 -0.0198517 -0.0344 3.6847 -1 0 0 0 0 1 0 0 0
-53.4426 318.435 -1.31605 -0.0344 3.6901 -1 0 0 0 0 1 0 0 0
-53.4426 317.898 -2.61235 -0.0344 3.6847 -1 0 0 0 0 1 0 0 0
-51.5478 317.972 -0.130051 -0.0155 3.6854 0 -0.8315 -0.5556 1 -0 -0 0.0524175 0.55468 -0.830411
-51.7845 317.898 -0.0198517 -0.0178 3.6847 0 -0.8315 -0.5556 1 -0 -0 0.0524175 0.55468 -0.830411
-53.4426 317.898 -0.0198517 -0.0344 3.6847 0 -0.8315 -0.5556 1 -0 -0 0.0524175 0.55468 -0.830411
-51.5478 317.972 -0.130051 -0.0155 3.6854 0.0388 -0.9992 -0 0 0 -1 0 0 1
-53.4426 317.898 -0.0198517 -0.0344 3.6847 0.0388 -0.9992 -0 0 0 -1 0 0 1
-53.4426 317.898 -2.61235 -0.0344 3.6847 0.0388 -0.9992 -0 0 0 -1 0 0 1
-50.9576 317.789 0.0535469 -0.0096 3.6836 -0.297 -0.9549 0 0.184105 -0.0571763 0.981242 -0.0921227 0.0287024 0.995334
-51.311 317.898 -0.0198517 -0.0131 3.6847 -0.297 -0.9549 0 0.184105 -0.0571763 0.981242 -0.0921227 0.0287024 0.995334
-51.5478 317.972 -0.130051 -0.0155 3.6854 -0.297 -0.9549 0 0.184105 -0.0571763 0.981242 -0.0921227 0.0287024 0.995334
-50.5256 317.287 0.380848 -0.0053 3.6786 -0.7575 -0.6528 -0.0002 0.610153 -0.710872 -0.34982 0.542544 -0.632908 -0.552335
-50.5399 317.304 0.377548 -0.0054 3.6787 -0.7575 -0.6528 -0.0002 0.610153 -0.710872 -0.34982 0.542544 -0.632908 -0.552335
-50.9576 317.789 0.0535469 -0.0096 3.6836 -0.7575 -0.6528 -0.0002 0.610153 -0.710872 -0.34982 0.542544 -0.632908 -0.552335
-50.3675 316.602 0.517048 -0.0037 3.6717 -0.9381 -0.1549 0.3099 0 0 0 0 0 0
-50.5256 317.287 0.380848 -0.0053 3.6786 -0.9381 -0.1549 0.3099 0 0 0 0 0 0
-53.4426 315.306 -0.0198517 -0.0344 3.6588 -0 0.8315 -0.5556 1 -0 -0 -0.0524171 0.55468 0.830411
-51.7845 315.306 -0.0198517 -0.0178 3.6588 -0 0.8315 -0.5556 1 -0 -0 -0.0524171 0.55468 0.830411
-51.5478 315.232 -0.130051 -0.0155 3.658 -0 0.8315 -0.5556 1 -0 -0 -0.0524171 0.55468 0.830411
-53.4426 314.909 -0.614552 -0.0344 3.6548 -0 0.8315 -0.5556 0.999985 0.00309373 0.00460558 -0 0.555603 0.831448
-53.4426 315.306 -0.0198517 -0.0344 3.6588 -0 0.8315 -0.5556 0.999985 0.00309373 0.00460558 -0 0.555603 0.831448
-51.5478 315.232 -0.130051 -0.0155 3.658 -0 0.8315 -0.5556 0.999985 0.00309373 0.00460558 -0 0.555603 0.831448
-0.000488281 -319.576 -1.31835 0.5 -2.6901 0.0009 0.0012 -1 1 9.27434e-005 0.000893666 -0 0.999999 0.00118451
-53.4426 -279.261 -1.31835 -0.0344 -2.2869 0.0009 0.0012 -1 1 9.27434e-005 0.000893666 -0 0.999999 0.00118451
-53.4426 314.909 -0.614552 -0.0344 3.6548 0.0009 0.0012 -1 1 9.27434e-005 0.000893666 -0 0.999999 0.00118451
53.4416 314.909 -0.614552 1.0344 3.6548 -0.0009 0.0012 -1 1 -0.00015147 -0.000894141 -0 0.999999 0.00118454
53.4416 -279.244 -1.31835 1.0344 -2.2867 -0.0009 0.0012 -1 1 -0.00015147 -0.000894141 -0 0.999999 0.00118454
-0.000488281 -319.576 -1.31835 0.5 -2.6901 -0.0009 0.0012 -1 1 -0.00015147 -0.000894141 -0 0.999999 0.00118454
53.4416 314.909 -0.614552 1.0344 3.6548 0 0.0011 -1 1 -0 -0 -2.2501e-008 0.999999 0.00110925
-0.000488281 -319.576 -1.31835 0.5 -2.6901 0 0.0011 -1 1 -0 -0 -2.2501e-008 0.999999 0.00110925
-53.4426 314.909 -0.614552 -0.0344 3.6548 0 0.0011 -1 1 -0 -0 -2.2501e-008 0.999999 0.00110925
53.4416 314.909 -0.614552 1.0344 3.6548 0 0.8315 -0.5556 1 -0 -0 0.00810896 0.555621 0.831396
-53.4426 314.909 -0.614552 -0.0344 3.6548 0 0.8315 -0.5556 1 -0 -0 0.00810896 0.555621 0.831396
-51.5478 315.232 -0.130051 -0.0155 3.658 0 0.8315 -0.5556 1 -0 -0 0.00810896 0.555621 0.831396
53.4416 314.909 -0.614552 1.0344 3.6548 0 0.8315 -0.5556 1 -0.000276713 -0.000411937 -0.0239346 0.555287 0.831315
-51.5478 315.232 -0.130051 -0.0155 3.658 0 0.8315 -0.5556 1 -0.000276713 -0.000411937 -0.0239346 0.555287 0.831315
-51.311 315.306 -0.0198517 -0.0131 3.6588 0 0.8315 -0.5556 1 -0.000276713 -0.000411937 -0.0239346 0.555287 0.831315
53.4416 314.909 -0.614552 1.0344 3.6548 -0.0026 0.5613 -0.8276 0.999995 1.7473e-005 -0.00309148 0.0252126 0.827296 0.5612
-51.311 315.306 -0.0198517 -0.0131 3.6588 -0.0026 0.5613 -0.8276 0.999995 1.7473e-005 -0.00309148 0.0252126 0.827296 0.5612
-50.9576 315.416 0.0535469 -0.0096 3.6599 -0.0026 0.5613 -0.8276 0.999995 1.7473e-005 -0.00309148 0.0252126 0.827296 0.5612
53.4416 314.909 -0.614552 1.0344 3.6548 -0.0026 0.5571 -0.8304 0.999995 7.58991e-005 -0.00308891 -0.00388855 0.830398 0.557157
-50.9576 315.416 0.0535469 -0.0096 3.6599 -0.0026 0.5571 -0.8304 0.999995 7.58991e-005 -0.00308891 -0.00388855 0.830398 0.557157
-50.5399 315.901 0.377548 -0.0054 3.6647 -0.0026 0.5571 -0.8304 0.999995 7.58991e-005 -0.00308891 -0.00388855 0.830398 0.557157
53.4416 314.909 -0.614552 1.0344 3.6548 -0.0074 0.2012 -0.9795 0.999967 -0.00165661 -0.0079164 0.245098 0.949919 0.193859
-50.5399 315.901 0.377548 -0.0054 3.6647 -0.0074 0.2012 -0.9795 0.999967 -0.00165661 -0.0079164 0.245098 0.949919 0.193859
-50.5256 315.917 0.380848 -0.0053 3.6649 -0.0074 0.2012 -0.9795 0.999967 -0.00165661 -0.0079164 0.245098 0.949919 0.193859
52.4478 315.306 -0.0198517 1.0245 3.6588 0 0.8315 -0.5556 1 -0 -0 -0 0.555603 0.831448
53.4416 315.306 -0.0198517 1.0344 3.6588 0 0.8315 -0.5556 1 -0 -0 -0 0.555603 0.831448
53.4416 314.909 -0.614552 1.0344 3.6548 0 0.8315 -0.5556 1 -0 -0 -0 0.555603 0.831448
52.211 315.232 -0.130051 1.0221 3.658 0 0.8315 -0.5556 0.999709 -0.0134553 -0.0200306 -0.0134118 0.555484 0.831419
52.4478 315.306 -0.0198517 1.0245 3.6588 0 0.8315 -0.5556 0.999709 -0.0134553 -0.0200306 -0.0134118 0.555484 0.831419
53.4416 314.909 -0.614552 1.0344 3.6548 0 0.8315 -0.5556 0.999709 -0.0134553 -0.0200306 -0.0134118 0.555484 0.831419
52.211 315.232 -0.130051 1.0221 3.658 0.0028 0.8348 -0.5506 0.999986 0.000133451 0.00533349 -0.00109935 0.550671 0.834722
53.4416 314.909 -0.614552 1.0344 3.6548 0.0028 0.8348 -0.5506 0.999986 0.000133451 0.00533349 -0.00109935 0.550671 0.834722
-50.5256 315.917 0.380848 -0.0053 3.6649 0.0028 0.8348 -0.5506 0.999986 0.000133451 0.00533349 -0.00109935 0.550671 0.834722
51.9743 315.306 -0.0198517 1.0197 3.6588 0.0028 0.8343 -0.5514 0.99999 -0.00049507 0.00436665 0.0251742 0.551014 0.834116
52.211 315.232 -0.130051 1.0221 3.658 0.0028 0.8343 -0.5514 0.99999 -0.00049507 0.00436665 0.0251742 0.551014 0.834116
-50.5256 315.917 0.380848 -0.0053 3.6649 0.0028 0.8343 -0.5514 0.99999 -0.00049507 0.00436665 0.0251742 0.551014 0.834116
51.6209 315.416 0.0535469 1.0162 3.6599 0.0001 0.5557 -0.8314 1 -2.30751e-005 6.28339e-005 -0.0261025 0.830982 0.555687
51.9743 315.306 -0.0198517 1.0197 3.6588 0.0001 0.5557 -0.8314 1 -2.30751e-005 6.28339e-005 -0.0261025 0.830982 0.555687
-50.5256 315.917 0.380848 -0.0053 3.6649 0.0001 0.5557 -0.8314 1 -2.30751e-005 6.28339e-005 -0.0261025 0.830982 0.555687
51.2032 315.901 0.377548 1.012 3.6647 0.0001 0.5556 -0.8314 1 3.60345e-005 0.000100307 0.00389055 0.831417 0.555635
51.6209 315.416 0.0535469 1.0162 3.6599 0.0001 0.5556 -0.8314 1 3.60345e-005 0.000100307 0.00389055 0.831417 0.555635
-50.5256 315.917 0.380848 -0.0053 3.6649 0.0001 0.5556 -0.8314 1 3.60345e-005 0.000100307 0.00389055 0.831417 0.555635
51.1889 315.917 0.380848 1.0119 3.6649 0 0.1951 -0.9808 1 -0 -0 -0.246022 0.950534 0.189625
51.2032 315.901 0.377548 1.012 3.6647 0 0.1951 -0.9808 1 -0 -0 -0.246022 0.950534 0.189625
-50.5256 315.917 0.380848 -0.0053 3.6649 0 0.1951 -0.9808 1 -0 -0 -0.246022 0.950534 0.189625
51.0308 316.602 0.517048 1.0103 3.6717 -0.8139 -0.2882 0.5044 -0 0 0 0 -0 -0
51.1889 315.917 0.380848 1.0119 3.6649 -0.8139 -0.2882 0.5044 -0 0 0 0 -0 -0
51.0308 316.602 0.517048 1.0103 3.6717 0 0.1951 -0.9808 1 -0 -0 0.00267833 0.980797 0.195015
51.1889 315.917 0.380848 1.0119 3.6649 0 0.1951 -0.9808 1 -0 -0 0.00267833 0.980797 0.195015
-50.5256 315.917 0.380848 -0.0053 3.6649 0 0.1951 -0.9808 1 -0 -0 0.00267833 0.980797 0.195015
51.1889 317.287 0.380848 1.0119 3.6786 0.0026 -0.1957 -0.9807 0.999996 9.92214e-005 0.00266687 -0.00268692 0.980672 -0.19564
51.0308 316.602 0.517048 1.0103 3.6717 0.0026 -0.1957 -0.9807 0.999996 9.92214e-005 0.00266687 -0.00268692 0.980672 -0.19564
-50.5256 315.917 0.380848 -0.0053 3.6649 0.0026 -0.1957 -0.9807 0.999996 9.92214e-005 0.00266687 -0.00268692 0.980672 -0.19564
51.2032 317.304 0.377548 1.012 3.6787 0.0027 -0.1972 -0.9804 0.999948 -0.00909051 0.0045361 0.247016 0.950123 -0.19039
51.1889 317.287 0.380848 1.0119 3.6786 0.0027 -0.1972 -0.9804 0.999948 -0.00909051 0.0045361 0.247016 0.950123 -0.19039
-50.5256 315.917 0.380848 -0.0053 3.6649 0.0027 -0.1972 -0.9804 0.999948 -0.00909051 0.0045361 0.247016 0.950123 -0.19039
51.6209 317.789 0.0535469 1.0162 3.6836 0.0076 -0.5601 -0.8284 0.999959 0.000209996 0.0090416 -0.00392246 0.828353 -0.560193
51.2032 317.304 0.377548 1.012 3.6787 0.0076 -0.5601 -0.8284 0.999959 0.000209996 0.0090416 -0.00392246 0.828353 -0.560193
-50.5256 315.917 0.380848 -0.0053 3.6649 0.0076 -0.5601 -0.8284 0.999959 0.000209996 0.0090416 -0.00392246 0.828353 -0.560193
51.9743 317.898 -0.0198517 1.0197 3.6847 0.0079 -0.5729 -0.8196 0.999954 3.86921e-005 0.00957313 0.026893 0.819452 -0.572516
51.6209 317.789 0.0535469 1.0162 3.6836 0.0079 -0.5729 -0.8196 0.999954 3.86921e-005 0.00957313 0.026893 0.819452 -0.572516
-50.5256 315.917 0.380848 -0.0053 3.6649 0.0079 -0.5729 -0.8196 0.999954 3.86921e-005 0.00957313 0.026893 0.819452 -0.572516
52.211 317.972 -0.130051 1.0221 3.6854 0.0142 -0.8453 -0.5342 0.999598 -0.00105307 0.0283417 -0.025513 0.533614 -0.845343
51.9743 317.898 -0.0198517 1.0197 3.6847 0.0142 -0.8453 -0.5342 0.999598 -0.00105307 0.0283417 -0.025513 0.533614 -0.845343
-50.5256 315.917 0.380848 -0.0053 3.6649 0.0142 -0.8453 -0.5342 0.999598 -0.00105307 0.0283417 -0.025513 0.533614 -0.845343
53.4416 317.898 -0.0198517 1.0344 3.6847 0 -0.8315 -0.5556 1 -0 -0 0.0309483 0.555178 -0.831156
52.4478 317.898 -0.0198517 1.0245 3.6847 0 -0.8315 -0.5556 1 -0 -0 0.0309483 0.555178 -0.831156
52.211 317.972 -0.130051 1.0221 3.6854 0 -0.8315 -0.5556 1 -0 -0 0.0309483 0.555178 -0.831156
53.4416 318.296 -0.614552 1.0344 3.6887 0 -0.8315 -0.5556 0.999982 -0.00330147 0.00497772 -0 0.555603 -0.831448
53.4416 317.898 -0.0198517 1.0344 3.6847 0 -0.8315 -0.5556 0.999982 -0.00330147 0.00497772 -0 0.555603 -0.831448
52.211 317.972 -0.130051 1.0221 3.6854 0 -0.8315 -0.5556 0.999982 -0.00330147 0.00497772 -0 0.555603 -0.831448
53.4416 318.296 -0.614552 1.0344 3.6887 0.0143 -0.8478 -0.5301 0.999655 0.000455109 0.0262699 0.00111662 0.530256 -0.847837
52.211 317.972 -0.130051 1.0221 3.6854 0.0143 -0.8478 -0.5301 0.999655 0.000455109 0.0262699 0.00111662 0.530256 -0.847837
-50.5256 315.917 0.380848 -0.0053 3.6649 0.0143 -0.8478 -0.5301 0.999655 0.000455109 0.0262699 0.00111662 0.530256 -0.847837
53.4416 318.296 -2.01765 1.0344 3.6887 1 0 0 0 0 -1 0 0 0
53.4416 318.435 -1.31605 1.0344 3.6901 1 0 0 0 0 -1 0 0 0
53.4416 318.296 -0.614552 1.0344 3.6887 1 0 0 0 0 -1 0 0 0
53.4416 318.296 -2.01765 1.0344 3.6887 0.0229 -0.9997 -0 0 0 -1 0 0 1
53.4416 318.296 -0.614552 1.0344 3.6887 0.0229 -0.9997 -0 0 0 -1 0 0 1
-50.5256 315.917 0.380848 -0.0053 3.6649 0.0229 -0.9997 -0 0 0 -1 0 0 1
53.4416 318.296 -2.01765 1.0344 3.6887 -0.0272 0.2011 -0.9792 0.999614 -0.000183305 -0.0277921 -0.00271135 0.979562 0.201122
-50.5256 315.917 0.380848 -0.0053 3.6649 -0.0272 0.2011 -0.9792 0.999614 -0.000183305 -0.0277921 -0.00271135 0.979562 0.201122
-50.3675 316.602 0.517048 -0.0037 3.6717 -0.0272 0.2011 -0.9792 0.999614 -0.000183305 -0.0277921 -0.00271135 0.979562 0.201122
53.4416 318.296 -2.01765 1.0344 3.6887 -0.0207 -0.1996 -0.9797 0.999777 5.93912e-005 -0.0211005 0.00269204 0.979855 -0.199691
-50.3675 316.602 0.517048 -0.0037 3.6717 -0.0207 -0.1996 -0.9797 0.999777 5.93912e-005 -0.0211005 0.00269204 0.979855 -0.199691
-50.5256 317.287 0.380848 -0.0053 3.6786 -0.0207 -0.1996 -0.9797 0.999777 5.93912e-005 -0.0211005 0.00269204 0.979855 -0.199691
53.4416 318.296 -2.01765 1.0344 3.6887 -0.0138 -0.5548 -0.8319 0.999863 -3.98895e-005 -0.0165691 -0.00332054 0.831916 -0.554891
-50.5256 317.287 0.380848 -0.0053 3.6786 -0.0138 -0.5548 -0.8319 0.999863 -3.98895e-005 -0.0165691 -0.00332054 0.831916 -0.554891
-50.9576 317.789 0.0535469 -0.0096 3.6836 -0.0138 -0.5548 -0.8319 0.999863 -3.98895e-005 -0.0165691 -0.00332054 0.831916 -0.554891
53.4416 318.296 -2.01765 1.0344 3.6887 -0.0102 -0.7234 -0.6903 0.999893 -0.00011837 -0.0146209 -0.00073096 0.690308 -0.723516
-50.9576 317.789 0.0535469 -0.0096 3.6836 -0.0102 -0.7234 -0.6903 0.999893 -0.00011837 -0.0146209 -0.00073096 0.690308 -0.723516
-51.5478 317.972 -0.130051 -0.0155 3.6854 -0.0102 -0.7234 -0.6903 0.999893 -0.00011837 -0.0146209 -0.00073096 0.690308 -0.723516
53.4416 318.296 -2.01765 1.0344 3.6887 0.0036 -0.9996 0.0269 0.99014 -0.000239307 -0.140081 0.0019111 0.0269266 0.999636
-51.5478 317.972 -0.130051 -0.0155 3.6854 0.0036 -0.9996 0.0269 0.99014 -0.000239307 -0.140081 0.0019111 0.0269266 0.999636
-53.4426 317.898 -2.61235 -0.0344 3.6847 0.0036 -0.9996 0.0269 0.99014 -0.000239307 -0.140081 0.0019111 0.0269266 0.999636
53.4416 317.304 -3.00975 1.0344 3.6787 1 0 0 0 -0.00292343 -0.999996 0 0 0
53.4416 317.898 -2.61235 1.0344 3.6847 1 0 0 0 -0.00292343 -0.999996 0 0 0
53.4416 318.296 -2.01765 1.0344 3.6887 1 0 0 0 -0.00292343 -0.999996 0 0 0
53.4416 315.901 -3.00975 1.0344 3.6647 1 0 0 0 0.000218884 -1 0 0 0
53.4416 316.602 -3.14925 1.0344 3.6717 1 0 0 0 0.000218884 -1 0 0 0
53.4416 317.304 -3.00975 1.0344 3.6787 1 0 0 0 0.000218884 -1 0 0 0
53.4416 315.901 -3.00975 1.0344 3.6647 1 0 0 0 0.0101717 -0.999948 0 0 0
53.4416 317.304 -3.00975 1.0344 3.6787 1 0 0 0 0.0101717 -0.999948 0 0 0
53.4416 318.296 -2.01765 1.0344 3.6887 1 0 0 0 0.0101717 -0.999948 0 0 0
53.4416 315.306 -2.61235 1.0344 3.6588 1 0 0 0 0.00913525 -0.999958 0 0 0
53.4416 315.901 -3.00975 1.0344 3.6647 1 0 0 0 0.00913525 -0.999958 0 0 0
53.4416 318.296 -2.01765 1.0344 3.6887 1 0 0 0 0.00913525 -0.999958 0 0 0
53.4416 315.306 -2.61235 1.0344 3.6588 -0.0047 -0.1951 0.9808 0.999988 -2.39495e-005 0.00481958 0 0.980785 0.195091
53.4416 318.296 -2.01765 1.0344 3.6887 -0.0047 -0.1951 0.9808 0.999988 -2.39495e-005 0.00481958 0 0.980785 0.195091
-53.4426 317.898 -2.61235 -0.0344 3.6847 -0.0047 -0.1951 0.9808 0.999988 -2.39495e-005 0.00481958 0 0.980785 0.195091
-53.4426 315.306 -2.61235 -0.0344 3.6588 0 0.9055 -0.4244 0 0 0 -1 0 0
-0.000488281 315.306 -2.61235 0.5 3.6588 0 0.9055 -0.4244 0 0 0 -1 0 0
53.4416 315.306 -2.61235 1.0344 3.6588 0 0.9055 -0.4244 0 0 0 -1 0 0
-53.4426 315.306 -2.61235 -0.0344 3.6588 0 -0 1 1 0 0 0 1 0
53.4416 315.306 -2.61235 1.0344 3.6588 0 -0 1 1 0 0 0 1 0
-53.4426 317.898 -2.61235 -0.0344 3.6847 0 -0 1 1 0 0 0 1 0
-53.4426 315.306 -2.61235 -0.0344 3.6588 -1 0 0 0 -0.00936789 0.999956 0 0 -0
-53.4426 317.898 -2.61235 -0.0344 3.6847 -1 0 0 0 -0.00936789 0.999956 0 0 -0
-53.4426 316.602 -3.14925 -0.0344 3.6717 -1 0 0 0 -0.00936789 0.999956 0 0 -0
-53.4426 315.901 -3.00975 -0.0344 3.6647 -1 0 0 0 -0.0119785 0.999928 0 0 -0
-53.4426 315.306 -2.61235 -0.0344 3.6588 -1 0 0 0 -0.0119785 0.999928 0 0 -0
-53.4426 316.602 -3.14925 -0.0344 3.6717 -1 0 0 0 -0.0119785 0.999928 0 0 -0
53.4416 314.909 -0.614552 1.0344 3.6548 0 -0.5665 0.824 0 0 0 1 0 0
-0.000488281 314.909 -0.614552 0.5 3.6548 0 -0.5665 0.824 0 0 0 1 0 0
-53.4426 314.909 -0.614552 -0.0344 3.6548 0 -0.5665 0.824 0 0 0 1 0 0
53.4416 -279.244 -1.31835 1.0344 -2.2867 0 -0.0012 1 1 0 0 0 0.999999 0.00118454
53.4416 314.909 -0.614552 1.0344 3.6548 0 -0.0012 1 1 0 0 0 0.999999 0.00118454
-53.4426 314.909 -0.614552 -0.0344 3.6548 0 -0.0012 1 1 0 0 0 0.999999 0.00118454
-0.000488281 -319.576 -1.31835 0.5 -2.6901 0.0008 -0.001 1 1 -0.000132642 -0.00078724 -4.23124e-008 0.999999 0.00104295
53.4416 -279.244 -1.31835 1.0344 -2.2867 0.0008 -0.001 1 1 -0.000132642 -0.00078724 -4.23124e-008 0.999999 0.00104295
-53.4426 314.909 -0.614552 -0.0344 3.6548 0.0008 -0.001 1 1 -0.000132642 -0.00078724 -4.23124e-008 0.999999 0.00104295
Index count: 390
0
1
2
2
3
0
3
2
4
4
5
3
6
7
1
1
0
6
5
4
8
8
9
5
9
8
10
10
11
9
11
10
12
12
13
11
13
12
14
14
15
13
16
17
18
19
16
18
19
18
20
21
19
20
22
21
20
23
24
25
26
27
23
14
26
23
14
23
25
15
14
25
28
21
22
29
28
22
30
29
22
31
32
33
24
31
33
25
24
33
34
29
30
35
34
30
35
35
30
36
35
30
37
35
36
32
37
36
33
32
36
38
0
3
3
39
38
39
3
5
5
40
39
41
6
0
0
38
41
40
5
9
9
42
40
42
9
11
11
43
42
43
11
13
13
44
43
44
13
15
15
45
44
22
20
46
47
48
22
47
22
46
49
47
46
50
49
46
25
51
52
45
15
25
45
25
52
45
52
53
45
53
54
55
30
22
56
55
22
56
22
48
51
25
33
57
51
33
57
33
58
59
36
30
59
59
30
60
59
30
60
30
55
58
33
36
61
58
36
61
36
59
62
63
64
65
66
67
68
69
70
71
72
73
74
75
76
77
78
79
80
81
82
83
84
85
86
86
87
88
89
90
91
92
93
94
95
96
97
98
99
100
101
102
103
104
105
106
107
108
109
110
111
112
113
114
115
116
117
118
119
120
121
122
123
124
125
126
127
128
129
130
131
132
133
134
135
136
137
138
139
139
140
141
142
143
144
145
146
147
148
149
150
151
152
153
154
155
156
157
158
159
160
161
162
163
164
165
166
167
168
169
170
171
172
173
174
175
176
177
178
179
180
181
182
183
184
185
186
187
188
189
190
191
192
193
194
195
196
197
198
199
200
201
202
203
204
205
206
207
208
209
210
211
212
213
214
215
216
217
218
219
220
221
222
223
224
94
96
95
