bounding box: -110.448 -105.141 -7 110.448 105.141 7
Material name: bronz.mat
Vertex Count: 1126
105.383 -77.2768 -1.7142 0.9167 0.8519 0 -0 -1 1 0 0 0 -1 0
105.383 -101.106 -1.7142 0.9167 1 0 -0 -1 1 0 0 0 -1 0
16.3855 -101.106 -1.7142 0.6667 1 0 -0 -1 1 0 0 0 -1 0
16.3855 -101.106 -1.7142 0.6667 1 0 -0 -1 0.999871 0.0160754 0 0 -1 0
16.3855 -75.8946 -1.7142 0.6667 0.8333 0 -0 -1 0.999871 0.0160754 0 0 -1 0
105.383 -77.2768 -1.7142 0.9167 0.8519 0 -0 -1 0.999871 0.0160754 0 0 -1 0
16.3855 -101.106 -3.7142 0.6667 1 1 0 0 0 0 1 0 0 0
16.3855 -75.8946 -3.7142 0.6667 0.8333 1 0 0 0 0 1 0 0 0
16.3855 -75.8946 -1.7142 0.6667 0.8333 1 0 0 0 0 1 0 0 0
16.3855 -101.106 -1.7142 0.6667 1 1 0 0 0 0 1 0 0 -0
105.383 -101.106 -3.7142 0.9167 1 0 1 -0 0 0 0 0 0 -1
16.3855 -101.106 -3.7142 0.6667 1 0 1 -0 0 0 0 0 0 -1
16.3855 -101.106 -1.7142 0.6667 1 0 1 -0 0 0 0 0 0 -1
105.383 -101.106 -1.7142 0.9167 1 0 1 -0 0 0 0 0 0 -1
105.383 -101.106 -1.7142 0.9167 1 0 -0 -1 1 0 0 0 0 0
105.383 -77.2768 -1.7142 0.9167 0.8519 0 -0 -1 1 0 0 0 0 0
110.448 -77.2768 -1.7142 0.9167 0.8519 0 -0 -1 1 0 0 0 0 0
110.448 -77.2768 -1.7142 0.9167 0.8519 0 -0 -1 0.782189 -0.623041 0 -0 0 0
110.448 -105.141 -1.7142 0.9167 1 0 -0 -1 0.782189 -0.623041 0 -0 0 0
105.383 -101.106 -1.7142 0.9167 1 0 -0 -1 0.782189 -0.623041 0 -0 0 0
16.3855 -34.3962 -1.7142 0.6667 0.6111 0 -0 -1 0.999214 0.0396487 0 0 -1 0
105.383 -30.8648 -1.7142 0.9167 0.6111 0 -0 -1 0.999214 0.0396487 0 0 -1 0
105.383 -77.2768 -1.7142 0.9167 0.8519 0 -0 -1 0.999214 0.0396487 0 0 -1 0
105.383 -77.2768 -1.7142 0.9167 0.8519 0 -0 -1 0.999724 0.0234949 0 0 -1 0
16.3855 -75.8946 -1.7142 0.6667 0.8333 0 -0 -1 0.999724 0.0234949 0 0 -1 0
16.3855 -34.3962 -1.7142 0.6667 0.6111 0 -0 -1 0.999724 0.0234949 0 0 -1 0
16.3855 -75.8946 -3.7142 0.6667 0.8333 0.0846 0.9964 -0 0 0 0 0 0 -1
-50.3086 -71.3844 -3.7142 0.4583 0.8333 0.0846 0.9964 -0 0 0 0 0 0 -1
-50.3086 -71.3844 -1.7142 0.4583 0.8333 0.0846 0.9964 -0 0 0 0 0 0 -1
16.3855 -75.8946 -1.7142 0.6667 0.8333 0.0846 0.9964 -0 0 0 0 0 0 -1
16.3855 -101.106 -3.7142 0.6667 1 0 -0 -1 0.782204 0.623022 -0 0 0 0
11.3203 -105.141 -3.7142 0.6667 1 0 -0 -1 0.782204 0.623022 -0 0 0 0
11.3203 -79.6009 -3.7142 0.6667 0.8333 0 -0 -1 0.782204 0.623022 -0 0 0 0
11.3203 -79.6009 -3.7142 0.6667 0.8333 0 -0 -1 0.807025 0.590517 0 0 -0 0
16.3855 -75.8946 -3.7142 0.6667 0.8333 0 -0 -1 0.807025 0.590517 0 0 -0 0
16.3855 -101.106 -3.7142 0.6667 1 0 -0 -1 0.807025 0.590517 0 0 -0 0
110.448 -105.141 -3.7142 0.9167 1 0.7071 0.7071 -0 0 0 0 0 0 0
105.383 -101.106 -3.7142 0.9167 1 0.7071 0.7071 -0 0 0 0 0 0 0
105.383 -101.106 -1.7142 0.9167 1 0.7071 0.7071 -0 0 0 0 0 0 0
110.448 -105.141 -1.7142 0.9167 1 0.7071 0.7071 -0 0 0 0 0 0 -0
16.3855 -101.106 -3.7142 0.6667 1 0 -0 -1 0 0 0 0.782189 -0.623041 0
105.383 -101.106 -3.7142 0.9167 1 0 -0 -1 0 0 0 0.782189 -0.623041 0
110.448 -105.141 -3.7142 0.9167 1 0 -0 -1 0 0 0 0.782189 -0.623041 0
110.448 -105.141 -3.7142 0.9167 1 0 -0 -1 0 0 0 -0.782204 -0.623022 0
11.3203 -105.141 -3.7142 0.6667 1 0 -0 -1 0 0 0 -0.782204 -0.623022 0
16.3855 -101.106 -3.7142 0.6667 1 0 -0 -1 0 0 0 -0.782204 -0.623022 0
110.448 -77.2768 2.2858 0.9167 0.8519 1 0 0 0 0 1 0 0 -0
110.448 -105.141 2.2858 0.9167 1 1 0 0 0 0 1 0 0 -0
110.448 -105.141 -1.7142 0.9167 1 1 0 0 0 0 1 0 0 -0
110.448 -77.2768 -1.7142 0.9167 0.8519 1 0 0 0 0 1 0 0 0
105.383 -30.8648 -1.7142 0.9167 0.6111 0 -0 -1 1 0 0 0 0 0
110.448 -30.8648 -1.7142 0.9167 0.6111 0 -0 -1 1 0 0 0 0 0
-50.1008 -48.565 -1.7142 0.4901 0.6639 0 -0 -1 0.99439 0.105771 0 0.502025 -0.864853 0
-50.0361 -41.4613 -1.7142 0.5 0.6111 0 -0 -1 0.99439 0.105771 0 0.502025 -0.864853 0
16.3855 -34.3962 -1.7142 0.6667 0.6111 0 -0 -1 0.99439 0.105771 0 0.502025 -0.864853 0
1.29443 -48.565 -1.7142 0.6256 0.6833 -0 -0 -1 0.997651 0.0684972 0 0.0351393 -0.999382 -0
-50.1008 -48.565 -1.7142 0.4901 0.6639 0 -0 -1 0.997651 0.0684972 0 0.0351393 -0.999382 -0
16.3855 -34.3962 -1.7142 0.6667 0.6111 0 -0 -1 0.997651 0.0684972 0 0.0351393 -0.999382 -0
1.29443 -48.565 -1.7142 0.6256 0.6833 -0 -0 -1 0.998973 0.0453189 0 0 -1 0
16.3855 -34.3962 -1.7142 0.6667 0.6111 0 -0 -1 0.998973 0.0453189 0 0 -1 0
16.3855 -75.8946 -1.7142 0.6667 0.8333 0 -0 -1 0.998973 0.0453189 0 0 -1 0
1.29443 -66.5429 -1.7142 0.622 0.785 -0 -0 -1 0.99855 -0.0538289 0 0.0647501 -0.997901 0
1.29443 -48.565 -1.7142 0.6256 0.6833 -0 -0 -1 0.99855 -0.0538289 0 0.0647501 -0.997901 0
16.3855 -75.8946 -1.7142 0.6667 0.8333 0 -0 -1 0.99855 -0.0538289 0 0.0647501 -0.997901 0
1.29443 -66.5429 -1.7142 0.622 0.785 -0 -0 -1 0.997721 -0.0674711 0 0.0933098 -0.995637 0
16.3855 -75.8946 -1.7142 0.6667 0.8333 0 -0 -1 0.997721 -0.0674711 0 0.0933098 -0.995637 0
-50.3086 -71.3844 -1.7142 0.4583 0.8333 0 -0 -1 0.997721 -0.0674711 0 0.0933098 -0.995637 0
-50.2644 -66.5429 -1.7142 0.4651 0.7974 0 -0 -1 0.999474 -0.0324269 0 0.412192 -0.911097 0
1.29443 -66.5429 -1.7142 0.622 0.785 -0 -0 -1 0.999474 -0.0324269 0 0.412192 -0.911097 0
-50.3086 -71.3844 -1.7142 0.4583 0.8333 0 -0 -1 0.999474 -0.0324269 0 0.412192 -0.911097 0
16.3855 19.7651 -1.7142 0.6667 0.3889 -0 -0 -1 0.999272 -0.0381408 0 0 -1 0
105.383 16.3682 -1.7142 0.9167 0.3889 0 -0 -1 0.999272 -0.0381408 0 0 -1 0
105.383 -30.8648 -1.7142 0.9167 0.6111 0 -0 -1 0.999272 -0.0381408 0 0 -1 0
16.3855 19.7651 -1.7142 0.6667 0.3889 -0 -0 -1 0.999214 0.0396487 -0 0 -1 0
-50.3086 -71.3844 -3.7142 0.4583 0.8333 0.1178 0.993 -0 0 0 1 0 0 -1
-85.2856 -68.0807 -3.7142 0.3333 0.7778 0.1178 0.993 -0 0 0 1 0 0 -1
-85.2856 -68.0807 -1.7142 0.3333 0.7778 0.1178 0.993 -0 0 0 1 0 0 -1
-50.3086 -71.3844 -1.7142 0.4583 0.8333 0.1178 0.993 -0 0 0 1 0 0 -1
-50.3086 -71.3844 -3.7142 0.4583 0.8333 -0 -0 -1 0 0 0 -0.807025 -0.590517 0
16.3855 -75.8946 -3.7142 0.6667 0.8333 -0 -0 -1 0 0 0 -0.807025 -0.590517 0
11.3203 -79.6009 -3.7142 0.6667 0.8333 -0 -0 -1 0 0 0 -0.807025 -0.590517 0
11.3203 -79.6009 -3.7142 0.6667 0.8333 -0 -0 -1 0 0 0 -0.126691 -0.991942 0
-50.8213 -75.3986 -3.7142 0.4583 0.8333 -0 -0 -1 0 0 0 -0.126691 -0.991942 0
-50.3086 -71.3844 -3.7142 0.4583 0.8333 -0 -0 -1 0 0 0 -0.126691 -0.991942 0
11.3203 -79.6009 -3.7142 0.6667 0.8333 -1 0 0 0 0 -1 0 0 0
11.3203 -105.141 -3.7142 0.6667 1 -1 0 0 0 0 -1 0 0 0
11.3203 -105.141 -1.7142 0.6667 1 -1 0 0 0 0 -1 0 0 0
11.3203 -79.6009 -1.7142 0.6667 0.8333 -1 0 0 0 0 -1 0 0 -0
11.3203 -105.141 -3.7142 0.6667 1 0 -1 0 0 0 0 0 0 1
110.448 -105.141 -3.7142 0.9167 1 0 -1 0 0 0 0 0 0 1
110.448 -105.141 -1.7142 0.9167 1 0 -1 0 0 0 0 0 0 1
11.3203 -105.141 -1.7142 0.6667 1 0 -1 0 0 0 0 0 0 1
110.448 -30.8648 2.2858 0.9167 0.6111 1 0 0 0 0 1 0 0 -0
110.448 -30.8648 -1.7142 0.9167 0.6111 1 0 0 0 0 1 0 0 0
110.448 -105.141 2.2858 0.9167 1 0 -1 0 0 0 0 0 0 1
11.3203 -105.141 2.2858 0.6667 1 0 -1 0 0 0 0 0 0 1
105.383 -101.106 2.2858 0.9167 1 -0 0 1 -0.782189 0.623041 -0 0 0 0
110.448 -105.141 2.2858 0.9167 1 -0 0 1 -0.782189 0.623041 -0 0 0 0
110.448 -77.2768 2.2858 0.9167 0.8519 -0 0 1 -0.782189 0.623041 -0 0 0 0
110.448 -77.2768 2.2858 0.9167 0.8519 -0 0 1 -1 0 0 0 -0 0
105.383 -77.2768 2.2858 0.9167 0.8519 -0 0 1 -1 0 0 0 -0 0
105.383 -101.106 2.2858 0.9167 1 -0 0 1 -1 0 0 0 -0 0
105.383 16.3682 -1.7142 0.9167 0.3889 0 -0 -1 1 0 0 0 0 0
110.448 16.3682 -1.7142 0.9167 0.3889 0 -0 -1 1 0 0 0 0 0
-50.2644 -66.5429 -1.7142 0.4651 0.7974 0 -0 -1 0.992958 0.118465 -0 0.347125 -0.937819 0
-50.3086 -71.3844 -1.7142 0.4583 0.8333 0 -0 -1 0.992958 0.118465 -0 0.347125 -0.937819 0
-85.2856 -68.0807 -1.7142 0.3333 0.7778 0 -0 -1 0.992958 0.118465 -0 0.347125 -0.937819 0
-80.5698 -66.5429 -1.7142 0.3511 0.7699 0 -0 -1 0.9935 0.113831 0 0.0104557 -0.999945 0
-50.2644 -66.5429 -1.7142 0.4651 0.7974 0 -0 -1 0.9935 0.113831 0 0.0104557 -0.999945 0
-85.2856 -68.0807 -1.7142 0.3333 0.7778 0 -0 -1 0.9935 0.113831 0 0.0104557 -0.999945 0
-50.0361 -41.4613 -1.7142 0.5 0.6111 0 -0 -1 0.988234 0.152949 0 0.291095 -0.956694 0
-50.1008 -48.565 -1.7142 0.4901 0.6639 0 -0 -1 0.988234 0.152949 0 0.291095 -0.956694 0
-80.5698 -48.565 -1.7142 0.3546 0.6288 0 -0 -1 0.988234 0.152949 0 0.291095 -0.956694 0
-85.2856 -47.0281 -1.7142 0.3333 0.6111 0 -0 -1 0.987758 0.155992 0 0.0938066 -0.99559 0
-50.0361 -41.4613 -1.7142 0.5 0.6111 0 -0 -1 0.987758 0.155992 0 0.0938066 -0.99559 0
-80.5698 -48.565 -1.7142 0.3546 0.6288 0 -0 -1 0.987758 0.155992 0 0.0938066 -0.99559 0
-85.2856 -47.0281 -1.7142 0.3333 0.6111 0 -0 -1 0.988598 0.150582 0 0.0424676 -0.999098 0
-80.5698 -48.565 -1.7142 0.3546 0.6288 0 -0 -1 0.988598 0.150582 0 0.0424676 -0.999098 0
-80.5698 -66.5429 -1.7142 0.3511 0.7699 0 -0 -1 0.988598 0.150582 0 0.0424676 -0.999098 0
-85.2856 -47.0281 -1.7142 0.3333 0.6111 0 -0 -1 0.993505 0.113787 0 0 -1 0
-80.5698 -66.5429 -1.7142 0.3511 0.7699 0 -0 -1 0.993505 0.113787 0 0 -1 0
-85.2856 -68.0807 -1.7142 0.3333 0.7778 0 -0 -1 0.993505 0.113787 0 0 -1 0
-50.0361 -41.4613 -3.7142 0.5 0.6111 0.1324 -0.9912 0 0 0 0 0 0 1
16.3855 -34.3962 -3.7142 0.6667 0.6111 0.1324 -0.9912 0 0 0 0 0 0 1
16.3855 -34.3962 -1.7142 0.6667 0.6111 0.1324 -0.9912 0 0 0 0 0 0 1
-50.0361 -41.4613 -1.7142 0.5 0.6111 0.1324 -0.9912 0 0 0 0 0 0 1
-50.1008 -48.565 -1.7142 0.6278 0.3286 0 1 -0 -1 -0 0 0 0 1
1.29443 -48.565 -1.7142 0 0.3286 0 1 -0 -1 -0 0 0 0 1
1.29443 -48.565 -5.0005 0 0 0 1 -0 -1 -0 0 0 0 1
-50.1008 -48.565 -1.7142 0.6278 0.3286 0 1 -0 -1 0 0 -0.000269303 -0 1
1.29443 -48.565 -5.0005 0 0 0 1 -0 -1 0 0 -0.000269303 -0 1
-80.5698 -48.565 -5.0005 1 0 0 1 -0 -1 0 0 -0.000269303 -0 1
-80.5698 -48.565 -5.0005 1 0 0 1 -0 -1 0 0 0 0 1
-80.5698 -48.565 -1.7142 1 0.3286 0 1 -0 -1 0 0 0 0 1
1.29443 -66.5429 -1.7142 0 0.3286 1 0 0 0 1 0 0 0 1
1.29443 -66.5429 -5.0005 0 0 1 0 0 0 1 0 0 0 1
1.29443 -48.565 -5.0005 1 0 1 0 0 0 1 0 0 0 1
1.29443 -48.565 -1.7142 1 0.3286 1 0 0 0 1 0 0 0 1
-50.2644 -66.5429 -1.7142 0.3702 0.3286 0 -1 0 1 -0 0 0 0 1
-80.5698 -66.5429 -1.7142 0 0.3286 0 -1 0 1 -0 0 0 0 1
-80.5698 -66.5429 -5.0005 0 0 0 -1 0 1 -0 0 0 0 1
-50.2644 -66.5429 -1.7142 0.3702 0.3286 0 -1 0 1 0 0 -0.000222291 -0 1
-80.5698 -66.5429 -5.0005 0 0 0 -1 0 1 0 0 -0.000222291 -0 1
1.29443 -66.5429 -5.0005 1 0 0 -1 0 1 0 0 -0.000222291 -0 1
1.29443 -66.5429 -5.0005 1 0 0 -1 0 1 0 0 0 0 1
1.29443 -66.5429 -1.7142 1 0.3286 0 -1 0 1 0 0 0 0 1
16.3855 -34.3962 -3.7142 0.6667 0.6111 1 0 0 0 0 1 0 0 0
16.3855 19.7651 -3.7142 0.6667 0.3889 1 0 0 0 0 1 0 0 0
16.3855 19.7651 -1.7142 0.6667 0.3889 1 0 0 0 0 1 0 0 0
16.3855 -34.3962 -1.7142 0.6667 0.6111 1 0 0 0 0 1 0 0 -0
105.383 67.3368 -1.7142 0.9167 0.1667 -0 -0 -1 0.999272 -0.0381407 0 0 -1 0
105.383 16.3682 -1.7142 0.9167 0.3889 0 -0 -1 0.999272 -0.0381407 0 0 -1 0
16.3855 19.7651 -1.7142 0.6667 0.3889 -0 -0 -1 0.999272 -0.0381407 0 0 -1 0
12.5728 55.5741 -1.7142 0.6667 0.2216 0 -0 -1 1 0 0 0.105877 -0.994379 0
11.3203 67.3368 -1.7142 0.6667 0.1667 0 -0 -1 1 0 0 0.105877 -0.994379 0
105.383 67.3368 -1.7142 0.9167 0.1667 -0 -0 -1 1 0 0 0.105877 -0.994379 0
23.6799 55.5741 -1.7142 0.6967 0.221 0 -0 -1 0.999919 -0.0127356 -0 -0.0212777 -0.999774 -0
12.5728 55.5741 -1.7142 0.6667 0.2216 0 -0 -1 0.999919 -0.0127356 -0 -0.0212777 -0.999774 -0
105.383 67.3368 -1.7142 0.9167 0.1667 -0 -0 -1 0.999919 -0.0127356 -0 -0.0212777 -0.999774 -0
23.6799 32.9267 -1.7142 0.6906 0.3265 -0 -0 -1 0.999999 0.00130046 0 0.100972 -0.994889 0
23.6799 55.5741 -1.7142 0.6967 0.221 0 -0 -1 0.999999 0.00130046 0 0.100972 -0.994889 0
105.383 67.3368 -1.7142 0.9167 0.1667 -0 -0 -1 0.999999 0.00130046 0 0.100972 -0.994889 0
23.6799 32.9267 -1.7142 0.6906 0.3265 -0 -0 -1 0.999938 0.0111784 0 0.139527 -0.990218 0
105.383 67.3368 -1.7142 0.9167 0.1667 -0 -0 -1 0.999938 0.0111784 0 0.139527 -0.990218 0
16.3855 19.7651 -1.7142 0.6667 0.3889 -0 -0 -1 0.999938 0.0111784 0 0.139527 -0.990218 0
14.9841 32.9267 -1.7142 0.6667 0.3274 -0 -0 -1 0.999756 -0.0220914 0 0.105875 -0.994379 0
23.6799 32.9267 -1.7142 0.6906 0.3265 -0 -0 -1 0.999756 -0.0220914 0 0.105875 -0.994379 0
16.3855 19.7651 -1.7142 0.6667 0.3889 -0 -0 -1 0.999756 -0.0220914 0 0.105875 -0.994379 0
-85.2856 -68.0807 -3.7142 0.3333 0.7778 1 0 0 0 0 1 0 0 0
-85.2856 -47.0281 -3.7142 0.3333 0.6111 1 0 0 0 0 1 0 0 0
-85.2856 -47.0281 -1.7142 0.3333 0.6111 1 0 0 0 0 1 0 0 0
-85.2856 -68.0807 -1.7142 0.3333 0.7778 1 0 0 0 0 1 0 0 -0
-85.2856 -68.0807 -3.7142 0.3333 0.7778 0 -0 -1 0.126692 0.991942 0 -0.126691 -0.991942 0
-50.3086 -71.3844 -3.7142 0.4583 0.8333 0 -0 -1 0.126692 0.991942 0 -0.126691 -0.991942 0
-50.8213 -75.3986 -3.7142 0.4583 0.8333 0 -0 -1 0.126692 0.991942 0 -0.126691 -0.991942 0
-50.8213 -75.3986 -3.7142 0.4583 0.8333 0 -0 -1 0.81628 0.577656 0 -0.81628 -0.577656 0
-90.3506 -71.665 -3.7142 0.3333 0.7778 0 -0 -1 0.81628 0.577656 0 -0.81628 -0.577656 0
-85.2856 -68.0807 -3.7142 0.3333 0.7778 0 -0 -1 0.81628 0.577656 0 -0.81628 -0.577656 0
-50.8213 -75.3986 -3.7142 0.4583 0.8333 -0.0846 -0.9964 0 0 0 0 0 0 1
11.3203 -79.6009 -3.7142 0.6667 0.8333 -0.0846 -0.9964 0 0 0 0 0 0 1
11.3203 -79.6009 -1.7142 0.6667 0.8333 -0.0846 -0.9964 0 0 0 0 0 0 1
-50.8213 -75.3986 -1.7142 0.4583 0.8333 -0.0846 -0.9964 0 0 0 0 0 0 1
11.3203 -105.141 2.2858 0.6667 1 -1 0 0 0 0 -1 0 0 -0
11.3203 -79.6009 2.2858 0.6667 0.8333 -1 0 0 0 0 -1 0 0 -0
110.448 16.3682 2.2858 0.9167 0.3889 1 0 0 0 0 1 0 0 -0
110.448 16.3682 -1.7142 0.9167 0.3889 1 0 0 0 0 1 0 0 0
105.383 -30.8648 2.2858 0.9167 0.6111 -0 0 1 -1 0 0 0 0 0
110.448 -30.8648 2.2858 0.9167 0.6111 -0 0 1 -1 0 0 -0 0 0
110.448 -105.141 4.2858 0.9167 1 0 -1 0 0 0 0 0 0 1
11.3203 -105.141 4.2858 0.6667 1 0 -1 0 0 0 0 0 0 1
105.383 -101.106 4.2858 0.9167 1 0.7071 0.7071 -0 0 0 0 0 0 -0
110.448 -105.141 4.2858 0.9167 1 0.7071 0.7071 -0 0 0 0 0 0 -0
110.448 -105.141 2.2858 0.9167 1 0.7071 0.7071 -0 0 0 0 0 0 -0
105.383 -101.106 2.2858 0.9167 1 0.7071 0.7071 -0 0 0 0 0 0 0
16.3855 -101.106 2.2858 0.6667 1 -0 0 1 1 0 0 -0 -1 -0
105.383 -101.106 2.2858 0.9167 1 0 0 1 1 0 0 -0 -1 -0
105.383 -77.2768 2.2858 0.9167 0.8519 -0 0 1 1 0 0 -0 -1 -0
105.383 -77.2768 2.2858 0.9167 0.8519 -0 0 1 0.999871 0.0160754 -0 -0 -1 -0
16.3855 -75.8946 2.2858 0.6667 0.8333 -0 0 1 0.999871 0.0160754 -0 -0 -1 -0
16.3855 -101.106 2.2858 0.6667 1 -0 0 1 0.999871 0.0160754 -0 -0 -1 -0
105.383 67.3368 -1.7142 0.9167 0.1667 0 -0 -1 1 0 0 0 0 0
110.448 67.3368 -1.7142 0.9167 0.1667 0 -0 -1 1 0 0 0 0 0
-80.5698 -48.565 -1.7142 0 0.3286 -1 0 0 0 -1 0 0 -0 1
-80.5698 -48.565 -5.0005 0 0 -1 0 0 0 -1 0 0 -0 1
-80.5698 -66.5429 -5.0005 1 0 -1 0 0 0 -1 0 0 -0 1
-80.5698 -66.5429 -1.7142 1 0.3286 -1 0 0 0 -1 0 0 0 1
-85.2856 -47.0281 -3.7142 0.3333 0.6111 0.1945 -0.9809 0 0 0 0 0 0 1
-85.2856 -47.0281 -1.7142 0.3333 0.6111 0.1945 -0.9809 0 0 0 0 0 0 1
-50.0361 -41.4613 -3.7142 0.5 0.6111 0 -0 -1 -0 0 0 0.203721 -0.979029 0
-50.8647 -37.4792 -3.7142 0.5 0.6111 0 -0 -1 -0 0 0 0.203721 -0.979029 0
11.3203 -30.8648 -3.7142 0.6667 0.6111 0 -0 -1 -0 0 0 0.203721 -0.979029 0
11.3203 -30.8648 -3.7142 0.6667 0.6111 0 -0 -1 0 0 0 0.820313 -0.571915 0
16.3855 -34.3962 -3.7142 0.6667 0.6111 0 -0 -1 0 0 0 0.820313 -0.571915 0
-50.0361 -41.4613 -3.7142 0.5 0.6111 0 -0 -1 0 0 0 0.820313 -0.571915 0
-80.5698 -66.5429 -5.0005 0 1 0 -0 -1 1 0 0 0.000839486 -1 0
-72.8538 -61.0749 -5.0005 0.0943 0.6958 0 -0 -1 1 0 0 0.000839486 -1 0
-6.20068 -61.0749 -5.0005 0.9084 0.6958 0 -0 -1 1 0 0 0.000839486 -1 0
1.29443 -66.5429 -5.0005 1 1 0 -0 -1 1 -0 -0 -0.000667293 -1 0
-80.5698 -66.5429 -5.0005 0 1 0 -0 -1 1 -0 -0 -0.000667293 -1 0
-6.20068 -61.0749 -5.0005 0.9084 0.6958 0 -0 -1 1 -0 -0 -0.000667293 -1 0
1.29443 -66.5429 -5.0005 1 1 0 -0 -1 1 0.000280381 0 0 -1 0
-6.20068 -61.0749 -5.0005 0.9084 0.6958 0 -0 -1 1 0.000280381 0 0 -1 0
-6.20068 -53.4164 -5.0005 0.9084 0.2699 0 -0 -1 1 0.000280381 0 0 -1 0
1.29443 -48.565 -5.0005 1 0 0 -0 -1 1 -0.000111462 0 0 -1 0
1.29443 -66.5429 -5.0005 1 1 0 -0 -1 1 -0.000111462 0 0 -1 0
-6.20068 -53.4164 -5.0005 0.9084 0.2699 0 -0 -1 1 -0.000111462 0 0 -1 0
1.29443 -48.565 -5.0005 1 0 0 -0 -1 1 0 0 0.000923485 -1 0
-6.20068 -53.4164 -5.0005 0.9084 0.2699 0 -0 -1 1 0 0 0.000923485 -1 0
-72.8538 -53.4164 -5.0005 0.0943 0.2699 0 -0 -1 1 0 0 0.000923485 -1 0
-80.5698 -48.565 -5.0005 0 0 0 -0 -1 1 0 0 -0.000769894 -1 0
1.29443 -48.565 -5.0005 1 0 0 -0 -1 1 0 0 -0.000769894 -1 0
-72.8538 -53.4164 -5.0005 0.0943 0.2699 0 -0 -1 1 0 0 -0.000769894 -1 0
-80.5698 -48.565 -5.0005 0 0 0 -0 -1 1 0.000248919 0 0 -1 0
-72.8538 -53.4164 -5.0005 0.0943 0.2699 0 -0 -1 1 0.000248919 0 0 -1 0
-72.8538 -61.0749 -5.0005 0.0943 0.6958 0 -0 -1 1 0.000248919 0 0 -1 0
-80.5698 -48.565 -5.0005 0 0 0 -0 -1 1 -0.000113708 0 0 -1 0
-72.8538 -61.0749 -5.0005 0.0943 0.6958 0 -0 -1 1 -0.000113708 0 0 -1 0
-80.5698 -66.5429 -5.0005 0 1 0 -0 -1 1 -0.000113708 0 0 -1 0
16.3855 19.7651 -3.7142 0.6667 0.3889 0.1049 0.9945 -0 0 0 0 0 0 -1
-50.3142 25.3688 -3.7142 0.5 0.3889 0.1049 0.9945 -0 0 0 0 0 0 -1
-50.3142 25.3688 -1.7142 0.5 0.3889 0.1049 0.9945 -0 0 0 0 0 0 -1
16.3855 19.7651 -1.7142 0.6667 0.3889 0.1049 0.9945 -0 0 0 0 0 0 -1
16.3855 19.7651 -3.7142 0.6667 0.3889 0 -0 -1 0.820313 -0.571915 0 -0 0 0
16.3855 -34.3962 -3.7142 0.6667 0.6111 0 -0 -1 0.820313 -0.571915 0 -0 0 0
11.3203 -30.8648 -3.7142 0.6667 0.6111 0 -0 -1 0.820313 -0.571915 0 -0 0 0
11.3203 -30.8648 -3.7142 0.6667 0.6111 0 -0 -1 0.81273 0.582641 0 0 0 0
11.3203 16.1339 -3.7142 0.6667 0.3889 0 -0 -1 0.81273 0.582641 0 0 0 0
16.3855 19.7651 -3.7142 0.6667 0.3889 0 -0 -1 0.81273 0.582641 0 0 0 0
14.9841 32.9267 -1.7142 0.6667 0.3274 -0 -0 -1 0.996489 -0.0837189 0 0.105875 -0.994379 0
16.3855 19.7651 -1.7142 0.6667 0.3889 -0 -0 -1 0.996489 -0.0837189 0 0.105875 -0.994379 0
-50.3142 25.3688 -1.7142 0.5 0.3889 -0 -0 -1 0.996489 -0.0837189 0 0.105875 -0.994379 0
-50.3142 25.3688 -1.7142 0.5 0.3889 -0 -0 -1 0.998918 -0.0465087 0 -0.11779 -0.993039 0
-49.4177 32.9267 -1.7142 0.5 0.3448 -0 -0 -1 0.998918 -0.0465087 0 -0.11779 -0.993039 0
14.9841 32.9267 -1.7142 0.6667 0.3274 -0 -0 -1 0.998918 -0.0465087 0 -0.11779 -0.993039 0
11.3203 98.1873 -1.7142 0.6667 0.0144 0 -0 -1 1 0 0 0 -1 0
11.3203 101.106 -1.7142 0.6667 0 0 -0 -1 1 0 0 0 -1 0
105.383 101.106 -1.7142 0.9167 0 0 -0 -1 1 0 0 0 -1 0
48.175 98.1873 -1.7142 0.7646 0.0144 0 -0 -1 1 -0 -0 0.0173631 -0.999849 -0
11.3203 98.1873 -1.7142 0.6667 0.0144 0 -0 -1 1 -0 -0 0.0173631 -0.999849 -0
105.383 101.106 -1.7142 0.9167 0 0 -0 -1 1 -0 -0 0.0173631 -0.999849 -0
48.175 98.1873 -1.7142 0.7646 0.0144 0 -0 -1 1 3.1557e-005 0 0 -1 0
105.383 101.106 -1.7142 0.9167 0 0 -0 -1 1 3.1557e-005 0 0 -1 0
105.383 67.3368 -1.7142 0.9167 0.1667 -0 -0 -1 1 3.1557e-005 0 0 -1 0
48.175 73.4385 -1.7142 0.7646 0.1366 0 -0 -1 1 -9.88268e-005 0 0 -1 0
48.175 98.1873 -1.7142 0.7646 0.0144 0 -0 -1 1 -9.88268e-005 0 0 -1 0
105.383 67.3368 -1.7142 0.9167 0.1667 -0 -0 -1 1 -9.88268e-005 0 0 -1 0
48.175 73.4385 -1.7142 0.7646 0.1366 0 -0 -1 1 0 0 -0.00325314 -0.999995 0
105.383 67.3368 -1.7142 0.9167 0.1667 -0 -0 -1 1 0 0 -0.00325314 -0.999995 0
11.3203 67.3368 -1.7142 0.6667 0.1667 0 -0 -1 1 0 0 -0.00325314 -0.999995 0
11.3203 73.4385 -1.7142 0.6667 0.1366 0 -0 -1 1 0 0 0 -1 0
48.175 73.4385 -1.7142 0.7646 0.1366 0 -0 -1 1 0 0 0 -1 0
11.3203 67.3368 -1.7142 0.6667 0.1667 0 -0 -1 1 0 0 0 -1 0
-45.7998 63.4249 -1.7142 0.5 0.1667 0 -0 -1 0.997663 0.0683254 0 0.105877 -0.994379 0
11.3203 67.3368 -1.7142 0.6667 0.1667 0 -0 -1 0.997663 0.0683254 0 0.105877 -0.994379 0
12.5728 55.5741 -1.7142 0.6667 0.2216 0 -0 -1 0.997663 0.0683254 0 0.105877 -0.994379 0
12.5728 55.5741 -1.7142 0.6667 0.2216 0 -0 -1 0.999656 0.0262122 0 -0.11778 -0.99304 0
-46.731 55.5741 -1.7142 0.5 0.2125 0 -0 -1 0.999656 0.0262122 0 -0.11778 -0.99304 0
-45.7998 63.4249 -1.7142 0.5 0.1667 0 -0 -1 0.999656 0.0262122 0 -0.11778 -0.99304 0
23.6799 55.5741 -1.7142 0 0.3286 0 1 -0 -1 0 0 -0 0 1
23.6799 55.5741 -5.0005 0 0 0 1 -0 -1 0 0 -0 0 1
-100.983 55.5741 -5.0005 1 0 0 1 -0 -1 0 0 -0 0 1
12.5728 55.5741 -1.7142 0.0891 0.3286 0 1 -0 -1 -0 0 0.000964066 -0 1
23.6799 55.5741 -1.7142 0 0.3286 0 1 -0 -1 -0 0 0.000964066 -0 1
-100.983 55.5741 -5.0005 1 0 0 1 -0 -1 -0 0 0.000964066 -0 1
12.5728 55.5741 -1.7142 0.0891 0.3286 0 1 -0 -1 0 0 0 0 1
-100.983 55.5741 -1.7142 1 0.3286 0 1 -0 -1 0 0 0 0 1
23.6799 32.9267 -1.7142 0 0.3286 1 0 0 0 1 0 0 0 1
23.6799 32.9267 -5.0005 0 0 1 0 0 0 1 0 0 0 1
23.6799 55.5741 -5.0005 1 0 1 0 0 0 1 0 0 0 1
23.6799 55.5741 -1.7142 1 0.3286 1 0 0 0 1 0 0 0 1
-100.983 32.9267 -1.7142 0 0.3286 0 -1 0 1 0 0 0 0 1
-100.983 32.9267 -5.0005 0 0 0 -1 0 1 0 0 0 0 1
23.6799 32.9267 -5.0005 1 0 0 -1 0 1 0 0 0 0 1
14.9841 32.9267 -1.7142 0.9302 0.3286 0 -1 0 1 -0 0 0.00185405 -0 0.999998
-100.983 32.9267 -1.7142 0 0.3286 0 -1 0 1 -0 0 0.00185405 -0 0.999998
23.6799 32.9267 -5.0005 1 0 0 -1 0 1 -0 0 0.00185405 -0 0.999998
14.9841 32.9267 -1.7142 0.9302 0.3286 0 -1 0 1 0 0 0 0 1
23.6799 32.9267 -1.7142 1 0.3286 0 -1 0 1 0 0 0 0 1
-85.2856 -68.0807 -3.7142 0.3333 0.7778 0 -0 -1 0.81628 0.577656 -0 0 0 0
-90.3506 -71.665 -3.7142 0.3333 0.7778 0 -0 -1 0.81628 0.577656 -0 0 0 0
-90.3506 -43.7151 -3.7142 0.3333 0.6111 0 -0 -1 0.81628 0.577656 -0 0 0 0
-90.3506 -43.7151 -3.7142 0.3333 0.6111 0 -0 -1 0.836871 -0.547401 0 0 0 0
-85.2856 -47.0281 -3.7142 0.3333 0.6111 0 -0 -1 0.836871 -0.547401 0 0 0 0
-85.2856 -68.0807 -3.7142 0.3333 0.7778 0 -0 -1 0.836871 -0.547401 0 0 0 0
-90.3506 -71.665 -3.7142 0.3333 0.7778 -0.1178 -0.993 0 0 0 -1 0 0 1
-50.8213 -75.3986 -3.7142 0.4583 0.8333 -0.1178 -0.993 0 0 0 -1 0 0 1
-50.8213 -75.3986 -1.7142 0.4583 0.8333 -0.1178 -0.993 0 0 0 -1 0 0 1
-90.3506 -71.665 -1.7142 0.3333 0.7778 -0.1178 -0.993 0 0 0 -1 0 0 1
11.3203 -79.6009 2.2858 0.6667 0.8333 -0.0846 -0.9964 0 0 0 0 0 0 1
-50.8213 -75.3986 2.2858 0.4583 0.8333 -0.1012 -0.9949 0 0 0 0 0 0 1
11.3203 -105.141 4.2858 0.6667 1 -1 0 0 0 0 -1 0 0 -0
11.3203 -79.6009 4.2858 0.6667 0.8333 -1 0 0 0 0 -1 0 0 -0
110.448 67.3368 2.2858 0.9167 0.1667 1 0 0 0 0 1 0 0 -0
110.448 67.3368 -1.7142 0.9167 0.1667 1 0 0 0 0 1 0 0 0
105.383 16.3682 2.2858 0.9167 0.3889 -0 0 1 -1 0 0 0 0 0
110.448 16.3682 2.2858 0.9167 0.3889 -0 0 1 -1 0 0 -0 0 0
16.3855 -34.3962 2.2858 0.6667 0.6111 -0 0 1 0.999724 0.0234949 -0 -0 -1 -0
16.3855 -75.8946 2.2858 0.6667 0.8333 -0 0 1 0.999724 0.0234949 -0 -0 -1 -0
105.383 -77.2768 2.2858 0.9167 0.8519 -0 0 1 0.999724 0.0234949 -0 -0 -1 -0
105.383 -77.2768 2.2858 0.9167 0.8519 -0 0 1 0.999214 0.0396487 -0 -0 -1 -0
105.383 -30.8648 2.2858 0.9167 0.6111 0 0 1 0.999214 0.0396487 -0 -0 -1 -0
16.3855 -34.3962 2.2858 0.6667 0.6111 -0 0 1 0.999214 0.0396487 -0 -0 -1 -0
105.383 -101.106 4.2858 0.9167 1 0 0 1 0 0 0 0.782204 0.623022 0
16.3855 -101.106 4.2858 0.6667 1 0 0 1 0 0 0 0.782204 0.623022 0
11.3203 -105.141 4.2858 0.6667 1 0 0 1 0 0 0 0.782204 0.623022 0
11.3203 -105.141 4.2858 0.6667 1 0 0 1 0 0 0 -0.782189 0.623041 0
110.448 -105.141 4.2858 0.9167 1 0 0 1 0 0 0 -0.782189 0.623041 0
105.383 -101.106 4.2858 0.9167 1 0 0 1 0 0 0 -0.782189 0.623041 0
16.3855 -101.106 4.2858 0.6667 1 0 1 -0 0 0 0 0 0 -1
105.383 -101.106 4.2858 0.9167 1 0 1 -0 0 0 0 0 0 -1
105.383 -101.106 2.2858 0.9167 1 0 1 -0 0 0 0 0 0 -1
16.3855 -101.106 2.2858 0.6667 1 0 1 -0 0 0 0 0 0 -1
16.3855 -75.8946 4.2858 0.6667 0.8333 1 0 0 0 0 1 0 0 -0
16.3855 -101.106 4.2858 0.6667 1 1 0 0 0 0 1 0 0 -0
16.3855 -101.106 2.2858 0.6667 1 1 0 0 0 0 1 0 0 -0
16.3855 -75.8946 2.2858 0.6667 0.8333 1 0 0 0 0 1 0 0 0
105.383 101.106 -1.7142 0.9167 0 0 -0 -1 0.782189 0.623042 0 0 -0 0
110.448 105.141 -1.7142 0.9167 0 0 -0 -1 0.782189 0.623042 0 0 -0 0
110.448 67.3368 -1.7142 0.9167 0.1667 0 -0 -1 0.782189 0.623042 0 0 -0 0
105.383 101.106 -1.7142 0.9167 0 0 -0 -1 1 -0 -0 0 0 0
-85.2856 -47.0281 -3.7142 0.3333 0.6111 0 -0 -1 -0 0 0 0.836871 -0.547401 0
-90.3506 -43.7151 -3.7142 0.3333 0.6111 0 -0 -1 -0 0 0 0.836871 -0.547401 0
-50.8647 -37.4792 -3.7142 0.5 0.6111 0 -0 -1 -0 0 0 0.836871 -0.547401 0
-50.8647 -37.4792 -3.7142 0.5 0.6111 0 -0 -1 0 0 0 0.203721 -0.979029 0
-50.0361 -41.4613 -3.7142 0.5 0.6111 0 -0 -1 0 0 0 0.203721 -0.979029 0
-85.2856 -47.0281 -3.7142 0.3333 0.6111 0 -0 -1 0 0 0 0.203721 -0.979029 0
11.3203 -30.8648 -3.7142 0.6667 0.6111 -0.1324 0.9912 -0 0 0 0 0 0 -1
-50.8647 -37.4792 -3.7142 0.5 0.6111 -0.1324 0.9912 -0 0 0 0 0 0 -1
-50.8647 -37.4792 -1.7142 0.5 0.6111 -0.1324 0.9912 -0 0 0 0 0 0 -1
11.3203 -30.8648 -1.7142 0.6667 0.6111 -0.1324 0.9912 -0 0 0 0 0 0 -1
-105.383 30.3326 -3.7142 0.3333 0.3889 0.1124 0.9937 -0 0 0 0 0 0 -1
-105.383 30.3326 -1.7142 0.3333 0.3889 0.1124 0.9937 -0 0 0 0 0 0 -1
-50.3142 25.3688 -3.7142 0.5 0.3889 -0 -0 -1 0 0 0 -0.812729 -0.582641 0
16.3855 19.7651 -3.7142 0.6667 0.3889 -0 -0 -1 0 0 0 -0.812729 -0.582641 0
11.3203 16.1339 -3.7142 0.6667 0.3889 -0 -0 -1 0 0 0 -0.812729 -0.582641 0
11.3203 16.1339 -3.7142 0.6667 0.3889 -0 -0 -1 0 0 0 -0.135999 -0.990709 0
-50.8647 21.3583 -3.7142 0.5 0.3889 -0 -0 -1 0 0 0 -0.135999 -0.990709 0
-50.3142 25.3688 -3.7142 0.5 0.3889 -0 -0 -1 0 0 0 -0.135999 -0.990709 0
11.3203 16.1339 -3.7142 0.6667 0.3889 -1 0 0 0 0 -1 0 0 0
11.3203 -30.8648 -3.7142 0.6667 0.6111 -1 0 0 0 0 -1 0 0 0
11.3203 -30.8648 -1.7142 0.6667 0.6111 -1 0 0 0 0 -1 0 0 0
11.3203 16.1339 -1.7142 0.6667 0.3889 -1 0 0 0 0 -1 0 0 -0
-49.4177 32.9267 -1.7142 0.5 0.3448 -0 -0 -1 0.995962 -0.0897742 0 -0.11779 -0.993039 0
-50.3142 25.3688 -1.7142 0.5 0.3889 -0 -0 -1 0.995962 -0.0897742 0 -0.11779 -0.993039 0
-105.383 30.3326 -1.7142 0.3333 0.3889 -0 -0 -1 0.995962 -0.0897742 0 -0.11779 -0.993039 0
-100.983 32.9267 -1.7142 0.3464 0.3649 -0 -0 -1 0.998972 -0.0453286 0 -0.000900231 -1 0
-49.4177 32.9267 -1.7142 0.5 0.3448 -0 -0 -1 0.998972 -0.0453286 0 -0.000900231 -1 0
-105.383 30.3326 -1.7142 0.3333 0.3889 -0 -0 -1 0.998972 -0.0453286 0 -0.000900231 -1 0
-45.7998 63.4249 -1.7142 0.5 0.1667 0 -0 -1 0.992851 0.119362 0 -0.117781 -0.99304 0
-46.731 55.5741 -1.7142 0.5 0.2125 0 -0 -1 0.992851 0.119362 0 -0.117781 -0.99304 0
-100.983 55.5741 -1.7142 0.3457 0.1739 0 -0 -1 0.992851 0.119362 0 -0.117781 -0.99304 0
-105.383 55.9552 -1.7142 0.3333 0.1667 0 -0 -1 0.992233 0.124392 0 -0.0341008 -0.999418 0
-45.7998 63.4249 -1.7142 0.5 0.1667 0 -0 -1 0.992233 0.124392 0 -0.0341008 -0.999418 0
-100.983 55.5741 -1.7142 0.3457 0.1739 0 -0 -1 0.992233 0.124392 0 -0.0341008 -0.999418 0
-105.383 55.9552 -1.7142 0.3333 0.1667 0 -0 -1 0.994281 0.106799 0 -0.0109777 -0.99994 0
-100.983 55.5741 -1.7142 0.3457 0.1739 0 -0 -1 0.994281 0.106799 0 -0.0109777 -0.99994 0
-100.983 32.9267 -1.7142 0.3464 0.3649 -0 -0 -1 0.994281 0.106799 0 -0.0109777 -0.99994 0
-105.383 55.9552 -1.7142 0.3333 0.1667 0 -0 -1 0.999224 -0.0393805 0 0 -1 0
-100.983 32.9267 -1.7142 0.3464 0.3649 -0 -0 -1 0.999224 -0.0393805 0 0 -1 0
-105.383 30.3326 -1.7142 0.3333 0.3889 -0 -0 -1 0.999224 -0.0393805 0 0 -1 0
14.9841 32.9267 -1.7142 0 0.3286 0 -1 0 0 0 0 0 0 0
-49.4177 32.9267 -1.7142 0 0.3286 1 0 0 0 0 0 0 0 0
-100.983 32.9267 -1.7142 0 0.3286 0 -1 0 0 0 0 0 0 0
11.3203 73.4385 -1.7142 0.6667 0.1366 0 -0 -1 0.997663 0.0683254 0 0 -1 0
11.3203 67.3368 -1.7142 0.6667 0.1667 0 -0 -1 0.997663 0.0683254 0 0 -1 0
-45.7998 63.4249 -1.7142 0.5 0.1667 0 -0 -1 0.997663 0.0683254 0 0 -1 0
-41.0574 73.4385 -1.7142 0.5138 0.1233 0 -0 -1 0.998379 0.0569135 0 -0.00150487 -0.999999 0
11.3203 73.4385 -1.7142 0.6667 0.1366 0 -0 -1 0.998379 0.0569135 0 -0.00150487 -0.999999 0
-45.7998 63.4249 -1.7142 0.5 0.1667 0 -0 -1 0.998379 0.0569135 0 -0.00150487 -0.999999 0
11.3203 101.106 -1.7142 0.6667 0 0 -0 -1 0.999989 0.00464402 0 0 -1 0
11.3203 98.1873 -1.7142 0.6667 0.0144 0 -0 -1 0.999989 0.00464402 0 0 -1 0
-41.0574 98.1873 -1.7142 0.5138 0.0132 0 -0 -1 0.999989 0.00464402 0 0 -1 0
-45.7998 101.106 -1.7142 0.5 0 0 -0 -1 1 0 0 0.00473519 -0.999989 0
11.3203 101.106 -1.7142 0.6667 0 0 -0 -1 1 0 0 0.00473519 -0.999989 0
-41.0574 98.1873 -1.7142 0.5138 0.0132 0 -0 -1 1 0 0 0.00473519 -0.999989 0
-45.7998 101.106 -1.7142 0.5 0 0 -0 -1 0.999948 0.0101745 0 0 -1 0
-41.0574 98.1873 -1.7142 0.5138 0.0132 0 -0 -1 0.999948 0.0101745 0 0 -1 0
-41.0574 73.4385 -1.7142 0.5138 0.1233 0 -0 -1 0.999948 0.0101745 0 0 -1 0
-45.7998 101.106 -1.7142 0.5 0 0 -0 -1 0.999082 0.0428418 0 0 -1 0
-41.0574 73.4385 -1.7142 0.5138 0.1233 0 -0 -1 0.999082 0.0428418 0 0 -1 0
-45.7998 63.4249 -1.7142 0.5 0.1667 0 -0 -1 0.999082 0.0428418 0 0 -1 0
11.3203 101.106 -3.7142 0.6667 0 -0 -1 0 0 0 0 0 0 1
105.383 101.106 -3.7142 0.9167 0 -0 -1 0 0 0 0 0 0 1
105.383 101.106 -1.7142 0.9167 0 -0 -1 0 0 0 0 0 0 1
11.3203 101.106 -1.7142 0.6667 0 -0 -1 0 0 0 0 0 0 1
48.175 98.1873 -1.7142 0 0.3286 0 1 -0 -1 0 0 -0 0 1
48.175 98.1873 -5.0005 0 0 0 1 -0 -1 0 0 -0 0 1
-41.0574 98.1873 -5.0005 1 0 0 1 -0 -1 0 0 -0 0 1
11.3203 98.1873 -1.7142 0.413 0.3286 0 1 -0 -1 -0 0 -0.00128726 -0 0.999999
48.175 98.1873 -1.7142 0 0.3286 0 1 -0 -1 -0 0 -0.00128726 -0 0.999999
-41.0574 98.1873 -5.0005 1 0 0 1 -0 -1 -0 0 -0.00128726 -0 0.999999
11.3203 98.1873 -1.7142 0.413 0.3286 0 1 -0 -1 0 0 0 0 1
-41.0574 98.1873 -1.7142 1 0.3286 0 1 -0 -1 0 0 0 0 1
48.175 73.4385 -1.7142 0 0.3286 1 0 0 0 1 0 0 0 1
48.175 73.4385 -5.0005 0 0 1 0 0 0 1 0 0 0 1
48.175 98.1873 -5.0005 1 0 1 0 0 0 1 0 0 0 1
48.175 98.1873 -1.7142 1 0.3286 1 0 0 0 1 0 0 0 1
-41.0574 73.4385 -1.7142 0 0.3286 0 -1 0 1 0 0 0 0 1
-41.0574 73.4385 -5.0005 0 0 0 -1 0 1 0 0 0 0 1
48.175 73.4385 -5.0005 1 0 0 -1 0 1 0 0 0 0 1
11.3203 73.4385 -1.7142 0.587 0.3286 0 -1 0 1 -0 0 -0.000905691 -0 1
-41.0574 73.4385 -1.7142 0 0.3286 0 -1 0 1 -0 0 -0.000905691 -0 1
48.175 73.4385 -5.0005 1 0 0 -1 0 1 -0 0 -0.000905691 -0 1
11.3203 73.4385 -1.7142 0.587 0.3286 0 -1 0 1 0 0 0 0 1
48.175 73.4385 -1.7142 1 0.3286 0 -1 0 1 0 0 0 0 1
-46.731 55.5741 -1.7142 1 0.3286 1 0 0 0 0 0 -0 0 0
12.5728 55.5741 -1.7142 1 0.3286 0 1 -0 0 0 0 -0 0 0
-100.983 55.5741 -1.7142 1 0.3286 0 1 -0 0 0 0 -0 0 0
-100.983 55.5741 -1.7142 0 0.3286 -1 0 0 0 -1 0 0 -0 1
-100.983 55.5741 -5.0005 0 0 -1 0 0 0 -1 0 0 -0 1
-100.983 32.9267 -5.0005 1 0 -1 0 0 0 -1 0 0 -0 1
-100.983 32.9267 -1.7142 1 0.3286 -1 0 0 0 -1 0 0 0 1
-100.983 32.9267 -5.0005 0 1 0 -0 -1 1 0 0 0.000467607 -1 0
-94.0669 38.5568 -5.0005 0.0555 0.7514 0 -0 -1 1 0 0 0.000467607 -1 0
16.9307 38.5568 -5.0005 0.9459 0.7514 0 -0 -1 1 0 0 0.000467607 -1 0
23.6799 32.9267 -5.0005 1 1 0 -0 -1 1 -0 -0 0.000888697 -1 0
-100.983 32.9267 -5.0005 0 1 0 -0 -1 1 -0 -0 0.000888697 -1 0
16.9307 38.5568 -5.0005 0.9459 0.7514 0 -0 -1 1 -0 -0 0.000888697 -1 0
23.6799 32.9267 -5.0005 1 1 0 -0 -1 1 6.56328e-005 0 0 -1 0
16.9307 38.5568 -5.0005 0.9459 0.7514 0 -0 -1 1 6.56328e-005 0 0 -1 0
16.9307 50.7714 -5.0005 0.9459 0.2121 0 -0 -1 1 6.56328e-005 0 0 -1 0
23.6799 55.5741 -5.0005 1 0 0 -0 -1 1 -0.000120035 0 0 -1 0
23.6799 32.9267 -5.0005 1 1 0 -0 -1 1 -0.000120035 0 0 -1 0
16.9307 50.7714 -5.0005 0.9459 0.2121 0 -0 -1 1 -0.000120035 0 0 -1 0
23.6799 55.5741 -5.0005 1 0 0 -0 -1 1 0 0 -0.0010699 -0.999999 0
16.9307 50.7714 -5.0005 0.9459 0.2121 0 -0 -1 1 0 0 -0.0010699 -0.999999 0
-94.0669 50.7714 -5.0005 0.0555 0.2121 0 -0 -1 1 0 0 -0.0010699 -0.999999 0
-100.983 55.5741 -5.0005 0 0 0 -0 -1 1 0 0 -0.000577244 -1 0
23.6799 55.5741 -5.0005 1 0 0 -0 -1 1 0 0 -0.000577244 -1 0
-94.0669 50.7714 -5.0005 0.0555 0.2121 0 -0 -1 1 0 0 -0.000577244 -1 0
-100.983 55.5741 -5.0005 0 0 0 -0 -1 1 0.000165943 0 0 -1 0
-94.0669 50.7714 -5.0005 0.0555 0.2121 0 -0 -1 1 0.000165943 0 0 -1 0
-94.0669 38.5568 -5.0005 0.0555 0.7514 0 -0 -1 1 0.000165943 0 0 -1 0
-100.983 55.5741 -5.0005 0 0 0 -0 -1 1 -6.89468e-006 0 0 -1 0
-94.0669 38.5568 -5.0005 0.0555 0.7514 0 -0 -1 1 -6.89468e-006 0 0 -1 0
-100.983 32.9267 -5.0005 0 1 0 -0 -1 1 -6.89468e-006 0 0 -1 0
-90.3506 -43.7151 -3.7142 0.3333 0.6111 -1 0 0 0 0 -1 0 0 0
-90.3506 -71.665 -3.7142 0.3333 0.7778 -1 0 0 0 0 -1 0 0 0
-90.3506 -71.665 -1.7142 0.3333 0.7778 -1 0 0 0 0 -1 0 0 0
-90.3506 -43.7151 -1.7142 0.3333 0.6111 -1 0 0 0 0 -1 0 0 -0
-50.8213 -75.3986 2.2858 0.4583 0.8333 -0.1012 -0.9949 0 0 0 -1 0 0 1
-90.3506 -71.665 2.2858 0.3333 0.7778 -0.1178 -0.993 0 0 0 -1 0 0 1
11.3203 -79.6009 4.2858 0.6667 0.8333 -0.0846 -0.9964 0 0 0 0 0 0 1
-50.8213 -75.3986 4.2858 0.4583 0.8333 -0.0846 -0.9964 0 0 0 0 0 0 1
16.3855 -101.106 4.2858 0.6667 1 -0 0 1 -0.807025 -0.590517 0 -0 0 0
16.3855 -75.8946 4.2858 0.6667 0.8333 -0 0 1 -0.807025 -0.590517 0 -0 0 0
11.3203 -79.6009 4.2858 0.6667 0.8333 -0 0 1 -0.807025 -0.590517 0 -0 0 0
11.3203 -79.6009 4.2858 0.6667 0.8333 -0 0 1 -0.782204 -0.623022 0 0 0 0
11.3203 -105.141 4.2858 0.6667 1 -0 0 1 -0.782204 -0.623022 0 0 0 0
16.3855 -101.106 4.2858 0.6667 1 -0 0 1 -0.782204 -0.623022 0 0 0 0
110.448 105.141 2.2858 0.9167 0 1 0 0 0 0 1 0 0 -0
110.448 105.141 -1.7142 0.9167 0 1 0 0 0 0 1 0 0 0
105.383 67.3368 2.2858 0.9167 0.1667 -0 0 1 -1 0 0 0 0 0
110.448 67.3368 2.2858 0.9167 0.1667 -0 0 1 -1 0 0 -0 0 0
16.3855 19.7651 2.2858 0.6667 0.3889 0 0 1 0.999214 0.0396487 -0 -0 -1 -0
16.3855 -34.3962 2.2858 0.6667 0.6111 -0 0 1 0.999214 0.0396487 -0 -0 -1 -0
105.383 -30.8648 2.2858 0.9167 0.6111 0 0 1 0.999214 0.0396487 -0 -0 -1 -0
105.383 -30.8648 2.2858 0.9167 0.6111 0 0 1 0.999272 -0.0381408 -0 -0 -1 -0
105.383 16.3682 2.2858 0.9167 0.3889 -0 0 1 0.999272 -0.0381408 -0 -0 -1 -0
16.3855 19.7651 2.2858 0.6667 0.3889 0 0 1 0.999272 -0.0381408 -0 -0 -1 -0
-50.2644 -66.5429 2.2858 0.4651 0.7974 -0 0 1 0.997721 -0.0674711 -0 0.392986 -0.919544 0
-50.3086 -71.3844 2.2858 0.4583 0.8333 -0 0 1 0.997721 -0.0674711 -0 0.392986 -0.919544 0
16.3855 -75.8946 2.2858 0.6667 0.8333 -0 0 1 0.997721 -0.0674711 -0 0.392986 -0.919544 0
1.29443 -66.5429 2.2858 0.622 0.785 0 0 1 0.999063 -0.0432702 -0 0.0429714 -0.999076 0
-50.2644 -66.5429 2.2858 0.4651 0.7974 -0 0 1 0.999063 -0.0432702 -0 0.0429714 -0.999076 0
16.3855 -75.8946 2.2858 0.6667 0.8333 -0 0 1 0.999063 -0.0432702 -0 0.0429714 -0.999076 0
1.29443 -66.5429 2.2858 0.622 0.785 0 0 1 0.999759 -0.021936 0 -0 -1 -0
16.3855 -75.8946 2.2858 0.6667 0.8333 -0 0 1 0.999759 -0.021936 0 -0 -1 -0
16.3855 -34.3962 2.2858 0.6667 0.6111 -0 0 1 0.999759 -0.021936 0 -0 -1 -0
1.29443 -48.565 2.2858 0.6256 0.6833 -0 0 1 0.99569 0.0927472 0 0.0787331 -0.996896 0
1.29443 -66.5429 2.2858 0.622 0.785 0 0 1 0.99569 0.0927472 0 0.0787331 -0.996896 0
16.3855 -34.3962 2.2858 0.6667 0.6111 -0 0 1 0.99569 0.0927472 0 0.0787331 -0.996896 0
-50.1008 -48.565 2.2858 0.4901 0.6639 -0 0 1 0.997651 0.0684972 0 0.0351389 -0.999382 -0
1.29443 -48.565 2.2858 0.6256 0.6833 -0 0 1 0.997651 0.0684972 0 0.0351389 -0.999382 -0
16.3855 -34.3962 2.2858 0.6667 0.6111 -0 0 1 0.997651 0.0684972 0 0.0351389 -0.999382 -0
-50.0361 -41.4613 2.2858 0.5 0.6111 -0 0 1 0.99439 0.105771 -0 0.502025 -0.864853 0
-50.1008 -48.565 2.2858 0.4901 0.6639 -0 0 1 0.99439 0.105771 -0 0.502025 -0.864853 0
16.3855 -34.3962 2.2858 0.6667 0.6111 -0 0 1 0.99439 0.105771 -0 0.502025 -0.864853 0
-50.3086 -71.3844 4.2858 0.4583 0.8333 0.0846 0.9964 -0 0 0 0 0 0 -1
16.3855 -75.8946 4.2858 0.6667 0.8333 0.0846 0.9964 -0 0 0 0 0 0 -1
16.3855 -75.8946 2.2858 0.6667 0.8333 0.0846 0.9964 -0 0 0 0 0 0 -1
-50.3086 -71.3844 2.2858 0.4583 0.8333 0.0846 0.9964 -0 0 0 0 0 0 -1
105.383 101.106 -3.7142 0.9167 0 0.7071 -0.7071 0 0 0 0 0 0 0
110.448 105.141 -3.7142 0.9167 0 0.7071 -0.7071 0 0 0 0 0 0 0
110.448 105.141 -1.7142 0.9167 0 0.7071 -0.7071 0 0 0 0 0 0 0
105.383 101.106 -1.7142 0.9167 0 0.7071 -0.7071 0 0 0 0 0 0 -0
-90.3506 -43.7151 -3.7142 0.3333 0.6111 -0.1945 0.9809 -0 0 0 0 0 0 -1
-90.3506 -43.7151 -1.7142 0.3333 0.6111 -0.1945 0.9809 -0 0 0 0 0 0 -1
-50.8647 -37.4792 2.2858 0.5 0.6111 -0.1635 0.9865 -0 0 0 0 0 0 -1
11.3203 -30.8648 2.2858 0.6667 0.6111 -0.1324 0.9912 -0 0 0 0 0 0 -1
-105.383 30.3326 -3.7142 0.3333 0.3889 1 0 0 0 0 1 0 0 0
-105.383 55.9552 -3.7142 0.3333 0.1667 1 0 0 0 0 1 0 0 0
-105.383 55.9552 -1.7142 0.3333 0.1667 1 0 0 0 0 1 0 0 0
-105.383 30.3326 -1.7142 0.3333 0.3889 1 0 0 0 0 1 0 0 -0
-105.383 30.3326 -3.7142 0.3333 0.3889 0 -0 -1 0 0 0 -0.135999 -0.990709 0
-50.3142 25.3688 -3.7142 0.5 0.3889 0 -0 -1 0 0 0 -0.135999 -0.990709 0
-50.8647 21.3583 -3.7142 0.5 0.3889 0 -0 -1 0 0 0 -0.135999 -0.990709 0
-50.8647 21.3583 -3.7142 0.5 0.3889 0 -0 -1 0 0 0 -0.814821 -0.579712 0
-110.448 26.7291 -3.7142 0.3333 0.3889 0 -0 -1 0 0 0 -0.814821 -0.579712 0
-105.383 30.3326 -3.7142 0.3333 0.3889 0 -0 -1 0 0 0 -0.814821 -0.579712 0
-50.8647 21.3583 -3.7142 0.5 0.3889 -0.1049 -0.9945 0 0 0 0 0 0 1
11.3203 16.1339 -3.7142 0.6667 0.3889 -0.1049 -0.9945 0 0 0 0 0 0 1
11.3203 16.1339 -1.7142 0.6667 0.3889 -0.1049 -0.9945 0 0 0 0 0 0 1
-50.8647 21.3583 -1.7142 0.5 0.3889 -0.1049 -0.9945 0 0 0 0 0 0 1
11.3203 -30.8648 2.2858 0.6667 0.6111 -1 0 0 0 0 -1 0 0 -0
11.3203 16.1339 2.2858 0.6667 0.3889 -1 0 0 0 0 -1 0 0 -0
-105.383 55.9552 -3.7142 0.3333 0.1667 0.1555 -0.9878 0 0 0 0 0 0 1
-45.7998 63.4249 -3.7142 0.5 0.1667 0.1555 -0.9878 0 0 0 0 0 0 1
-45.7998 63.4249 -1.7142 0.5 0.1667 0.1555 -0.9878 0 0 0 0 0 0 1
-105.383 55.9552 -1.7142 0.3333 0.1667 0.1555 -0.9878 0 0 0 0 0 0 1
-45.7998 63.4249 -3.7142 0.5 0.1667 1 0 0 0 0 1 0 0 0
-45.7998 101.106 -3.7142 0.5 0 1 0 0 0 0 1 0 0 0
-45.7998 101.106 -1.7142 0.5 0 1 0 0 0 0 1 0 0 0
-45.7998 63.4249 -1.7142 0.5 0.1667 1 0 0 0 0 1 0 0 -0
-41.0574 98.1873 -1.7142 0 0.3286 -1 0 0 0 -1 0 0 -0 1
-41.0574 98.1873 -5.0005 0 0 -1 0 0 0 -1 0 0 -0 1
-41.0574 73.4385 -5.0005 1 0 -1 0 0 0 -1 0 0 -0 1
-41.0574 73.4385 -1.7142 1 0.3286 -1 0 0 0 -1 0 0 0 1
-45.7998 101.106 -3.7142 0.5 0 0 -1 0 0 0 0 0 0 1
-45.7998 101.106 -1.7142 0.5 0 0 -1 0 0 0 0 0 0 1
105.383 101.106 -3.7142 0.9167 0 0 -0 -1 0 0 0 0 -1 0
11.3203 101.106 -3.7142 0.6667 0 0 -0 -1 0 0 0 0 -1 0
11.3203 105.141 -3.7142 0.6667 0 0 -0 -1 0 0 0 0 -1 0
11.3203 105.141 -3.7142 0.6667 0 0 -0 -1 0 0 0 -0.782189 -0.623042 0
110.448 105.141 -3.7142 0.9167 0 0 -0 -1 0 0 0 -0.782189 -0.623042 0
105.383 101.106 -3.7142 0.9167 0 0 -0 -1 0 0 0 -0.782189 -0.623042 0
-35.7302 78.5313 -5.0005 1 0 0 -0 -1 0 -0 0 0 0 0
-41.0574 73.4385 -5.0005 1 0 0 -0 -1 0 -0 0 0 0 0
-41.0574 98.1873 -5.0005 1 0 0 -0 -1 0 -0 0 0 0 0
-35.7302 93.4672 -5.0005 1 0 0 -0 -1 0 -0 0 -0 0 0
42.8477 78.5313 -5.0005 1 0 0 -0 -1 0 0 0 0 0 0
48.175 73.4385 -5.0005 1 0 0 -0 -1 0 0 0 0 0 0
42.8477 93.4672 -5.0005 1 0 0 -0 -1 0 0 0 0 0 0
48.175 98.1873 -5.0005 1 0 0 -0 -1 0 0 0 -0 0 0
-94.0669 50.7714 -5.0005 0 0.1428 -1 0 0 0 -1 0 0 -0 1
-94.0669 50.7714 -7 0 0 -1 0 0 0 -1 0 0 -0 1
-94.0669 38.5568 -7 1 0 -1 0 0 0 -1 0 0 -0 1
-94.0669 38.5568 -5.0005 1 0.1428 -1 0 0 0 -1 0 0 0 1
16.9307 50.7714 -5.0005 0 0.1428 0 1 -0 -1 0 0 -0 0 1
16.9307 50.7714 -7 0 0 0 1 -0 -1 0 0 -0 0 1
-94.0669 50.7714 -7 1 0 0 1 -0 -1 0 0 -0 0 1
-94.0669 50.7714 -5.0005 1 0.1428 0 1 -0 -1 0 0 0 0 1
16.9307 38.5568 -5.0005 0 0.1428 1 0 0 0 1 0 0 0 1
16.9307 38.5568 -7 0 0 1 0 0 0 1 0 0 0 1
16.9307 50.7714 -7 1 0 1 0 0 0 1 0 0 0 1
16.9307 50.7714 -5.0005 1 0.1428 1 0 0 0 1 0 0 0 1
-94.0669 38.5568 -5.0005 0 0.1428 0 -1 0 1 0 0 0 0 1
-94.0669 38.5568 -7 0 0 0 -1 0 1 0 0 0 0 1
16.9307 38.5568 -7 1 0 0 -1 0 1 0 0 0 0 1
16.9307 38.5568 -5.0005 1 0.1428 0 -1 0 1 0 0 0 0 1
-90.3506 -71.665 2.2858 0.3333 0.7778 -1 0 0 0 0 -1 0 0 -0
-90.3506 -43.7151 2.2858 0.3333 0.6111 -1 0 0 0 0 -1 0 0 -0
-50.8213 -75.3986 4.2858 0.4583 0.8333 -0.1178 -0.993 0 0 0 -1 0 0 1
-90.3506 -71.665 4.2858 0.3333 0.7778 -0.1178 -0.993 0 0 0 -1 0 0 1
-50.3086 -71.3844 4.2858 0.4583 0.8333 0 0 1 -0 0 0 0.126691 0.991942 0
-50.8213 -75.3986 4.2858 0.4583 0.8333 0 0 1 -0 0 0 0.126691 0.991942 0
11.3203 -79.6009 4.2858 0.6667 0.8333 0 0 1 -0 0 0 0.126691 0.991942 0
11.3203 -79.6009 4.2858 0.6667 0.8333 0 0 1 0 0 0 0.807025 0.590517 0
16.3855 -75.8946 4.2858 0.6667 0.8333 0 0 1 0 0 0 0.807025 0.590517 0
-50.3086 -71.3844 4.2858 0.4583 0.8333 0 0 1 0 0 0 0.807025 0.590517 0
11.3203 105.141 2.2858 0.6667 0 0 1 -0 0 0 0 0 0 -1
110.448 105.141 2.2858 0.9167 0 0 1 -0 0 0 0 0 0 -1
110.448 105.141 -1.7142 0.9167 0 0 1 -0 0 0 0 0 0 -1
11.3203 105.141 -1.7142 0.6667 0 0 1 -0 0 0 0 0 0 -1
105.383 101.106 2.2858 0.9167 0 -0 0 1 -1 0 0 0 0 0
110.448 67.3368 2.2858 0.9167 0.1667 -0 0 1 -0.782189 -0.623042 0 -0 0 0
110.448 105.141 2.2858 0.9167 0 -0 0 1 -0.782189 -0.623042 0 -0 0 0
105.383 101.106 2.2858 0.9167 0 -0 0 1 -0.782189 -0.623042 0 -0 0 0
16.3855 19.7651 2.2858 0.6667 0.3889 0 0 1 0.999272 -0.0381408 0 -0 -1 -0
105.383 16.3682 2.2858 0.9167 0.3889 -0 0 1 0.999272 -0.0381408 0 -0 -1 -0
105.383 67.3368 2.2858 0.9167 0.1667 -0 0 1 0.999272 -0.0381408 0 -0 -1 -0
23.6799 32.9267 2.2858 0.6906 0.3265 -0 0 1 0.999756 -0.0220914 -0 0.105875 -0.994379 -0
14.9841 32.9267 2.2858 0.6667 0.3274 0 0 1 0.999756 -0.0220914 -0 0.105875 -0.994379 -0
16.3855 19.7651 2.2858 0.6667 0.3889 0 0 1 0.999756 -0.0220914 -0 0.105875 -0.994379 -0
23.6799 32.9267 2.2858 0.6906 0.3265 -0 0 1 0.999938 0.0111784 0 0.139527 -0.990218 0
16.3855 19.7651 2.2858 0.6667 0.3889 0 0 1 0.999938 0.0111784 0 0.139527 -0.990218 0
105.383 67.3368 2.2858 0.9167 0.1667 -0 0 1 0.999938 0.0111784 0 0.139527 -0.990218 0
23.6799 55.5741 2.2858 0.6967 0.221 0 0 1 0.999999 0.00130046 0 0.100972 -0.994889 0
23.6799 32.9267 2.2858 0.6906 0.3265 -0 0 1 0.999999 0.00130046 0 0.100972 -0.994889 0
105.383 67.3368 2.2858 0.9167 0.1667 -0 0 1 0.999999 0.00130046 0 0.100972 -0.994889 0
12.5728 55.5741 2.2858 0.6667 0.2216 0 0 1 0.999919 -0.0127356 -0 -0.0212777 -0.999774 -0
23.6799 55.5741 2.2858 0.6967 0.221 0 0 1 0.999919 -0.0127356 -0 -0.0212777 -0.999774 -0
105.383 67.3368 2.2858 0.9167 0.1667 -0 0 1 0.999919 -0.0127356 -0 -0.0212777 -0.999774 -0
11.3203 67.3368 2.2858 0.6667 0.1667 0 0 1 1 0 -0 0.105877 -0.994379 -0
12.5728 55.5741 2.2858 0.6667 0.2216 0 0 1 1 0 -0 0.105877 -0.994379 -0
105.383 67.3368 2.2858 0.9167 0.1667 -0 0 1 1 0 -0 0.105877 -0.994379 -0
16.3855 19.7651 4.2858 0.6667 0.3889 1 0 0 0 0 1 0 0 -0
16.3855 -34.3962 4.2858 0.6667 0.6111 1 0 0 0 0 1 0 0 -0
16.3855 -34.3962 2.2858 0.6667 0.6111 1 0 0 0 0 1 0 0 -0
16.3855 19.7651 2.2858 0.6667 0.3889 1 0 0 0 0 1 0 0 0
16.3855 -34.3962 4.2858 0.6667 0.6111 0.1324 -0.9912 0 0 0 0 0 0 1
-50.0361 -41.4613 4.2858 0.5 0.6111 0.1324 -0.9912 0 0 0 0 0 0 1
-50.0361 -41.4613 2.2858 0.5 0.6111 0.1324 -0.9912 0 0 0 0 0 0 1
16.3855 -34.3962 2.2858 0.6667 0.6111 0.1324 -0.9912 0 0 0 0 0 0 1
-50.3086 -71.3844 2.2858 0.4583 0.8333 -0 0 1 0.992611 0.121337 -0 0.34225 -0.939609 -0
-50.2644 -66.5429 2.2858 0.4651 0.7974 -0 0 1 0.992611 0.121337 -0 0.34225 -0.939609 -0
-80.5698 -66.5429 2.2858 0.3511 0.7699 -0 0 1 0.992611 0.121337 -0 0.34225 -0.939609 -0
-85.2856 -68.0807 2.2858 0.3333 0.7778 -0 0 1 0.993992 0.109456 0 0.130779 -0.991411 -0
-50.3086 -71.3844 2.2858 0.4583 0.8333 -0 0 1 0.993992 0.109456 0 0.130779 -0.991411 -0
-80.5698 -66.5429 2.2858 0.3511 0.7699 -0 0 1 0.993992 0.109456 0 0.130779 -0.991411 -0
-85.2856 -68.0807 2.2858 0.3333 0.7778 -0 0 1 0.993715 0.111943 -0 0.0523888 -0.998627 -0
-80.5698 -66.5429 2.2858 0.3511 0.7699 -0 0 1 0.993715 0.111943 -0 0.0523888 -0.998627 -0
-80.5698 -48.565 2.2858 0.3546 0.6288 -0 0 1 0.993715 0.111943 -0 0.0523888 -0.998627 -0
-85.2856 -47.0281 2.2858 0.3333 0.6111 -0 0 1 0.989209 0.146509 -0 -0 -1 -0
-85.2856 -68.0807 2.2858 0.3333 0.7778 -0 0 1 0.989209 0.146509 -0 -0 -1 -0
-80.5698 -48.565 2.2858 0.3546 0.6288 -0 0 1 0.989209 0.146509 -0 -0 -1 -0
-85.2856 -47.0281 2.2858 0.3333 0.6111 -0 0 1 0.989745 0.142844 -0 -0.0479473 -0.99885 -0
-80.5698 -48.565 2.2858 0.3546 0.6288 -0 0 1 0.989745 0.142844 -0 -0.0479473 -0.99885 -0
-50.1008 -48.565 2.2858 0.4901 0.6639 -0 0 1 0.989745 0.142844 -0 -0.0479473 -0.99885 -0
-85.2856 -47.0281 2.2858 0.3333 0.6111 -0 0 1 0.987758 0.155992 -0 0.28693 -0.957952 -0
-50.1008 -48.565 2.2858 0.4901 0.6639 -0 0 1 0.987758 0.155992 -0 0.28693 -0.957952 -0
-50.0361 -41.4613 2.2858 0.5 0.6111 -0 0 1 0.987758 0.155992 -0 0.28693 -0.957952 -0
1.29443 -66.5429 2.2858 1 0.7286 0 -1 0 1 0 0 0 0 1
1.29443 -66.5429 4.9995 1 1 0 -1 0 1 0 0 0 0 1
-80.5698 -66.5429 4.9995 0 1 0 -1 0 1 0 0 0 0 1
-50.2644 -66.5429 2.2858 0.3702 0.7286 0 -1 0 1 0 0 0.000427429 0 1
1.29443 -66.5429 2.2858 1 0.7286 0 -1 0 1 0 0 0.000427429 0 1
-80.5698 -66.5429 4.9995 0 1 0 -1 0 1 0 0 0.000427429 0 1
-80.5698 -66.5429 2.2858 0 0.7286 0 -1 0 1 0 0 0 0 1
-50.2644 -66.5429 2.2858 0.3702 0.7286 0 -1 0 1 0 0 0 0 1
1.29443 -66.5429 2.2858 0 0.7286 1 0 0 0 1 0 0 0 1
1.29443 -48.565 2.2858 1 0.7286 1 0 0 0 1 0 0 0 1
1.29443 -48.565 4.9995 1 1 1 0 0 0 1 0 0 0 1
1.29443 -66.5429 4.9995 0 1 1 0 0 -0 1 0 0 0 1
-80.5698 -48.565 2.2858 1 0.7286 0 1 -0 -1 0 0 0 0 1
-80.5698 -48.565 4.9995 1 1 0 1 -0 -1 0 0 0 0 1
1.29443 -48.565 4.9995 0 1 0 1 -0 -1 0 0 0 0 1
-50.1008 -48.565 2.2858 0.6278 0.7286 0 1 -0 -1 0 0 0.000876213 0 1
-80.5698 -48.565 2.2858 1 0.7286 0 1 -0 -1 0 0 0.000876213 0 1
1.29443 -48.565 4.9995 0 1 0 1 -0 -1 0 0 0.000876213 0 1
1.29443 -48.565 2.2858 0 0.7286 0 1 -0 -1 0 0 0 0 1
-50.1008 -48.565 2.2858 0.6278 0.7286 0 1 -0 -1 0 0 0 0 1
-85.2856 -68.0807 4.2858 0.3333 0.7778 0.1178 0.993 -0 0 0 1 0 0 -1
-50.3086 -71.3844 4.2858 0.4583 0.8333 0.1178 0.993 -0 0 0 1 0 0 -1
-50.3086 -71.3844 2.2858 0.4583 0.8333 0.1178 0.993 -0 0 0 1 0 0 -1
-85.2856 -68.0807 2.2858 0.3333 0.7778 0.1178 0.993 -0 0 0 1 0 0 -1
110.448 105.141 -3.7142 0.9167 0 0 1 -0 0 0 0 0 0 -1
11.3203 105.141 -3.7142 0.6667 0 0 1 -0 0 0 0 0 0 -1
-90.3506 -43.7151 2.2858 0.3333 0.6111 -0.1945 0.9809 -0 0 0 0 0 0 -1
-50.8647 -37.4792 4.2858 0.5 0.6111 -0.1324 0.9912 -0 0 0 0 0 0 -1
11.3203 -30.8648 4.2858 0.6667 0.6111 -0.1324 0.9912 -0 0 0 0 0 0 -1
-105.383 30.3326 -3.7142 0.3333 0.3889 0 -0 -1 0.814821 0.579712 -0 0 0 0
-110.448 26.7291 -3.7142 0.3333 0.3889 0 -0 -1 0.814821 0.579712 -0 0 0 0
-110.448 59.4042 -3.7142 0.3333 0.1667 0 -0 -1 0.814821 0.579712 -0 0 0 0
-110.448 59.4042 -3.7142 0.3333 0.1667 -0 -0 -1 0.826559 -0.562851 0 0 0 0
-105.383 55.9552 -3.7142 0.3333 0.1667 -0 -0 -1 0.826559 -0.562851 0 0 0 0
-105.383 30.3326 -3.7142 0.3333 0.3889 -0 -0 -1 0.826559 -0.562851 0 0 0 0
-110.448 26.7291 -3.7142 0.3333 0.3889 -0.1124 -0.9937 0 0 0 0 0 0 1
-110.448 26.7291 -1.7142 0.3333 0.3889 -0.1124 -0.9937 0 0 0 0 0 0 1
11.3203 16.1339 2.2858 0.6667 0.3889 -0.1049 -0.9945 0 0 0 0 0 0 1
-50.8647 21.3583 2.2858 0.5 0.3889 -0.1087 -0.9941 0 0 0 0 0 0 1
11.3203 -30.8648 4.2858 0.6667 0.6111 -1 0 0 0 0 -1 0 0 -0
11.3203 16.1339 4.2858 0.6667 0.3889 -1 0 0 0 0 -1 0 0 -0
-105.383 55.9552 -3.7142 0.3333 0.1667 0 -0 -1 -0 0 0 0.826559 -0.562851 0
-110.448 59.4042 -3.7142 0.3333 0.1667 0 -0 -1 -0 0 0 0.826559 -0.562851 0
-50.8647 66.8739 -3.7142 0.5 0.1667 0 -0 -1 -0 0 0 0.826559 -0.562851 0
-50.8647 66.8739 -3.7142 0.5 0.1667 0 -0 -1 0 0 0 0.82656 -0.562849 0
-45.7998 63.4249 -3.7142 0.5 0.1667 0 -0 -1 0 0 0 0.82656 -0.562849 0
-105.383 55.9552 -3.7142 0.3333 0.1667 0 -0 -1 0 0 0 0.82656 -0.562849 0
-45.7998 101.106 -3.7142 0.5 0 0 -0 -1 0.82656 -0.562849 0 -0 0 0
-45.7998 63.4249 -3.7142 0.5 0.1667 0 -0 -1 0.82656 -0.562849 0 -0 0 0
-50.8647 66.8739 -3.7142 0.5 0.1667 0 -0 -1 0.82656 -0.562849 0 -0 0 0
-50.8647 66.8739 -3.7142 0.5 0.1667 0 -0 -1 0.782189 -0.623042 0 0 0 0
-50.8647 105.141 -3.7142 0.5 0 0 -0 -1 0.782189 -0.623042 0 0 0 0
-45.7998 101.106 -3.7142 0.5 0 0 -0 -1 0.782189 -0.623042 0 0 0 0
-45.7998 101.106 -3.7142 0.5 0 0 -0 -1 -0 0 0 0.782189 -0.623042 0
-50.8647 105.141 -3.7142 0.5 0 0 -0 -1 -0 0 0 0.782189 -0.623042 0
11.3203 105.141 -3.7142 0.6667 0 0 -0 -1 -0 0 0 0.782189 -0.623042 0
-45.7998 101.106 -3.7142 0.5 0 0 -0 -1 0 0 0 0 -1 0
-35.7302 93.4672 -5.0005 0 0.1428 -1 0 0 0 -1 0 0 -0 1
-35.7302 93.4672 -7 0 0 -1 0 0 0 -1 0 0 -0 1
-35.7302 78.5313 -7 1 0 -1 0 0 0 -1 0 0 -0 1
-35.7302 78.5313 -5.0005 1 0.1428 -1 0 0 0 -1 0 0 0 1
42.8477 93.4672 -5.0005 0 0.1428 0 1 -0 -1 0 0 -0 0 1
42.8477 93.4672 -7 0 0 0 1 -0 -1 0 0 -0 0 1
-35.7302 93.4672 -7 1 0 0 1 -0 -1 0 0 -0 0 1
-35.7302 93.4672 -5.0005 1 0.1428 0 1 -0 -1 0 0 0 0 1
42.8477 78.5313 -5.0005 0 0.1428 1 0 0 0 1 0 0 0 1
42.8477 78.5313 -7 0 0 1 0 0 0 1 0 0 0 1
42.8477 93.4672 -7 1 0 1 0 0 0 1 0 0 0 1
42.8477 93.4672 -5.0005 1 0.1428 1 0 0 0 1 0 0 0 1
-35.7302 78.5313 -5.0005 0 0.1428 0 -1 0 1 0 0 0 0 1
-35.7302 78.5313 -7 0 0 0 -1 0 1 0 0 0 0 1
42.8477 78.5313 -7 1 0 0 -1 0 1 0 0 0 0 1
42.8477 78.5313 -5.0005 1 0.1428 0 -1 0 1 0 0 0 0 1
-94.0669 50.7714 -7 0 0 0 -0 -1 1 0 0 0 -1 0
16.9307 50.7714 -7 1 0 0 -0 -1 1 0 0 0 -1 0
16.9307 38.5568 -7 1 1 0 -0 -1 1 0 0 0 -1 0
-94.0669 38.5568 -7 0 1 0 -0 -1 1 -0 -0 0 -1 0
-90.3506 -71.665 4.2858 0.3333 0.7778 -1 0 0 0 0 -1 0 0 -0
-90.3506 -43.7151 4.2858 0.3333 0.6111 -1 0 0 0 0 -1 0 0 -0
-85.2856 -68.0807 4.2858 0.3333 0.7778 -0 0 1 -0.81628 -0.577656 0 0.81628 0.577656 0
-90.3506 -71.665 4.2858 0.3333 0.7778 -0 0 1 -0.81628 -0.577656 0 0.81628 0.577656 0
-50.8213 -75.3986 4.2858 0.4583 0.8333 -0 0 1 -0.81628 -0.577656 0 0.81628 0.577656 0
-50.8213 -75.3986 4.2858 0.4583 0.8333 -0 0 1 -0.126691 -0.991942 -0 0.126691 0.991942 0
-50.3086 -71.3844 4.2858 0.4583 0.8333 -0 0 1 -0.126691 -0.991942 -0 0.126691 0.991942 0
-85.2856 -68.0807 4.2858 0.3333 0.7778 -0 0 1 -0.126691 -0.991942 -0 0.126691 0.991942 0
-50.8647 105.141 2.2858 0.5 0 0 1 -0 0 0 0 0 0 -1
-50.8647 105.141 -1.7142 0.5 0 0 1 -0 0 0 0 0 0 -1
11.3203 105.141 4.2858 0.6667 0 0 1 -0 0 0 0 0 0 -1
110.448 105.141 4.2858 0.9167 0 0 1 -0 0 0 0 0 0 -1
110.448 105.141 4.2858 0.9167 0 0.7071 -0.7071 0 0 0 0 0 0 -0
105.383 101.106 4.2858 0.9167 0 0.7071 -0.7071 0 0 0 0 0 0 -0
105.383 101.106 2.2858 0.9167 0 0.7071 -0.7071 0 0 0 0 0 0 -0
110.448 105.141 2.2858 0.9167 0 0.7071 -0.7071 0 0 0 0 0 0 0
11.3203 73.4385 2.2858 0.6667 0.1366 0 0 1 1 -0 -0 -0 -1 -0
11.3203 67.3368 2.2858 0.6667 0.1667 0 0 1 1 -0 -0 -0 -1 -0
105.383 67.3368 2.2858 0.9167 0.1667 -0 0 1 1 -0 -0 -0 -1 -0
48.175 73.4385 2.2858 0.7646 0.1366 -0 0 1 1 -0 -0 -0.00830705 -0.999966 0
11.3203 73.4385 2.2858 0.6667 0.1366 0 0 1 1 -0 -0 -0.00830705 -0.999966 0
105.383 67.3368 2.2858 0.9167 0.1667 -0 0 1 1 -0 -0 -0.00830705 -0.999966 0
48.175 73.4385 2.2858 0.7646 0.1366 -0 0 1 1 -7.30516e-005 0 -0 -1 -0
105.383 67.3368 2.2858 0.9167 0.1667 -0 0 1 1 -7.30516e-005 0 -0 -1 -0
105.383 101.106 2.2858 0.9167 0 -0 0 1 1 -7.30516e-005 0 -0 -1 -0
48.175 98.1873 2.2858 0.7646 0.0144 -0 0 1 1 4.38842e-005 0 -0 -1 -0
48.175 73.4385 2.2858 0.7646 0.1366 -0 0 1 1 4.38842e-005 0 -0 -1 -0
105.383 101.106 2.2858 0.9167 0 -0 0 1 1 4.38842e-005 0 -0 -1 -0
11.3203 98.1873 2.2858 0.6667 0.0144 0 0 1 1 0 0 0.0173615 -0.999849 -0
48.175 98.1873 2.2858 0.7646 0.0144 -0 0 1 1 0 0 0.0173615 -0.999849 -0
105.383 101.106 2.2858 0.9167 0 -0 0 1 1 0 0 0.0173615 -0.999849 -0
11.3203 101.106 2.2858 0.6667 0 -0 0 1 1 0 -0 -0 -1 -0
11.3203 98.1873 2.2858 0.6667 0.0144 0 0 1 1 0 -0 -0 -1 -0
105.383 101.106 2.2858 0.9167 0 -0 0 1 1 0 -0 -0 -1 -0
-50.3142 25.3688 2.2858 0.5 0.3889 0 0 1 0.996489 -0.0837189 0 0.105875 -0.994379 -0
16.3855 19.7651 2.2858 0.6667 0.3889 0 0 1 0.996489 -0.0837189 0 0.105875 -0.994379 -0
14.9841 32.9267 2.2858 0.6667 0.3274 0 0 1 0.996489 -0.0837189 0 0.105875 -0.994379 -0
14.9841 32.9267 2.2858 0.6667 0.3274 0 0 1 0.998918 -0.0465087 -0 -0.11779 -0.993038 -0
-49.4177 32.9267 2.2858 0.5 0.3448 0 0 1 0.998918 -0.0465087 -0 -0.11779 -0.993038 -0
-50.3142 25.3688 2.2858 0.5 0.3889 0 0 1 0.998918 -0.0465087 -0 -0.11779 -0.993038 -0
23.6799 32.9267 2.2858 1 0.7286 0 -1 0 1 0 0 0 0 1
23.6799 32.9267 4.9995 1 1 0 -1 0 1 0 0 0 0 1
-100.983 32.9267 4.9995 0 1 0 -1 0 1 0 0 0 0 1
-49.4177 32.9267 2.2858 0.4136 0.7286 0 -1 0 0 0 0 -1 0 0
14.9841 32.9267 2.2858 0.9302 0.7286 0 -1 0 0 0 0 -1 0 0
23.6799 32.9267 2.2858 1 0.7286 0 -1 0 0 0 0 -1 0 0
-49.4177 32.9267 2.2858 0.4136 0.7286 0 -1 0 1 0 0 -0.00291378 0 0.999996
23.6799 32.9267 2.2858 1 0.7286 0 -1 0 1 0 0 -0.00291378 0 0.999996
-100.983 32.9267 4.9995 0 1 0 -1 0 1 0 0 -0.00291378 0 0.999996
-100.983 32.9267 2.2858 0 0.7286 0 -1 0 1 0 0 0 0 1
-49.4177 32.9267 2.2858 0.4136 0.7286 0 -1 0 1 0 0 0 0 1
23.6799 32.9267 2.2858 0 0.7286 1 0 0 0 1 0 0 0 1
23.6799 55.5741 2.2858 1 0.7286 1 0 0 0 1 0 0 0 1
23.6799 55.5741 4.9995 1 1 1 0 0 0 1 0 0 0 1
23.6799 32.9267 4.9995 0 1 1 0 0 -0 1 0 0 0 1
-100.983 55.5741 2.2858 1 0.7286 0 1 -0 -1 0 0 0 0 1
-100.983 55.5741 4.9995 1 1 0 1 -0 -1 0 0 0 0 1
23.6799 55.5741 4.9995 0 1 0 1 -0 -1 0 0 0 0 1
-46.731 55.5741 2.2858 0.5648 0.7286 0 1 -0 -1 0 0 0.00111114 0 0.999999
-100.983 55.5741 2.2858 1 0.7286 0 1 -0 -1 0 0 0.00111114 0 0.999999
23.6799 55.5741 4.9995 0 1 0 1 -0 -1 0 0 0.00111114 0 0.999999
12.5728 55.5741 2.2858 0.0891 0.7286 0 1 -0 -1 0 0 -0.000213872 0 1
-46.731 55.5741 2.2858 0.5648 0.7286 0 1 -0 -1 0 0 -0.000213872 0 1
23.6799 55.5741 4.9995 0 1 0 1 -0 -1 0 0 -0.000213872 0 1
23.6799 55.5741 2.2858 0 0.7286 0 1 -0 -1 0 0 0 0 1
12.5728 55.5741 2.2858 0.0891 0.7286 0 1 -0 -1 0 0 0 0 1
-45.7998 63.4249 2.2858 0.5 0.1667 -0 0 1 0.999656 0.0262122 -0 -0.11778 -0.99304 -0
-46.731 55.5741 2.2858 0.5 0.2125 -0 0 1 0.999656 0.0262122 -0 -0.11778 -0.99304 -0
12.5728 55.5741 2.2858 0.6667 0.2216 0 0 1 0.999656 0.0262122 -0 -0.11778 -0.99304 -0
12.5728 55.5741 2.2858 0.6667 0.2216 0 0 1 0.997663 0.0683254 -0 0.105877 -0.994379 -0
11.3203 67.3368 2.2858 0.6667 0.1667 0 0 1 0.997663 0.0683254 -0 0.105877 -0.994379 -0
-45.7998 63.4249 2.2858 0.5 0.1667 -0 0 1 0.997663 0.0683254 -0 0.105877 -0.994379 -0
-50.3142 25.3688 4.2858 0.5 0.3889 0.1049 0.9945 -0 0 0 0 0 0 -1
16.3855 19.7651 4.2858 0.6667 0.3889 0.1049 0.9945 -0 0 0 0 0 0 -1
16.3855 19.7651 2.2858 0.6667 0.3889 0.1049 0.9945 -0 0 0 0 0 0 -1
-50.3142 25.3688 2.2858 0.5 0.3889 0.1049 0.9945 -0 0 0 0 0 0 -1
16.3855 -34.3962 4.2858 0.6667 0.6111 0 0 1 -0.812729 -0.582641 0 -0 0 0
16.3855 19.7651 4.2858 0.6667 0.3889 0 0 1 -0.812729 -0.582641 0 -0 0 0
11.3203 16.1339 4.2858 0.6667 0.3889 0 0 1 -0.812729 -0.582641 0 -0 0 0
11.3203 16.1339 4.2858 0.6667 0.3889 0 0 1 -0.820313 0.571915 0 0 0 0
11.3203 -30.8648 4.2858 0.6667 0.6111 0 0 1 -0.820313 0.571915 0 0 0 0
16.3855 -34.3962 4.2858 0.6667 0.6111 0 0 1 -0.820313 0.571915 0 0 0 0
-85.2856 -47.0281 4.2858 0.3333 0.6111 0.1945 -0.9809 0 0 0 0 0 0 1
-85.2856 -47.0281 2.2858 0.3333 0.6111 0.1945 -0.9809 0 0 0 0 0 0 1
-50.0361 -41.4613 4.2858 0.5 0.6111 -0 0 1 0 0 0 -0.820313 0.571915 0
16.3855 -34.3962 4.2858 0.6667 0.6111 -0 0 1 0 0 0 -0.820313 0.571915 0
11.3203 -30.8648 4.2858 0.6667 0.6111 -0 0 1 0 0 0 -0.820313 0.571915 0
11.3203 -30.8648 4.2858 0.6667 0.6111 -0 0 1 0 0 0 -0.203721 0.979029 0
-50.8647 -37.4792 4.2858 0.5 0.6111 -0 0 1 0 0 0 -0.203721 0.979029 0
-50.0361 -41.4613 4.2858 0.5 0.6111 -0 0 1 0 0 0 -0.203721 0.979029 0
-80.5698 -48.565 2.2858 0 0.7286 -1 0 0 0 -1 0 0 0 1
-80.5698 -66.5429 2.2858 1 0.7286 -1 0 0 0 -1 0 0 0 1
-80.5698 -66.5429 4.9995 1 1 -1 0 0 0 -1 0 0 0 1
-80.5698 -48.565 4.9995 0 1 -1 0 0 -0 -1 0 0 0 1
-85.2856 -47.0281 4.2858 0.3333 0.6111 1 0 0 0 0 1 0 0 -0
-85.2856 -68.0807 4.2858 0.3333 0.7778 1 0 0 0 0 1 0 0 -0
-85.2856 -68.0807 2.2858 0.3333 0.7778 1 0 0 0 0 1 0 0 -0
-85.2856 -47.0281 2.2858 0.3333 0.6111 1 0 0 0 0 1 0 0 0
-80.5698 -66.5429 4.9995 1 1 0 0 1 -1 0.000272352 0 0 -1 0
-72.8538 -61.0749 4.9995 0.9057 0.6958 0 0 1 -1 0.000272352 0 0 -1 0
-72.8538 -53.4164 4.9995 0.9057 0.2699 0 0 1 -1 0.000272352 0 0 -1 0
-80.5698 -48.565 4.9995 1 0 0 0 1 -1 -0.00010827 0 0 -1 0
-80.5698 -66.5429 4.9995 1 1 0 0 1 -1 -0.00010827 0 0 -1 0
-72.8538 -53.4164 4.9995 0.9057 0.2699 0 0 1 -1 -0.00010827 0 0 -1 0
-80.5698 -48.565 4.9995 1 0 0 0 1 -1 0 0 -0.0009457 -1 0
-72.8538 -53.4164 4.9995 0.9057 0.2699 0 0 1 -1 0 0 -0.0009457 -1 0
-6.20068 -53.4164 4.9995 0.0916 0.2699 0 0 1 -1 0 0 -0.0009457 -1 0
1.29443 -48.565 4.9995 0 0 0 0 1 -1 0 0 0.000752104 -1 0
-80.5698 -48.565 4.9995 1 0 0 0 1 -1 0 0 0.000752104 -1 0
-6.20068 -53.4164 4.9995 0.0916 0.2699 0 0 1 -1 0 0 0.000752104 -1 0
1.29443 -48.565 4.9995 0 0 0 0 1 -1 0.000256256 0 0 -1 0
-6.20068 -53.4164 4.9995 0.0916 0.2699 0 0 1 -1 0.000256256 0 0 -1 0
-6.20068 -61.0749 4.9995 0.0916 0.6958 0 0 1 -1 0.000256256 0 0 -1 0
1.29443 -66.5429 4.9995 0 1 0 0 1 -1 -0.000117124 0 -0 -1 0
1.29443 -48.565 4.9995 0 0 0 0 1 -1 -0.000117124 0 -0 -1 0
-6.20068 -61.0749 4.9995 0.0916 0.6958 0 0 1 -1 -0.000117124 0 -0 -1 0
1.29443 -66.5429 4.9995 0 1 0 0 1 -1 0 0 -0.000819241 -1 0
-6.20068 -61.0749 4.9995 0.0916 0.6958 0 0 1 -1 0 0 -0.000819241 -1 0
-72.8538 -61.0749 4.9995 0.9057 0.6958 0 0 1 -1 0 0 -0.000819241 -1 0
1.29443 -66.5429 4.9995 0 1 0 0 1 -1 0 0 0.000682292 -1 0
-72.8538 -61.0749 4.9995 0.9057 0.6958 0 0 1 -1 0 0 0.000682292 -1 0
-80.5698 -66.5429 4.9995 1 1 0 0 1 -1 0 0 0.000682292 -1 0
-50.8647 105.141 -3.7142 0.5 0 0 1 -0 0 0 0 0 0 -1
-90.3506 -43.7151 4.2858 0.3333 0.6111 -0.1945 0.9809 -0 0 0 0 0 0 -1
-110.448 59.4042 -3.7142 0.3333 0.1667 -1 0 0 0 0 -1 0 0 0
-110.448 26.7291 -3.7142 0.3333 0.3889 -1 0 0 0 0 -1 0 0 0
-110.448 26.7291 -1.7142 0.3333 0.3889 -1 0 0 0 0 -1 0 0 0
-110.448 59.4042 -1.7142 0.3333 0.1667 -1 0 0 0 0 -1 0 0 -0
-110.448 26.7291 2.2858 0.3333 0.3889 -0.1124 -0.9937 0 0 0 0 0 0 1
11.3203 16.1339 4.2858 0.6667 0.3889 -0.1049 -0.9945 0 0 0 0 0 0 1
-50.8647 21.3583 4.2858 0.5 0.3889 -0.1049 -0.9945 0 0 0 0 0 0 1
-50.8647 66.8739 -3.7142 0.5 0.1667 -0.1555 0.9878 -0 0 0 0 0 0 -1
-110.448 59.4042 -3.7142 0.3333 0.1667 -0.1555 0.9878 -0 0 0 0 0 0 -1
-110.448 59.4042 -1.7142 0.3333 0.1667 -0.1555 0.9878 -0 0 0 0 0 0 -1
-50.8647 66.8739 -1.7142 0.5 0.1667 -0.1555 0.9878 -0 0 0 0 0 0 -1
-50.8647 105.141 -3.7142 0.5 0 -1 -0 -0 0 0 -1 0 0 0
-50.8647 66.8739 -3.7142 0.5 0.1667 -1 -0 -0 0 0 -1 0 0 0
-50.8647 66.8739 -1.7142 0.5 0.1667 -1 -0 -0 0 0 -1 0 0 0
-50.8647 105.141 -1.7142 0.5 0 -1 -0 -0 0 0 -1 0 0 -0
-35.7302 93.4672 -7 0 0 0 -0 -1 1 0 0 0 -1 0
42.8477 93.4672 -7 1 0 0 -0 -1 1 0 0 0 -1 0
42.8477 78.5313 -7 1 1 0 -0 -1 1 0 0 0 -1 0
-35.7302 78.5313 -7 0 1 0 -0 -1 1 -0 -0 0 -1 0
-85.2856 -68.0807 4.2858 0.3333 0.7778 0 0 1 -0.836871 0.547401 0 -0 0 0
-85.2856 -47.0281 4.2858 0.3333 0.6111 0 0 1 -0.836871 0.547401 0 -0 0 0
-90.3506 -43.7151 4.2858 0.3333 0.6111 0 0 1 -0.836871 0.547401 0 -0 0 0
-90.3506 -43.7151 4.2858 0.3333 0.6111 -0 0 1 -0.81628 -0.577656 0 0 0 0
-90.3506 -71.665 4.2858 0.3333 0.7778 -0 0 1 -0.81628 -0.577656 0 0 0 0
-85.2856 -68.0807 4.2858 0.3333 0.7778 -0 0 1 -0.81628 -0.577656 0 0 0 0
-50.8647 66.8739 2.2858 0.5 0.1667 -1 -0 -0 0 0 -1 0 0 -0
-50.8647 105.141 2.2858 0.5 0 -1 0 0 0 0 -1 0 0 -0
-50.8647 105.141 4.2858 0.5 0 0 1 -0 0 0 0 0 0 -1
105.383 101.106 4.2858 0.9167 0 0 0 1 0 0 0 0.782189 0.623042 0
110.448 105.141 4.2858 0.9167 0 0 0 1 0 0 0 0.782189 0.623042 0
11.3203 105.141 4.2858 0.6667 0 0 0 1 0 0 0 0.782189 0.623042 0
11.3203 105.141 4.2858 0.6667 0 0 0 1 0 0 0 0 1 0
11.3203 101.106 4.2858 0.6667 0 0 0 1 0 0 0 0 1 0
105.383 101.106 4.2858 0.9167 0 0 0 1 0 0 0 0 1 0
105.383 101.106 4.2858 0.9167 0 -0 -1 0 0 0 0 0 0 1
11.3203 101.106 4.2858 0.6667 0 -0 -1 0 0 0 0 0 0 1
11.3203 101.106 2.2858 0.6667 0 -0 -1 0 0 0 0 0 0 1
105.383 101.106 2.2858 0.9167 0 -0 -1 0 0 0 0 0 0 1
11.3203 67.3368 2.2858 0.6667 0.1667 0 0 1 0.998678 0.0514063 -0 -0 -1 -0
11.3203 73.4385 2.2858 0.6667 0.1366 0 0 1 0.998678 0.0514063 -0 -0 -1 -0
-41.0574 73.4385 2.2858 0.5138 0.1233 0 0 1 0.998678 0.0514063 -0 -0 -1 -0
-45.7998 63.4249 2.2858 0.5 0.1667 -0 0 1 0.997663 0.0683254 0 -0.00142642 -0.999999 -0
11.3203 67.3368 2.2858 0.6667 0.1667 0 0 1 0.997663 0.0683254 0 -0.00142642 -0.999999 -0
-41.0574 73.4385 2.2858 0.5138 0.1233 0 0 1 0.997663 0.0683254 0 -0.00142642 -0.999999 -0
-45.7998 63.4249 2.2858 0.5 0.1667 -0 0 1 0.998524 0.0543132 -0 -0 -1 -0
-41.0574 73.4385 2.2858 0.5138 0.1233 0 0 1 0.998524 0.0543132 -0 -0 -1 -0
-41.0574 98.1873 2.2858 0.5138 0.0132 -0 0 1 0.998524 0.0543132 -0 -0 -1 -0
-45.7998 101.106 2.2858 0.5 0 -0 0 1 0.999906 0.0136751 -0 -0 -1 -0
-45.7998 63.4249 2.2858 0.5 0.1667 -0 0 1 0.999906 0.0136751 -0 -0 -1 -0
-41.0574 98.1873 2.2858 0.5138 0.0132 -0 0 1 0.999906 0.0136751 -0 -0 -1 -0
-45.7998 101.106 2.2858 0.5 0 -0 0 1 0.999987 0.00510825 -0 0.00516256 -0.999987 -0
-41.0574 98.1873 2.2858 0.5138 0.0132 -0 0 1 0.999987 0.00510825 -0 0.00516256 -0.999987 -0
11.3203 98.1873 2.2858 0.6667 0.0144 0 0 1 0.999987 0.00510825 -0 0.00516256 -0.999987 -0
-45.7998 101.106 2.2858 0.5 0 -0 0 1 1 0 -0 -0 -1 -0
11.3203 73.4385 2.2858 0.587 0.7286 0 -1 0 1 0 0 0 0 1
48.175 73.4385 2.2858 1 0.7286 0 -1 0 1 0 0 0 0 1
48.175 73.4385 4.9995 1 1 0 -0.7071 0.7071 1 0 0 0 0 1
-41.0574 73.4385 2.2858 0 0.7286 0 -1 0 1 0 0 0.00109679 0 0.999999
11.3203 73.4385 2.2858 0.587 0.7286 0 -1 0 1 0 0 0.00109679 0 0.999999
48.175 73.4385 4.9995 1 1 0 -0.7071 0.7071 1 0 0 0.00109679 0 0.999999
-41.0574 73.4385 2.2858 0 0.7286 0 -1 0 1 0 0 0 0 1
-41.0574 73.4385 4.9995 0 1 0 -0.7071 0.7071 1 0 0 0 0 1
48.175 73.4385 2.2858 0 0.7286 1 0 0 0 1 0 0 0 1
48.175 98.1873 2.2858 1 0.7286 1 0 0 0 1 0 0 0 1
48.175 98.1873 4.9995 1 1 1 0 0 0 1 0 0 0 1
48.175 73.4385 4.9995 0 1 1 0 0 -0 1 0 0 0 1
11.3203 98.1873 2.2858 0.413 0.7286 0 1 -0 -1 0 0 0 0 1
-41.0574 98.1873 2.2858 1 0.7286 0 1 -0 -1 0 0 0 0 1
-41.0574 98.1873 4.9995 1 1 0 1 -0 -1 0 0 0 0 1
48.175 98.1873 2.2858 0 0.7286 0 1 -0 -1 0 0 0.00155888 0 0.999999
11.3203 98.1873 2.2858 0.413 0.7286 0 1 -0 -1 0 0 0.00155888 0 0.999999
-41.0574 98.1873 4.9995 1 1 0 1 -0 -1 0 0 0.00155888 0 0.999999
48.175 98.1873 2.2858 0 0.7286 0 1 -0 -1 0 0 0 0 1
48.175 98.1873 4.9995 0 1 0 1 -0 -1 0 0 0 0 1
-50.3142 25.3688 2.2858 0.5 0.3889 0 0 1 0.997741 -0.0671856 -0 -0.11779 -0.993039 -0
-49.4177 32.9267 2.2858 0.5 0.3448 0 0 1 0.997741 -0.0671856 -0 -0.11779 -0.993039 -0
-100.983 32.9267 2.2858 0.3464 0.3649 0 0 1 0.997741 -0.0671856 -0 -0.11779 -0.993039 -0
-105.383 30.3326 2.2858 0.3333 0.3889 0 0 1 0.995962 -0.0897742 0 -0.0243215 -0.999704 -0
-50.3142 25.3688 2.2858 0.5 0.3889 0 0 1 0.995962 -0.0897742 0 -0.0243215 -0.999704 -0
-100.983 32.9267 2.2858 0.3464 0.3649 0 0 1 0.995962 -0.0897742 0 -0.0243215 -0.999704 -0
-105.383 30.3326 2.2858 0.3333 0.3889 0 0 1 0.998369 -0.0570964 -0 -0.0103181 -0.999947 -0
-100.983 32.9267 2.2858 0.3464 0.3649 0 0 1 0.998369 -0.0570964 -0 -0.0103181 -0.999947 -0
-100.983 55.5741 2.2858 0.3457 0.1739 -0 0 1 0.998369 -0.0570964 -0 -0.0103181 -0.999947 -0
-105.383 55.9552 2.2858 0.3333 0.1667 -0 0 1 0.99483 0.101552 -0 -0 -1 -0
-105.383 30.3326 2.2858 0.3333 0.3889 0 0 1 0.99483 0.101552 -0 -0 -1 -0
-100.983 55.5741 2.2858 0.3457 0.1739 -0 0 1 0.99483 0.101552 -0 -0 -1 -0
-105.383 55.9552 2.2858 0.3333 0.1667 -0 0 1 0.997788 0.0664838 -0 0.105164 -0.994455 -0
-100.983 55.5741 2.2858 0.3457 0.1739 -0 0 1 0.997788 0.0664838 -0 0.105164 -0.994455 -0
-46.731 55.5741 2.2858 0.5 0.2125 -0 0 1 0.997788 0.0664838 -0 0.105164 -0.994455 -0
-105.383 55.9552 2.2858 0.3333 0.1667 -0 0 1 0.992233 0.124392 -0 -0.11778 -0.99304 -0
-46.731 55.5741 2.2858 0.5 0.2125 -0 0 1 0.992233 0.124392 -0 -0.11778 -0.99304 -0
-45.7998 63.4249 2.2858 0.5 0.1667 -0 0 1 0.992233 0.124392 -0 -0.11778 -0.99304 -0
-100.983 55.5741 2.2858 0 0.7286 -1 0 0 0 -1 0 0 0 1
-100.983 32.9267 2.2858 1 0.7286 -1 0 0 0 -1 0 0 0 1
-100.983 32.9267 4.9995 1 1 -1 0 0 0 -1 0 0 0 1
-100.983 55.5741 4.9995 0 1 -1 0 0 -0 -1 0 0 0 1
-100.983 32.9267 4.9995 1 1 0 0 1 -1 6.40503e-005 0 0 -1 0
-94.0669 38.5568 4.9995 0.9445 0.7514 0 0 1 -1 6.40503e-005 0 0 -1 0
-94.0669 50.7714 4.9995 0.9445 0.2121 0 0 1 -1 6.40503e-005 0 0 -1 0
-100.983 55.5741 4.9995 1 0 0 0 1 -1 -0.000117141 0 0 -1 0
-100.983 32.9267 4.9995 1 1 0 0 1 -1 -0.000117141 0 0 -1 0
-94.0669 50.7714 4.9995 0.9445 0.2121 0 0 1 -1 -0.000117141 0 0 -1 0
-100.983 55.5741 4.9995 1 0 0 0 1 -1 0 0 -0.000547384 -1 0
-94.0669 50.7714 4.9995 0.9445 0.2121 0 0 1 -1 0 0 -0.000547384 -1 0
16.9307 50.7714 4.9995 0.0541 0.2121 0 0 1 -1 0 0 -0.000547384 -1 0
23.6799 55.5741 4.9995 0 0 0 0 1 -1 0 0 -0.00104269 -1 0
-100.983 55.5741 4.9995 1 0 0 0 1 -1 0 0 -0.00104269 -1 0
16.9307 50.7714 4.9995 0.0541 0.2121 0 0 1 -1 0 0 -0.00104269 -1 0
23.6799 55.5741 4.9995 0 0 0 0 1 -1 0.000170043 0 0 -1 0
16.9307 50.7714 4.9995 0.0541 0.2121 0 0 1 -1 0.000170043 0 0 -1 0
16.9307 38.5568 4.9995 0.0541 0.7514 0 0 1 -1 0.000170043 0 0 -1 0
23.6799 32.9267 4.9995 0 1 0 0 1 -1 -6.99437e-006 0 -0 -1 0
23.6799 55.5741 4.9995 0 0 0 0 1 -1 -6.99437e-006 0 -0 -1 0
16.9307 38.5568 4.9995 0.0541 0.7514 0 0 1 -1 -6.99437e-006 0 -0 -1 0
23.6799 32.9267 4.9995 0 1 0 0 1 -1 0 0 0.000913621 -1 0
16.9307 38.5568 4.9995 0.0541 0.7514 0 0 1 -1 0 0 0.000913621 -1 0
-94.0669 38.5568 4.9995 0.9445 0.7514 0 0 1 -1 0 0 0.000913621 -1 0
23.6799 32.9267 4.9995 0 1 0 0 1 -1 0 0 0.000491905 -1 0
-94.0669 38.5568 4.9995 0.9445 0.7514 0 0 1 -1 0 0 0.000491905 -1 0
-100.983 32.9267 4.9995 1 1 0 0 1 -1 0 0 0.000491905 -1 0
-105.383 30.3326 4.2858 0.3333 0.3889 0.1124 0.9937 -0 0 0 0 0 0 -1
-105.383 30.3326 2.2858 0.3333 0.3889 0.1124 0.9937 -0 0 0 0 0 0 -1
-50.3142 25.3688 4.2858 0.5 0.3889 0 0 1 -0 0 0 0.135999 0.990709 0
-50.8647 21.3583 4.2858 0.5 0.3889 0 0 1 -0 0 0 0.135999 0.990709 0
11.3203 16.1339 4.2858 0.6667 0.3889 0 0 1 -0 0 0 0.135999 0.990709 0
11.3203 16.1339 4.2858 0.6667 0.3889 0 0 1 0 0 0 0.81273 0.582641 0
16.3855 19.7651 4.2858 0.6667 0.3889 0 0 1 0 0 0 0.81273 0.582641 0
-50.3142 25.3688 4.2858 0.5 0.3889 0 0 1 0 0 0 0.81273 0.582641 0
-85.2856 -47.0281 4.2858 0.3333 0.6111 -0 0 1 0 0 0 -0.203721 0.979029 0
-50.0361 -41.4613 4.2858 0.5 0.6111 -0 0 1 0 0 0 -0.203721 0.979029 0
-50.8647 -37.4792 4.2858 0.5 0.6111 -0 0 1 0 0 0 -0.203721 0.979029 0
-50.8647 -37.4792 4.2858 0.5 0.6111 -0 0 1 0 0 0 -0.836871 0.547401 0
-90.3506 -43.7151 4.2858 0.3333 0.6111 -0 0 1 0 0 0 -0.836871 0.547401 0
-85.2856 -47.0281 4.2858 0.3333 0.6111 -0 0 1 0 0 0 -0.836871 0.547401 0
-110.448 26.7291 2.2858 0.3333 0.3889 -1 0 0 0 0 -1 0 0 -0
-110.448 59.4042 2.2858 0.3333 0.1667 -1 0 0 0 0 -1 0 0 -0
-110.448 26.7291 4.2858 0.3333 0.3889 -0.1124 -0.9937 0 0 0 0 0 0 1
-110.448 59.4042 2.2858 0.3333 0.1667 -0.1555 0.9878 -0 0 0 0 0 0 -1
-50.8647 66.8739 2.2858 0.5 0.1667 -0.1555 0.9878 -0 0 0 0 0 0 -1
-50.8647 66.8739 4.2858 0.5 0.1667 -1 -0 -0 0 0 -1 0 0 -0
-50.8647 105.141 4.2858 0.5 0 -1 -0 -0 0 0 -1 0 0 -0
-45.7998 101.106 4.2858 0.5 0 0 0 1 0 0 0 0 1 0
11.3203 105.141 4.2858 0.6667 0 0 0 1 0 0 0 -0.782189 0.623041 0
-50.8647 105.141 4.2858 0.5 0 0 0 1 0 0 0 -0.782189 0.623041 0
-45.7998 101.106 4.2858 0.5 0 0 0 1 0 0 0 -0.782189 0.623041 0
-45.7998 101.106 4.2858 0.5 0 0 -1 0 0 0 0 0 0 1
-45.7998 101.106 2.2858 0.5 0 0 -1 0 0 0 0 0 0 1
-41.0574 98.1873 2.2858 0 0.7286 -1 0 0 0 -1 0 0 0 1
-41.0574 73.4385 2.2858 1 0.7286 -1 0 0 0 -1 0 0 0 1
-41.0574 73.4385 4.9995 1 1 -1 0 0 0 -1 0 0 0 1
-41.0574 98.1873 4.9995 0 1 -1 0 0 -0 -1 0 0 0 1
-45.7998 101.106 4.2858 0.5 0 1 0 0 0 0 1 0 0 -0
-45.7998 63.4249 4.2858 0.5 0.1667 1 0 0 0 0 1 0 0 -0
-45.7998 63.4249 2.2858 0.5 0.1667 1 0 0 0 0 1 0 0 -0
-45.7998 101.106 2.2858 0.5 0 1 0 0 0 0 1 0 0 0
-41.0574 73.4385 4.9995 1 1 0 -0.7071 0.7071 -1 9.34412e-005 0 0 -1 0
-35.7302 78.5313 4.9995 0.9403 0.7942 0 0 1 -1 9.34412e-005 0 0 -1 0
-35.7302 93.4672 4.9995 0.9403 0.1907 0 0 1 -1 9.34412e-005 0 0 -1 0
-41.0574 98.1873 4.9995 1 0 0 0 1 -1 9.34492e-005 0 0 -1 0
-41.0574 73.4385 4.9995 1 1 0 -0.7071 0.7071 -1 9.34492e-005 0 0 -1 0
-35.7302 93.4672 4.9995 0.9403 0.1907 0 0 1 -1 9.34492e-005 0 0 -1 0
-41.0574 98.1873 4.9995 1 0 0 0 1 -1 0 0 -3.32689e-006 -1 0
-35.7302 93.4672 4.9995 0.9403 0.1907 0 0 1 -1 0 0 -3.32689e-006 -1 0
42.8477 93.4672 4.9995 0.0597 0.1907 0 0 1 -1 0 0 -3.32689e-006 -1 0
48.175 98.1873 4.9995 0 0 0 0 1 -1 0 0 -4.59654e-005 -1 0
-41.0574 98.1873 4.9995 1 0 0 0 1 -1 0 0 -4.59654e-005 -1 0
42.8477 93.4672 4.9995 0.0597 0.1907 0 0 1 -1 0 0 -4.59654e-005 -1 0
48.175 98.1873 4.9995 0 0 0 0 1 -1 -9.3437e-005 0 0 -1 0
42.8477 93.4672 4.9995 0.0597 0.1907 0 0 1 -1 -9.3437e-005 0 0 -1 0
42.8477 78.5313 4.9995 0.0597 0.7942 0 0 1 -1 -9.3437e-005 0 0 -1 0
48.175 73.4385 4.9995 0 1 0 -0.7071 0.7071 -1 -9.3445e-005 0 -0 -1 0
48.175 98.1873 4.9995 0 0 0 0 1 -1 -9.3445e-005 0 -0 -1 0
42.8477 78.5313 4.9995 0.0597 0.7942 0 0 1 -1 -9.3445e-005 0 -0 -1 0
48.175 73.4385 4.9995 0 1 0 -0.7071 0.7071 -1 0 0 4.50817e-005 -1 0
42.8477 78.5313 4.9995 0.0597 0.7942 0 0 1 -1 0 0 4.50817e-005 -1 0
-35.7302 78.5313 4.9995 0.9403 0.7942 0 0 1 -1 0 0 4.50817e-005 -1 0
48.175 73.4385 4.9995 0 1 0 -0.7071 0.7071 -1 0 0 5.99229e-006 -1 0
-35.7302 78.5313 4.9995 0.9403 0.7942 0 0 1 -1 0 0 5.99229e-006 -1 0
-41.0574 73.4385 4.9995 1 1 0 -0.7071 0.7071 -1 0 0 5.99229e-006 -1 0
-45.7998 63.4249 4.2858 0.5 0.1667 0.1555 -0.9878 0 0 0 0 0 0 1
-105.383 55.9552 4.2858 0.3333 0.1667 0.1555 -0.9878 0 0 0 0 0 0 1
-105.383 55.9552 2.2858 0.3333 0.1667 0.1555 -0.9878 0 0 0 0 0 0 1
-45.7998 63.4249 2.2858 0.5 0.1667 0.1555 -0.9878 0 0 0 0 0 0 1
-105.383 55.9552 4.2858 0.3333 0.1667 1 0 0 0 0 1 0 0 -0
-105.383 30.3326 4.2858 0.3333 0.3889 1 0 0 0 0 1 0 0 -0
-105.383 30.3326 2.2858 0.3333 0.3889 1 0 0 0 0 1 0 0 -0
-105.383 55.9552 2.2858 0.3333 0.1667 1 0 0 0 0 1 0 0 0
-94.0669 38.5568 4.9995 0 0.8571 0 -1 0 1 0 0 0 0 1
16.9307 38.5568 4.9995 1 0.8571 0 -1 0 1 0 0 0 0 1
16.9307 38.5568 7 1 1 0 -1 0 1 0 0 0 0 1
-94.0669 38.5568 7 0 1 0 -1 0 1 -0 0 0 0 1
16.9307 38.5568 4.9995 0 0.8571 1 0 0 0 1 0 0 0 1
16.9307 50.7714 4.9995 1 0.8571 1 0 0 0 1 0 0 0 1
16.9307 50.7714 7 1 1 1 0 0 0 1 0 0 0 1
16.9307 38.5568 7 0 1 1 0 0 -0 1 0 0 0 1
16.9307 50.7714 4.9995 0 0.8571 0 1 -0 -1 0 0 0 0 1
-94.0669 50.7714 4.9995 1 0.8571 0 1 -0 -1 0 0 0 0 1
-94.0669 50.7714 7 1 1 0 1 -0 -1 0 0 0 0 1
16.9307 50.7714 7 0 1 0 1 -0 -1 -0 0 0 0 1
-94.0669 50.7714 4.9995 0 0.8571 -1 0 0 0 -1 0 0 0 1
-94.0669 38.5568 4.9995 1 0.8571 -1 0 0 0 -1 0 0 0 1
-94.0669 38.5568 7 1 1 -1 0 0 0 -1 0 0 0 1
-94.0669 50.7714 7 0 1 -1 0 0 -0 -1 0 0 0 1
-105.383 30.3326 4.2858 0.3333 0.3889 0 0 1 -0 0 0 0.814821 0.579712 0
-110.448 26.7291 4.2858 0.3333 0.3889 0 0 1 -0 0 0 0.814821 0.579712 0
-50.8647 21.3583 4.2858 0.5 0.3889 0 0 1 -0 0 0 0.814821 0.579712 0
-105.383 30.3326 4.2858 0.3333 0.3889 0 0 1 0 0 0 0.135999 0.990709 0
-110.448 26.7291 4.2858 0.3333 0.3889 -1 0 0 0 0 -1 0 0 -0
-110.448 59.4042 4.2858 0.3333 0.1667 -1 0 0 0 0 -1 0 0 -0
-110.448 59.4042 4.2858 0.3333 0.1667 -0.1555 0.9878 -0 0 0 0 0 0 -1
-50.8647 66.8739 4.2858 0.5 0.1667 -0.1555 0.9878 -0 0 0 0 0 0 -1
-45.7998 101.106 4.2858 0.5 0 -0 0 1 -0.782189 0.623042 0 0 -0 0
-50.8647 105.141 4.2858 0.5 0 -0 0 1 -0.782189 0.623042 0 0 -0 0
-50.8647 66.8739 4.2858 0.5 0.1667 -0 0 1 -0.782189 0.623042 0 0 -0 0
-50.8647 66.8739 4.2858 0.5 0.1667 -0 0 1 -0.82656 0.562849 -0 0 0 0
-45.7998 63.4249 4.2858 0.5 0.1667 -0 0 1 -0.82656 0.562849 -0 0 0 0
-45.7998 101.106 4.2858 0.5 0 -0 0 1 -0.82656 0.562849 -0 0 0 0
-35.7302 78.5313 4.9995 0 0.8571 0 -1 0 1 0 0 0 0 1
42.8477 78.5313 4.9995 1 0.8571 0 -1 0 1 0 0 0 0 1
42.8477 78.5313 7 1 1 0 -1 0 1 0 0 0 0 1
-35.7302 78.5313 7 0 1 0 -1 0 1 -0 0 0 0 1
42.8477 78.5313 4.9995 0 0.8571 1 0 0 0 1 0 0 0 1
42.8477 93.4672 4.9995 1 0.8571 1 0 0 0 1 0 0 0 1
42.8477 93.4672 7 1 1 1 0 0 0 1 0 0 0 1
42.8477 78.5313 7 0 1 1 0 0 -0 1 0 0 0 1
42.8477 93.4672 4.9995 0 0.8571 0 1 -0 -1 0 0 0 0 1
-35.7302 93.4672 4.9995 1 0.8571 0 1 -0 -1 0 0 0 0 1
-35.7302 93.4672 7 1 1 0 1 -0 -1 0 0 0 0 1
42.8477 93.4672 7 0 1 0 1 -0 -1 -0 0 0 0 1
-35.7302 93.4672 4.9995 0 0.8571 -1 0 0 0 -1 0 0 0 1
-35.7302 78.5313 4.9995 1 0.8571 -1 0 0 0 -1 0 0 0 1
-35.7302 78.5313 7 1 1 -1 0 0 0 -1 0 0 0 1
-35.7302 93.4672 7 0 1 -1 0 0 -0 -1 0 0 0 1
-105.383 55.9552 4.2858 0.3333 0.1667 -0 0 1 0 0 0 -0.82656 0.562849 0
-45.7998 63.4249 4.2858 0.5 0.1667 -0 0 1 0 0 0 -0.82656 0.562849 0
-50.8647 66.8739 4.2858 0.5 0.1667 -0 0 1 0 0 0 -0.82656 0.562849 0
-50.8647 66.8739 4.2858 0.5 0.1667 -0 0 1 0 0 0 -0.826559 0.56285 0
-110.448 59.4042 4.2858 0.3333 0.1667 -0 0 1 0 0 0 -0.826559 0.56285 0
-105.383 55.9552 4.2858 0.3333 0.1667 -0 0 1 0 0 0 -0.826559 0.56285 0
-105.383 30.3326 4.2858 0.3333 0.3889 0 0 1 -0.826559 0.562851 0 -0 0 0
-105.383 55.9552 4.2858 0.3333 0.1667 0 0 1 -0.826559 0.562851 0 -0 0 0
-110.448 59.4042 4.2858 0.3333 0.1667 0 0 1 -0.826559 0.562851 0 -0 0 0
-110.448 59.4042 4.2858 0.3333 0.1667 -0 0 1 -0.814821 -0.579712 0 0 0 0
-110.448 26.7291 4.2858 0.3333 0.3889 -0 0 1 -0.814821 -0.579712 0 0 0 0
-105.383 30.3326 4.2858 0.3333 0.3889 -0 0 1 -0.814821 -0.579712 0 0 0 0
16.9307 38.5568 7 0 1 0 0 1 -1 0 0 -0 -1 0
16.9307 50.7714 7 0 0 0 0 1 -1 0 0 -0 -1 0
-94.0669 50.7714 7 1 0 0 0 1 -1 0 0 -0 -1 0
-94.0669 38.5568 7 1 1 0 0 1 -1 0 0 0 -1 0
42.8477 78.5313 7 0 1 0 0 1 -1 0 0 -0 -1 0
42.8477 93.4672 7 0 0 0 0 1 -1 0 0 -0 -1 0
-35.7302 93.4672 7 1 0 0 0 1 -1 0 0 -0 -1 0
-35.7302 78.5313 7 1 1 0 0 1 -1 0 0 0 -1 0
-6.20068 -61.0749 7 0 1 0 0 1 -1 0 0 -0 -1 0
-6.20068 -53.4164 7 0 0 0 0 1 -1 0 0 -0 -1 0
-72.8538 -53.4164 7 1 0 0 0 1 -1 0 0 -0 -1 0
-72.8538 -61.0749 7 1 1 0 0 1 -1 0 0 0 -1 0
-72.8538 -61.0749 4.9995 0 0.8571 0 -1 0 1 0 0 0 0 1
-6.20068 -61.0749 4.9995 1 0.8571 0 -1 0 1 0 0 0 0 1
-6.20068 -61.0749 7 1 1 0 -1 0 1 0 0 0 0 1
-72.8538 -61.0749 7 0 1 0 -1 0 1 -0 0 0 0 1
-72.8538 -53.4164 4.9995 0 0.8571 -1 0 0 0 -1 0 0 0 1
-72.8538 -61.0749 4.9995 1 0.8571 -1 0 0 0 -1 0 0 0 1
-72.8538 -61.0749 7 1 1 -1 0 0 0 -1 0 0 0 1
-72.8538 -53.4164 7 0 1 -1 0 0 -0 -1 0 0 0 1
-6.20068 -53.4164 4.9995 0 0.8571 0 1 -0 -1 0 0 0 0 1
-72.8538 -53.4164 4.9995 1 0.8571 0 1 -0 -1 0 0 0 0 1
-72.8538 -53.4164 7 1 1 0 1 -0 -1 0 0 0 0 1
-6.20068 -53.4164 7 0 1 0 1 -0 -1 -0 0 0 0 1
-6.20068 -61.0749 4.9995 0 0.8571 1 0 0 0 1 0 0 0 1
-6.20068 -53.4164 4.9995 1 0.8571 1 0 0 0 1 0 0 0 1
-6.20068 -53.4164 7 1 1 1 0 0 0 1 0 0 0 1
-6.20068 -61.0749 7 0 1 1 0 0 -0 1 0 0 0 1
-72.8538 -53.4164 -7 0 0 0 -0 -1 1 0 0 0 -1 0
-6.20068 -53.4164 -7 1 0 0 -0 -1 1 0 0 0 -1 0
-6.20068 -61.0749 -7 1 1 0 -0 -1 1 0 0 0 -1 0
-72.8538 -61.0749 -7 0 1 0 -0 -1 1 -0 -0 0 -1 0
-72.8538 -53.4164 -5.0005 0 0.1428 -1 0 0 0 -1 0 0 -0 1
-72.8538 -53.4164 -7 0 0 -1 0 0 0 -1 0 0 -0 1
-72.8538 -61.0749 -7 1 0 -1 0 0 0 -1 0 0 -0 1
-72.8538 -61.0749 -5.0005 1 0.1428 -1 0 0 0 -1 0 0 0 1
-72.8538 -61.0749 -5.0005 0 0.1428 0 -1 0 1 0 0 0 0 1
-72.8538 -61.0749 -7 0 0 0 -1 0 1 0 0 0 0 1
-6.20068 -61.0749 -7 1 0 0 -1 0 1 0 0 0 0 1
-6.20068 -61.0749 -5.0005 1 0.1428 0 -1 0 1 0 0 0 0 1
-6.20068 -61.0749 -5.0005 0 0.1428 1 0 0 0 1 0 0 0 1
-6.20068 -61.0749 -7 0 0 1 0 0 0 1 0 0 0 1
-6.20068 -53.4164 -7 1 0 1 0 0 0 1 0 0 0 1
-6.20068 -53.4164 -5.0005 1 0.1428 1 0 0 0 1 0 0 0 1
-6.20068 -53.4164 -5.0005 0 0.1428 0 1 -0 -1 0 0 -0 0 1
-6.20068 -53.4164 -7 0 0 0 1 -0 -1 0 0 -0 0 1
-72.8538 -53.4164 -7 1 0 0 1 -0 -1 0 0 -0 0 1
-72.8538 -53.4164 -5.0005 1 0.1428 0 1 -0 -1 0 0 0 0 1
Index count: 1536
0
1
2
3
4
5
6
7
8
8
9
6
10
11
12
12
13
10
14
15
16
17
18
19
20
21
22
23
24
25
26
27
28
28
29
26
30
31
32
33
34
35
36
37
38
38
39
36
40
41
42
43
44
45
46
47
48
48
49
46
15
50
51
51
16
15
52
53
54
55
56
57
58
59
60
61
62
63
64
65
66
67
68
69
70
71
72
21
20
73
74
75
76
76
77
74
78
79
80
81
82
83
84
85
86
86
87
84
88
89
90
90
91
88
92
46
49
49
93
92
94
95
91
91
90
94
96
97
98
99
100
101
50
102
103
103
51
50
104
105
106
107
108
109
110
111
112
113
114
115
116
117
118
119
120
121
122
123
124
124
125
122
126
127
128
129
130
131
126
132
133
134
135
136
136
137
134
138
139
140
141
142
143
138
144
145
146
147
148
148
149
146
150
151
152
153
154
155
156
157
158
159
160
161
162
163
164
165
166
167
168
169
170
170
171
168
172
173
174
175
176
177
178
179
180
180
181
178
182
183
87
87
86
182
184
92
93
93
185
184
186
100
99
99
187
186
188
189
95
95
94
188
190
191
192
192
193
190
194
195
196
197
198
199
102
200
201
201
103
102
202
203
204
204
205
202
206
122
125
125
207
206
208
209
210
211
212
213
214
215
216
217
218
219
220
221
222
223
224
225
226
227
228
229
230
231
232
233
234
235
236
237
238
239
240
240
241
238
242
243
244
245
246
247
248
249
250
251
252
253
254
255
256
257
258
259
260
261
262
263
264
265
266
267
268
269
270
271
272
273
274
275
276
277
278
279
280
281
282
283
284
280
285
286
287
288
288
289
286
290
291
292
293
294
295
296
292
297
298
299
300
301
302
303
304
305
306
306
307
304
308
309
181
181
180
308
310
311
183
183
182
310
312
184
185
185
313
312
314
186
187
187
315
314
316
317
318
319
320
321
322
323
324
325
326
327
328
329
330
330
331
328
332
333
334
334
335
332
336
337
338
201
200
339
340
341
342
343
344
345
346
347
348
348
349
346
239
350
351
351
240
239
352
353
354
355
356
357
358
359
360
360
361
358
362
363
364
365
366
367
368
369
370
371
372
373
374
375
376
377
378
379
380
381
382
383
384
385
386
387
388
389
390
391
392
393
394
395
396
397
398
399
400
401
402
403
403
404
401
405
406
407
408
409
410
411
407
412
413
414
415
415
416
413
417
418
419
420
421
422
423
419
424
425
426
427
428
429
430
430
431
428
432
433
434
435
436
437
438
439
440
441
442
443
444
445
446
447
448
449
450
451
452
453
454
455
456
457
458
458
459
456
460
461
307
307
306
460
462
463
309
309
308
462
464
465
466
467
468
469
470
312
313
313
471
470
472
314
315
315
473
472
474
475
476
477
478
479
480
481
482
483
484
485
486
487
488
489
490
491
492
493
494
495
496
497
498
499
500
500
501
498
502
503
504
504
505
502
347
506
507
507
348
347
508
509
349
349
348
508
510
511
512
512
513
510
514
515
516
517
518
519
520
521
522
522
523
520
524
525
361
361
360
524
526
527
528
528
529
526
530
531
532
532
533
530
534
535
536
536
537
534
538
401
404
404
539
538
540
541
542
543
544
545
546
547
548
549
546
548
547
546
550
551
547
550
551
550
552
553
551
552
553
552
549
553
549
548
554
555
556
556
557
554
558
559
560
560
561
558
562
563
564
564
565
562
566
567
568
568
569
566
570
571
459
459
458
570
572
573
461
461
460
572
574
575
576
577
578
579
580
581
582
582
583
580
584
472
473
585
586
587
588
589
590
591
592
593
594
595
596
597
598
599
600
601
602
603
604
605
606
607
608
608
609
606
610
611
612
612
613
610
614
615
616
617
618
619
620
621
622
623
624
625
626
627
628
629
630
631
632
633
634
635
636
637
638
639
634
640
641
642
642
643
640
644
645
646
647
648
649
650
651
646
652
653
654
654
655
652
656
657
583
583
582
656
658
508
348
348
507
658
659
660
509
509
508
659
661
662
663
664
665
666
667
520
523
523
668
667
669
670
523
523
522
669
671
672
525
525
524
671
673
674
675
676
677
678
679
680
681
682
683
684
685
686
687
542
541
688
689
690
691
691
692
689
693
694
695
695
696
693
697
698
699
699
700
697
701
702
703
703
704
701
705
706
707
707
708
705
709
710
571
571
570
709
711
712
713
714
715
716
717
580
583
583
718
717
719
720
581
581
580
719
721
722
723
723
724
721
725
726
727
728
729
730
731
732
733
734
735
736
737
738
739
740
741
742
743
744
745
746
747
748
749
750
751
752
753
754
755
756
757
758
759
751
760
761
762
762
763
760
764
765
766
767
768
769
770
771
772
773
774
766
775
776
777
778
779
780
781
782
783
783
784
781
785
786
787
788
789
790
611
791
792
792
612
611
793
794
795
796
797
798
799
800
801
801
802
799
803
804
805
805
806
803
807
808
809
810
811
812
813
814
815
816
817
818
819
820
821
822
823
824
825
826
827
828
829
830
657
831
718
718
583
657
832
659
508
508
658
832
833
834
835
835
836
833
670
837
668
668
523
670
838
839
670
670
669
838
840
841
842
842
843
840
844
845
846
846
847
844
848
849
850
850
851
848
852
853
854
855
856
857
858
859
847
847
846
858
860
719
580
580
717
860
861
862
863
864
865
866
867
868
869
869
870
867
871
872
873
874
875
876
877
878
879
880
881
882
883
884
885
886
741
740
887
888
889
890
891
892
893
889
894
895
896
897
897
898
895
899
900
901
902
903
904
905
901
906
907
908
909
910
911
912
913
914
915
916
917
918
919
920
921
922
923
924
925
926
927
927
928
925
929
930
931
932
933
934
935
936
937
938
939
940
941
942
943
944
945
946
947
948
949
950
951
952
953
781
784
784
954
953
955
956
957
958
959
960
961
962
963
964
965
966
967
968
836
836
835
967
839
969
837
837
670
839
970
971
843
843
842
970
972
973
859
859
858
972
974
865
864
975
976
977
868
978
979
979
869
868
980
981
982
982
983
980
984
985
986
986
987
984
988
989
990
991
992
993
994
995
996
997
998
999
1000
1001
1002
1003
1004
1005
1006
1007
1008
1009
1010
1011
1012
1013
1014
1014
1015
1012
1016
1017
1018
1018
1019
1016
1020
1021
1022
1022
1023
1020
1024
1025
1026
1026
1027
1024
1028
1029
1030
1030
1031
1028
1032
1033
1034
1034
1035
1032
1036
1037
1038
956
955
1039
1040
1041
968
968
967
1040
1042
1043
971
971
970
1042
1044
1045
1046
1047
1048
1049
1050
1051
1052
1052
1053
1050
1054
1055
1056
1056
1057
1054
1058
1059
1060
1060
1061
1058
1062
1063
1064
1064
1065
1062
1066
1067
1068
1069
1070
1071
1072
1073
1074
1075
1076
1077
1078
1079
1080
1080
1081
1078
1082
1083
1084
1084
1085
1082
1086
1087
1088
1088
1089
1086
1090
1091
1092
1092
1093
1090
1094
1095
1096
1096
1097
1094
1098
1099
1100
1100
1101
1098
1102
1103
1104
1104
1105
1102
1106
1107
1108
1108
1109
1106
1110
1111
1112
1112
1113
1110
1114
1115
1116
1116
1117
1114
1118
1119
1120
1120
1121
1118
1122
1123
1124
1124
1125
1122
