bounding box: -365 -350 -15.0002 365 350 15.0001
Material name: peschanil.mat
Vertex Count: 16
62.2053 350 15.0001 0.811 -1.8588 -0 -0 -1 1 0 0 0 -1 0
235 350 15.0001 1.675 -1.8588 0 -0 -1 1 0 0 0 -1 0
235 -350 15.0001 1.675 1.6412 -0 -0 -1 1 0 0 0 -1 0
62.2053 -149.452 15.0001 0.811 0.6437 -0 -0 -1 0.999964 -0.00848222 0 0 -1 0
62.2053 350 15.0001 0.811 -1.8588 -0 -0 -1 0.999964 -0.00848222 0 0 -1 0
235 -350 15.0001 1.675 1.6412 -0 -0 -1 0.999964 -0.00848222 0 0 -1 0
62.2053 -149.452 15.0001 0.811 0.6437 -0 -0 -1 1 0 0 0 -1 0
62.2053 -350 15.0001 0.811 1.6412 0 -0 -1 1 0 0 0 -1 0
-67.3894 -350 15.0001 0.1631 1.6412 0 -0 -1 1 -0 -0 0 -1 0
-235 -350 15.0001 -0.675 1.6412 0 -0 -1 1 -0 -0 0 -1 0
-235 350 15.0001 -0.675 -1.8588 0 -0 -1 1 -0 -0 0 -1 0
-67.3894 -149.452 15.0001 0.1631 0.6437 0 -0 -1 0.999759 0.0219336 -0 0 -1 0
-67.3894 -350 15.0001 0.1631 1.6412 0 -0 -1 0.999759 0.0219336 -0 0 -1 0
-235 350 15.0001 -0.675 -1.8588 0 -0 -1 0.999759 0.0219336 -0 0 -1 0
-67.3894 -149.452 15.0001 0.1631 0.6437 0 -0 -1 1 0 0 0 -1 -0
-67.3894 350 15.0001 0.1631 -1.8588 0 -0 -1 1 0 0 0 -1 -0
Index count: 24
0
1
2
3
4
5
6
2
7
8
9
10
11
12
13
14
10
15
14
15
0
0
6
14
Material name: round_plar_panel.mat
Vertex Count: 28
235 350 -15.0002 0.6154 -2.3769 -1 0 0 0 0 -1 0 -1 1.74386e-007
235 -350 -15.0001 0.6154 3.0077 -1 0 0 0 0 -1 0 -1 1.74386e-007
235 -350 14.9998 0.3846 3.0077 -1 0 0 0 0 -1 0 -1 1.74386e-007
235 -350 14.9998 0.3846 3.0077 -1 0 0 0 0 -1 0 -1 -0
235 350 14.9998 0.3846 -2.3769 -1 0 0 0 0 -1 0 -1 -0
235 350 -15.0002 0.6154 -2.3769 -1 0 0 0 0 -1 0 -1 -0
365 350 -15.0002 1 3.3846 0 -0 -1 1 -0 -0 -0 1 -1.74386e-007
365 -350 -15.0001 1 -2 0 -0 -1 1 -0 -0 -0 1 -1.74386e-007
235 -350 -15.0001 0 -2 0 -0 -1 1 -0 -0 -0 1 -1.74386e-007
235 350 -15.0002 0 3.3846 0 -0 -1 1 -0 -0 -0 1 -1.74386e-007
365 350 14.9998 0.6154 3.3845 1 0 0 -0 -0 1 -0 1 -0
365 -350 14.9998 0.6154 -2.0001 1 0 0 -0 -0 1 -0 1 -0
365 -350 -15.0001 0.3846 -2.0001 1 0 0 -0 -0 1 -0 1 -0
365 -350 -15.0001 0.3846 -2.0001 1 0 0 -0 -0 1 -0 1 -1.74386e-007
365 350 -15.0002 0.3846 3.3845 1 0 0 -0 -0 1 -0 1 -1.74386e-007
365 350 14.9998 0.6154 3.3845 1 0 0 -0 -0 1 -0 1 -1.74386e-007
-365 350 -15.0002 0.6154 -1.8688 -0.7071 -0 -0.7071 0 0 -1 0 -1 1.74386e-007
-365 -350 -15.0001 0.6154 3.5158 -0.7071 -0 -0.7071 0 0 -1 0 -1 1.74386e-007
-365 -350 14.9999 0.3846 3.5158 -1 0 0 0 0 -1 0 -1 1.74386e-007
-365 350 14.9998 0.3846 -1.8688 -1 0 0 0 0 -1 0 -1 1.74386e-007
-235 350 -15.0002 0.0001 3.3797 0.7071 -0 -0.7071 -1 0 0 -0 1 -1.74386e-007
-235 -350 -15.0001 0.0001 -2.0049 0.7071 -0 -0.7071 -1 0 0 -0 1 -1.74386e-007
-365 -350 -15.0001 0.9999 -2.0049 -0.7071 -0 -0.7071 -1 0 0 -0 1 -1.74386e-007
-365 350 -15.0002 0.9999 3.3797 -0.7071 -0 -0.7071 -1 0 0 0 1 -1.74386e-007
-235 350 14.9998 0.6154 -2.8704 1 0 0 0 0 1 0 -1 1.74386e-007
-235 -350 14.9999 0.6154 2.5142 1 0 0 0 0 1 0 -1 1.74386e-007
-235 -350 -15.0001 0.3846 2.5142 0.7071 -0 -0.7071 0 0 1 0 -1 1.74386e-007
-235 350 -15.0002 0.3846 -2.8704 0.7071 -0 -0.7071 0 0 1 0 -1 1.74386e-007
Index count: 36
0
1
2
3
4
5
6
7
8
8
9
6
10
11
12
13
14
15
16
17
18
18
19
16
20
21
22
22
23
20
24
25
26
26
27
24
