bounding box: -300 -350 -15.0002 300 350 15.0002
Material name: peschanil.mat
Vertex Count: 4
170 350 15.0001 1.675 -1.8588 0 -0 -1 1 0 0 0 -1 1.74386e-007
170 -350 15.0002 1.675 1.6412 0 -0 -1 1 0 0 0 -1 1.74386e-007
-300 -350 15.0002 -0.675 1.6412 0 -0 -1 1 0 0 0 -1 1.74386e-007
-300 350 15.0001 -0.675 -1.8588 0 -0 -1 1 0 0 0 -1 1.74386e-007
Index count: 6
0
1
2
2
3
0
Material name: round_plar_panel.mat
Vertex Count: 12
170 350 -15.0002 0.6154 -2.3769 -1 0 0 0 0 -1 0 -1 1.3079e-007
170 -350 -15.0001 0.6154 3.0077 -1 0 0 0 0 -1 0 -1 1.3079e-007
170 -350 14.9999 0.3846 3.0077 -1 0 0 0 0 -1 0 -1 1.3079e-007
170 350 14.9998 0.3846 -2.3769 -1 0 0 0 0 -1 0 -1 1.3079e-007
300 350 -15.0002 1 3.3846 0 -0 -1 1 -0 -0 -0 1 -1.3079e-007
300 -350 -15.0001 1 -2 0 -0 -1 1 -0 -0 -0 1 -1.3079e-007
170 -350 -15.0001 0 -2 0 -0 -1 1 -0 -0 -0 1 -1.3079e-007
170 350 -15.0002 0 3.3846 0 -0 -1 1 -0 -0 -0 1 -1.3079e-007
300 350 14.9998 0.6154 3.3845 1 0 0 -0 -0 1 -0 1 -1.3079e-007
300 -350 14.9999 0.6154 -2.0001 1 0 0 -0 -0 1 -0 1 -1.3079e-007
300 -350 -15.0001 0.3846 -2.0001 1 0 0 -0 -0 1 -0 1 -1.3079e-007
300 350 -15.0002 0.3846 3.3845 1 0 0 -0 -0 1 -0 1 -1.3079e-007
Index count: 18
0
1
2
2
3
0
4
5
6
6
7
4
8
9
10
10
11
8
