bounding box: -300 -350 -15.0001 300 350 15.0001
Material name: peschanil.mat
Vertex Count: 4
300 350 15.0001 1.675 -1.8588 0 -0 -1 1 0 0 0 -1 0
300 -350 15.0001 1.675 1.6412 0 -0 -1 1 0 0 0 -1 0
-170 -350 15.0001 -0.675 1.6412 0 -0 -1 1 0 0 0 -1 0
-170 350 15.0001 -0.675 -1.8588 0 -0 -1 1 0 0 0 -1 0
Index count: 6
0
1
2
2
3
0
Material name: round_plar_panel.mat
Vertex Count: 12
-300 350 -15.0001 0.6154 -1.8688 -0.7071 -0 -0.7071 0 0 -1 0 -1 0
-300 -350 -15.0001 0.6154 3.5158 -0.7071 -0 -0.7071 0 0 -1 0 -1 0
-300 -350 14.9998 0.3846 3.5158 -1 0 0 0 0 -1 0 -1 0
-300 350 14.9998 0.3846 -1.8688 -1 0 0 0 0 -1 0 -1 -0
-170 350 -15.0001 0.0001 3.3797 0.7071 -0 -0.7071 -1 0 0 -0 1 0
-170 -350 -15.0001 0.0001 -2.0049 0.7071 -0 -0.7071 -1 0 0 -0 1 0
-300 -350 -15.0001 0.9999 -2.0049 -0.7071 -0 -0.7071 -1 0 0 -0 1 0
-300 350 -15.0001 0.9999 3.3797 -0.7071 -0 -0.7071 -1 0 0 0 1 0
-170 350 14.9998 0.6154 -2.8704 1 0 0 0 0 1 0 -1 0
-170 -350 14.9998 0.6154 2.5142 1 0 0 0 0 1 0 -1 0
-170 -350 -15.0001 0.3846 2.5142 0.7071 -0 -0.7071 0 0 1 0 -1 0
-170 350 -15.0001 0.3846 -2.8704 0.7071 -0 -0.7071 0 0 1 0 -1 0
Index count: 18
0
1
2
2
3
0
4
5
6
6
7
4
8
9
10
10
11
8
