bounding box: -365 -350 -15.0002 365 350 15.0002
Material name: peschanil.mat
Vertex Count: 16
146.875 350 15.0002 1.2344 -1.8588 0 -0 -1 1 0 0 0 -1 0
235 350 15.0002 1.675 -1.8588 0 -0 -1 1 0 0 0 -1 0
235 -350 15.0002 1.675 1.6412 0 -0 -1 1 0 0 0 -1 0
146.875 -87.5001 15.0002 1.2344 0.3287 0 -0 -1 1 3.16616e-007 0 0 -1 0
146.875 350 15.0002 1.2344 -1.8588 0 -0 -1 1 3.16616e-007 0 0 -1 0
235 -350 15.0002 1.675 1.6412 0 -0 -1 1 3.16616e-007 0 0 -1 0
146.875 -87.5001 15.0002 1.2344 0.3287 0 -0 -1 1 0 0 0 -1 0
146.875 -350 15.0002 1.2344 1.6412 0 -0 -1 1 0 0 0 -1 0
-146.875 -350 15.0002 -0.2344 1.6412 0 -0 -1 1 -0 -0 0 -1 0
-235 -350 15.0002 -0.675 1.6412 0 -0 -1 1 -0 -0 0 -1 0
-235 350 15.0002 -0.675 -1.8588 0 -0 -1 1 -0 -0 0 -1 0
-146.875 -87.5001 15.0002 -0.2344 0.3287 0 -0 -1 1 -5.27693e-007 -0 0 -1 0
-146.875 -350 15.0002 -0.2344 1.6412 0 -0 -1 1 -5.27693e-007 -0 0 -1 0
-235 350 15.0002 -0.675 -1.8588 0 -0 -1 1 -5.27693e-007 -0 0 -1 0
-146.875 -87.5001 15.0002 -0.2344 0.3287 0 -0 -1 1 0 0 0 -1 -0
-146.875 350 15.0002 -0.2344 -1.8588 0 -0 -1 1 0 0 0 -1 -0
Index count: 24
0
1
2
3
4
5
6
2
7
8
9
10
11
12
13
14
10
15
14
15
0
0
6
14
Material name: round_plar_panel.mat
Vertex Count: 24
235 350 -15.0002 0.6154 -2.3769 -1 0 0 0 0 -1 0 -1 0
235 -350 -15.0002 0.6154 3.0077 -1 0 0 0 0 -1 0 -1 0
235 -350 14.9999 0.3846 3.0077 -1 0 0 0 0 -1 0 -1 0
235 350 14.9999 0.3846 -2.3769 -1 0 0 0 0 -1 0 -1 -0
365 350 -15.0002 1 3.3846 0 -0 -1 1 -0 -0 -0 1 -0
365 -350 -15.0002 1 -2 0 -0 -1 1 -0 -0 -0 1 -0
235 -350 -15.0002 0 -2 0 -0 -1 1 -0 -0 -0 1 -0
235 350 -15.0002 0 3.3846 0 -0 -1 1 -0 -0 -0 1 -0
365 350 14.9999 0.6154 3.3845 1 0 0 -0 -0 1 -0 1 -0
365 -350 14.9999 0.6154 -2.0001 1 0 0 -0 -0 1 -0 1 -0
365 -350 -15.0002 0.3846 -2.0001 1 0 0 -0 -0 1 -0 1 -0
365 350 -15.0002 0.3846 3.3845 1 0 0 -0 -0 1 -0 1 -0
-365 350 -15.0002 0.6154 -1.8688 -0.7071 -0 -0.7071 0 0 -1 0 -1 0
-365 -350 -15.0002 0.6154 3.5158 -0.7071 -0 -0.7071 0 0 -1 0 -1 0
-365 -350 14.9999 0.3846 3.5158 -1 0 0 0 0 -1 0 -1 0
-365 350 14.9999 0.3846 -1.8688 -1 0 0 0 0 -1 0 -1 -0
-235 350 -15.0002 0.0001 3.3797 0.7071 -0 -0.7071 -1 0 0 -0 1 0
-235 -350 -15.0002 0.0001 -2.0049 0.7071 -0 -0.7071 -1 0 0 -0 1 0
-365 -350 -15.0002 0.9999 -2.0049 -0.7071 -0 -0.7071 -1 0 0 -0 1 0
-365 350 -15.0002 0.9999 3.3797 -0.7071 -0 -0.7071 -1 0 0 0 1 0
-235 350 14.9999 0.6154 -2.8704 1 0 0 0 0 1 0 -1 0
-235 -350 14.9999 0.6154 2.5142 1 0 0 0 0 1 0 -1 0
-235 -350 -15.0002 0.3846 2.5142 0.7071 -0 -0.7071 0 0 1 0 -1 0
-235 350 -15.0002 0.3846 -2.8704 0.7071 -0 -0.7071 0 0 1 0 -1 0
Index count: 36
0
1
2
2
3
0
4
5
6
6
7
4
8
9
10
10
11
8
12
13
14
14
15
12
16
17
18
18
19
16
20
21
22
22
23
20
