bounding box: -5 -5 -5 5 5 5
Material name: 21___Default.mat
Vertex Count: 360
-0.25 0.866 0.433014 0.0833 0.1667 -0.2654 0.8474 0.4598 -0.965927 -0 -0.258815 0 -0.258865 0.965914
0 0.866 0.5 0 0.1667 0 0.8474 0.5309 -0.965927 -0 -0.258815 0 -0.258865 0.965914
0 1 0 0 0 -0 1 0 -0.965927 -0 -0.258815 0 -0.258865 0.965914
-0.433105 0.866 0.25 0.1667 0.1667 -0.4598 0.8474 0.2654 -0.707284 -0 -0.70693 -0.482956 -0.258864 0.836506
-0.25 0.866 0.433014 0.0833 0.1667 -0.2654 0.8474 0.4598 -0.707284 -0 -0.70693 -0.482956 -0.258864 0.836506
0 1 0 0.0833 0 -0 1 0 -0.707284 -0 -0.70693 -0.482956 -0.258864 0.836506
-0.5 0.866 0 0.25 0.1667 -0.5309 0.8474 0 -0.258485 -0 -0.966015 -0.836559 -0.258826 0.482884
-0.433105 0.866 0.25 0.1667 0.1667 -0.4598 0.8474 0.2654 -0.258485 -0 -0.966015 -0.836559 -0.258826 0.482884
0 1 0 0.1667 0 -0 1 0 -0.258485 -0 -0.966015 -0.836559 -0.258826 0.482884
-0.433105 0.866 -0.25 0.3333 0.1667 -0.4598 0.8474 -0.2654 0.258485 -0 -0.966015 -0.965914 -0.258865 0
-0.5 0.866 0 0.25 0.1667 -0.5309 0.8474 0 0.258485 -0 -0.966015 -0.965914 -0.258865 0
0 1 0 0.25 0 -0 1 0 0.258485 -0 -0.966015 -0.965914 -0.258865 0
-0.25 0.866 -0.432999 0.4167 0.1667 -0.2655 0.8474 -0.4598 0.707313 -0 -0.7069 -0.836559 -0.258826 -0.482884
-0.433105 0.866 -0.25 0.3333 0.1667 -0.4598 0.8474 -0.2654 0.707313 -0 -0.7069 -0.836559 -0.258826 -0.482884
0 1 0 0.3333 0 -0 1 0 0.707313 -0 -0.7069 -0.836559 -0.258826 -0.482884
0 0.866 -0.5 0.5 0.1667 -0 0.8474 -0.5309 0.965912 -0 -0.25887 -0.482968 -0.258871 -0.836497
-0.25 0.866 -0.432999 0.4167 0.1667 -0.2655 0.8474 -0.4598 0.965912 -0 -0.25887 -0.482968 -0.258871 -0.836497
0 1 0 0.4167 0 -0 1 0 0.965912 -0 -0.25887 -0.482968 -0.258871 -0.836497
0.25 0.866 -0.432999 0.5833 0.1667 0.2654 0.8474 -0.4598 0.965912 -0 0.25887 0 -0.258865 -0.965914
0 0.866 -0.5 0.5 0.1667 -0 0.8474 -0.5309 0.965912 -0 0.25887 0 -0.258865 -0.965914
0 1 0 0.5 0 -0 1 0 0.965912 -0 0.25887 0 -0.258865 -0.965914
0.433105 0.866 -0.25 0.6667 0.1667 0.4598 0.8474 -0.2655 0.707313 -0 0.7069 0.482968 -0.258871 -0.836497
0.25 0.866 -0.432999 0.5833 0.1667 0.2654 0.8474 -0.4598 0.707313 -0 0.7069 0.482968 -0.258871 -0.836497
0 1 0 0.5833 0 -0 1 0 0.707313 -0 0.7069 0.482968 -0.258871 -0.836497
0.5 0.866 0 0.75 0.1667 0.5309 0.8474 -0 0.258485 -0 0.966015 0.836559 -0.258826 -0.482884
0.433105 0.866 -0.25 0.6667 0.1667 0.4598 0.8474 -0.2655 0.258485 -0 0.966015 0.836559 -0.258826 -0.482884
0 1 0 0.6667 0 -0 1 0 0.258485 -0 0.966015 0.836559 -0.258826 -0.482884
0.433105 0.866 0.25 0.8333 0.1667 0.4598 0.8474 0.2654 -0.258485 -0 0.966015 0.965914 -0.258865 0
0.5 0.866 0 0.75 0.1667 0.5309 0.8474 -0 -0.258485 -0 0.966015 0.965914 -0.258865 0
0 1 0 0.75 0 -0 1 0 -0.258485 -0 0.966015 0.965914 -0.258865 0
0.25 0.866 0.433014 0.9167 0.1667 0.2655 0.8474 0.4598 -0.707284 -0 0.70693 0.83656 -0.258826 0.482884
0.433105 0.866 0.25 0.8333 0.1667 0.4598 0.8474 0.2654 -0.707284 -0 0.70693 0.83656 -0.258826 0.482884
0 1 0 0.8333 0 -0 1 0 -0.707284 -0 0.70693 0.83656 -0.258826 0.482884
0 0.866 0.5 1 0.1667 0 0.8474 0.5309 -0.965927 -0 0.258815 0.482956 -0.258864 0.836506
0.25 0.866 0.433014 0.9167 0.1667 0.2655 0.8474 0.4598 -0.965927 -0 0.258815 0.482956 -0.258864 0.836506
0 1 0 0.9167 0 -0 1 0 -0.965927 -0 0.258815 0.482956 -0.258864 0.836506
-0.433105 0.5 0.75 0.0833 0.3333 -0.438 0.4823 0.7586 -0.965947 -0 -0.258741 0 -0.707095 0.707119
0 0.5 0.866013 0 0.3333 0 0.4823 0.876 -0.965947 -0 -0.258741 0 -0.707095 0.707119
0 0.866 0.5 0 0.1667 0 0.8474 0.5309 -0.965947 -0 -0.258741 0 -0.707095 0.707119
-0.25 0.866 0.433014 0.0833 0.1667 -0.2654 0.8474 0.4598 -0.965927 -0 -0.258815 -0.353723 -0.707038 0.612353
-0.433105 0.5 0.75 0.0833 0.3333 -0.438 0.4823 0.7586 -0.965927 -0 -0.258815 -0.353723 -0.707038 0.612353
0 0.866 0.5 0 0.1667 0 0.8474 0.5309 -0.965927 -0 -0.258815 -0.353723 -0.707038 0.612353
-0.75 0.5 0.433014 0.1667 0.3333 -0.7586 0.4823 0.438 -0.707005 -0 -0.707209 -0.353723 -0.707038 0.612353
-0.433105 0.5 0.75 0.0833 0.3333 -0.438 0.4823 0.7586 -0.707005 -0 -0.707209 -0.353723 -0.707038 0.612353
-0.25 0.866 0.433014 0.0833 0.1667 -0.2654 0.8474 0.4598 -0.707005 -0 -0.707209 -0.353723 -0.707038 0.612353
-0.433105 0.866 0.25 0.1667 0.1667 -0.4598 0.8474 0.2654 -0.707284 -0 -0.70693 -0.612281 -0.707159 0.353607
-0.75 0.5 0.433014 0.1667 0.3333 -0.7586 0.4823 0.438 -0.707284 -0 -0.70693 -0.612281 -0.707159 0.353607
-0.25 0.866 0.433014 0.0833 0.1667 -0.2654 0.8474 0.4598 -0.707284 -0 -0.70693 -0.612281 -0.707159 0.353607
-0.865967 0.5 0 0.25 0.3333 -0.876 0.4823 0 -0.258696 -0 -0.965959 -0.612281 -0.707159 0.353607
-0.75 0.5 0.433014 0.1667 0.3333 -0.7586 0.4823 0.438 -0.258696 -0 -0.965959 -0.612281 -0.707159 0.353607
-0.433105 0.866 0.25 0.1667 0.1667 -0.4598 0.8474 0.2654 -0.258696 -0 -0.965959 -0.612281 -0.707159 0.353607
-0.5 0.866 0 0.25 0.1667 -0.5309 0.8474 0 -0.258485 -0 -0.966015 -0.707075 -0.707139 0
-0.865967 0.5 0 0.25 0.3333 -0.876 0.4823 0 -0.258485 -0 -0.966015 -0.707075 -0.707139 0
-0.433105 0.866 0.25 0.1667 0.1667 -0.4598 0.8474 0.2654 -0.258485 -0 -0.966015 -0.707075 -0.707139 0
-0.75 0.5 -0.432999 0.3333 0.3333 -0.7586 0.4823 -0.438 0.258705 -0 -0.965956 -0.707075 -0.707139 0
-0.865967 0.5 0 0.25 0.3333 -0.876 0.4823 0 0.258705 -0 -0.965956 -0.707075 -0.707139 0
-0.5 0.866 0 0.25 0.1667 -0.5309 0.8474 0 0.258705 -0 -0.965956 -0.707075 -0.707139 0
-0.433105 0.866 -0.25 0.3333 0.1667 -0.4598 0.8474 -0.2654 0.258485 -0 -0.966015 -0.612288 -0.707167 -0.353581
-0.75 0.5 -0.432999 0.3333 0.3333 -0.7586 0.4823 -0.438 0.258485 -0 -0.966015 -0.612288 -0.707167 -0.353581
-0.5 0.866 0 0.25 0.1667 -0.5309 0.8474 0 0.258485 -0 -0.966015 -0.612288 -0.707167 -0.353581
-0.433105 0.5 -0.75 0.4167 0.3333 -0.438 0.4823 -0.7586 0.706988 -0 -0.707226 -0.612288 -0.707167 -0.353581
-0.75 0.5 -0.432999 0.3333 0.3333 -0.7586 0.4823 -0.438 0.706988 -0 -0.707226 -0.612288 -0.707167 -0.353581
-0.433105 0.866 -0.25 0.3333 0.1667 -0.4598 0.8474 -0.2654 0.706988 -0 -0.707226 -0.612288 -0.707167 -0.353581
-0.25 0.866 -0.432999 0.4167 0.1667 -0.2655 0.8474 -0.4598 0.707313 -0 -0.7069 -0.353717 -0.707026 -0.612372
-0.433105 0.5 -0.75 0.4167 0.3333 -0.438 0.4823 -0.7586 0.707313 -0 -0.7069 -0.353717 -0.707026 -0.612372
-0.433105 0.866 -0.25 0.3333 0.1667 -0.4598 0.8474 -0.2654 0.707313 -0 -0.7069 -0.353717 -0.707026 -0.612372
0 0.5 -0.866089 0.5 0.3333 -0 0.4823 -0.876 0.965904 -0 -0.258899 -0.353717 -0.707026 -0.612372
-0.433105 0.5 -0.75 0.4167 0.3333 -0.438 0.4823 -0.7586 0.965904 -0 -0.258899 -0.353717 -0.707026 -0.612372
-0.25 0.866 -0.432999 0.4167 0.1667 -0.2655 0.8474 -0.4598 0.965904 -0 -0.258899 -0.353717 -0.707026 -0.612372
0 0.866 -0.5 0.5 0.1667 -0 0.8474 -0.5309 0.965912 -0 -0.25887 0 -0.707021 -0.707193
0 0.5 -0.866089 0.5 0.3333 -0 0.4823 -0.876 0.965912 -0 -0.25887 0 -0.707021 -0.707193
-0.25 0.866 -0.432999 0.4167 0.1667 -0.2655 0.8474 -0.4598 0.965912 -0 -0.25887 0 -0.707021 -0.707193
0.433105 0.5 -0.75 0.5833 0.3333 0.438 0.4823 -0.7586 0.965904 -0 0.258899 0 -0.707021 -0.707193
0 0.5 -0.866089 0.5 0.3333 -0 0.4823 -0.876 0.965904 -0 0.258899 0 -0.707021 -0.707193
0 0.866 -0.5 0.5 0.1667 -0 0.8474 -0.5309 0.965904 -0 0.258899 0 -0.707021 -0.707193
0.25 0.866 -0.432999 0.5833 0.1667 0.2654 0.8474 -0.4598 0.965912 -0 0.25887 0.353717 -0.707026 -0.612372
0.433105 0.5 -0.75 0.5833 0.3333 0.438 0.4823 -0.7586 0.965912 -0 0.25887 0.353717 -0.707026 -0.612372
0 0.866 -0.5 0.5 0.1667 -0 0.8474 -0.5309 0.965912 -0 0.25887 0.353717 -0.707026 -0.612372
0.75 0.5 -0.432999 0.6667 0.3333 0.7586 0.4823 -0.438 0.706988 -0 0.707226 0.353717 -0.707026 -0.612372
0.433105 0.5 -0.75 0.5833 0.3333 0.438 0.4823 -0.7586 0.706988 -0 0.707226 0.353717 -0.707026 -0.612372
0.25 0.866 -0.432999 0.5833 0.1667 0.2654 0.8474 -0.4598 0.706988 -0 0.707226 0.353717 -0.707026 -0.612372
0.433105 0.866 -0.25 0.6667 0.1667 0.4598 0.8474 -0.2655 0.707313 -0 0.7069 0.612288 -0.707167 -0.353581
0.75 0.5 -0.432999 0.6667 0.3333 0.7586 0.4823 -0.438 0.707313 -0 0.7069 0.612288 -0.707167 -0.353581
0.25 0.866 -0.432999 0.5833 0.1667 0.2654 0.8474 -0.4598 0.707313 -0 0.7069 0.612288 -0.707167 -0.353581
0.865967 0.5 0 0.75 0.3333 0.876 0.4823 -0 0.258705 -0 0.965956 0.612288 -0.707167 -0.353581
0.75 0.5 -0.432999 0.6667 0.3333 0.7586 0.4823 -0.438 0.258705 -0 0.965956 0.612288 -0.707167 -0.353581
0.433105 0.866 -0.25 0.6667 0.1667 0.4598 0.8474 -0.2655 0.258705 -0 0.965956 0.612288 -0.707167 -0.353581
0.5 0.866 0 0.75 0.1667 0.5309 0.8474 -0 0.258485 -0 0.966015 0.707075 -0.707139 0
0.865967 0.5 0 0.75 0.3333 0.876 0.4823 -0 0.258485 -0 0.966015 0.707075 -0.707139 0
0.433105 0.866 -0.25 0.6667 0.1667 0.4598 0.8474 -0.2655 0.258485 -0 0.966015 0.707075 -0.707139 0
0.75 0.5 0.433014 0.8333 0.3333 0.7586 0.4823 0.438 -0.258696 -0 0.965959 0.707075 -0.707139 0
0.865967 0.5 0 0.75 0.3333 0.876 0.4823 -0 -0.258696 -0 0.965959 0.707075 -0.707139 0
0.5 0.866 0 0.75 0.1667 0.5309 0.8474 -0 -0.258696 -0 0.965959 0.707075 -0.707139 0
0.433105 0.866 0.25 0.8333 0.1667 0.4598 0.8474 0.2654 -0.258485 -0 0.966015 0.612281 -0.707159 0.353607
0.75 0.5 0.433014 0.8333 0.3333 0.7586 0.4823 0.438 -0.258485 -0 0.966015 0.612281 -0.707159 0.353607
0.5 0.866 0 0.75 0.1667 0.5309 0.8474 -0 -0.258485 -0 0.966015 0.612281 -0.707159 0.353607
0.433105 0.5 0.75 0.9167 0.3333 0.438 0.4823 0.7586 -0.707005 -0 0.707209 0.612281 -0.707159 0.353607
0.75 0.5 0.433014 0.8333 0.3333 0.7586 0.4823 0.438 -0.707005 -0 0.707209 0.612281 -0.707159 0.353607
0.433105 0.866 0.25 0.8333 0.1667 0.4598 0.8474 0.2654 -0.707005 -0 0.707209 0.612281 -0.707159 0.353607
0.25 0.866 0.433014 0.9167 0.1667 0.2655 0.8474 0.4598 -0.707284 -0 0.70693 0.353723 -0.707038 0.612353
0.433105 0.5 0.75 0.9167 0.3333 0.438 0.4823 0.7586 -0.707284 -0 0.70693 0.353723 -0.707038 0.612353
0.433105 0.866 0.25 0.8333 0.1667 0.4598 0.8474 0.2654 -0.707284 -0 0.70693 0.353723 -0.707038 0.612353
0 0.5 0.866013 1 0.3333 0 0.4823 0.876 -0.965947 -0 0.258741 0.353723 -0.707038 0.612353
0.433105 0.5 0.75 0.9167 0.3333 0.438 0.4823 0.7586 -0.965947 -0 0.258741 0.353723 -0.707038 0.612353
0.25 0.866 0.433014 0.9167 0.1667 0.2655 0.8474 0.4598 -0.965947 -0 0.258741 0.353723 -0.707038 0.612353
0 0.866 0.5 1 0.1667 0 0.8474 0.5309 -0.965927 -0 0.258815 0 -0.707095 0.707119
0 0.5 0.866013 1 0.3333 0 0.4823 0.876 -0.965927 -0 0.258815 0 -0.707095 0.707119
0.25 0.866 0.433014 0.9167 0.1667 0.2655 0.8474 0.4598 -0.965927 -0 0.258815 0 -0.707095 0.707119
-0.5 -0 0.866013 0.0833 0.5 -0.5 -0 0.866 -0.96592 -0 -0.258842 0 -0.96592 0.258842
0 -0 1 0 0.5 0 -0 1 -0.96592 -0 -0.258842 0 -0.96592 0.258842
0 0.5 0.866013 0 0.3333 0 0.4823 0.876 -0.96592 -0 -0.258842 0 -0.96592 0.258842
-0.433105 0.5 0.75 0.0833 0.3333 -0.438 0.4823 0.7586 -0.965947 -0 -0.258741 -0.129234 -0.965954 0.224126
-0.5 -0 0.866013 0.0833 0.5 -0.5 -0 0.866 -0.965947 -0 -0.258741 -0.129234 -0.965954 0.224126
0 0.5 0.866013 0 0.3333 0 0.4823 0.876 -0.965947 -0 -0.258741 -0.129234 -0.965954 0.224126
-0.865967 -0 0.5 0.1667 0.5 -0.866 -0 0.5 -0.707063 -0 -0.707151 -0.129234 -0.965954 0.224126
-0.5 -0 0.866013 0.0833 0.5 -0.5 -0 0.866 -0.707063 -0 -0.707151 -0.129234 -0.965954 0.224126
-0.433105 0.5 0.75 0.0833 0.3333 -0.438 0.4823 0.7586 -0.707063 -0 -0.707151 -0.129234 -0.965954 0.224126
-0.75 0.5 0.433014 0.1667 0.3333 -0.7586 0.4823 0.438 -0.707005 -0 -0.707209 -0.224036 -0.965951 0.129411
-0.865967 -0 0.5 0.1667 0.5 -0.866 -0 0.5 -0.707005 -0 -0.707209 -0.224036 -0.965951 0.129411
-0.433105 0.5 0.75 0.0833 0.3333 -0.438 0.4823 0.7586 -0.707005 -0 -0.707209 -0.224036 -0.965951 0.129411
-1 -0 0 0.25 0.5 -1 -0 0 -0.258925 -0 -0.965898 -0.224036 -0.965951 0.129411
-0.865967 -0 0.5 0.1667 0.5 -0.866 -0 0.5 -0.258925 -0 -0.965898 -0.224036 -0.965951 0.129411
-0.75 0.5 0.433014 0.1667 0.3333 -0.7586 0.4823 0.438 -0.258925 -0 -0.965898 -0.224036 -0.965951 0.129411
-0.865967 0.5 0 0.25 0.3333 -0.876 0.4823 0 -0.258696 -0 -0.965959 -0.258925 -0.965898 0
-1 -0 0 0.25 0.5 -1 -0 0 -0.258696 -0 -0.965959 -0.258925 -0.965898 0
-0.75 0.5 0.433014 0.1667 0.3333 -0.7586 0.4823 0.438 -0.258696 -0 -0.965959 -0.258925 -0.965898 0
-0.865967 -0 -0.5 0.3333 0.5 -0.866 -0 -0.5 0.258925 -0 -0.965898 -0.258925 -0.965898 0
-1 -0 0 0.25 0.5 -1 -0 0 0.258925 -0 -0.965898 -0.258925 -0.965898 0
-0.865967 0.5 0 0.25 0.3333 -0.876 0.4823 0 0.258925 -0 -0.965898 -0.258925 -0.965898 0
-0.75 0.5 -0.432999 0.3333 0.3333 -0.7586 0.4823 -0.438 0.258705 -0 -0.965956 -0.224036 -0.965947 -0.129439
-0.865967 -0 -0.5 0.3333 0.5 -0.866 -0 -0.5 0.258705 -0 -0.965956 -0.224036 -0.965947 -0.129439
-0.865967 0.5 0 0.25 0.3333 -0.876 0.4823 0 0.258705 -0 -0.965956 -0.224036 -0.965947 -0.129439
-0.5 -0 -0.866089 0.4167 0.5 -0.5 -0 -0.866 0.706989 -0 -0.707225 -0.224036 -0.965947 -0.129439
-0.865967 -0 -0.5 0.3333 0.5 -0.866 -0 -0.5 0.706989 -0 -0.707225 -0.224036 -0.965947 -0.129439
-0.75 0.5 -0.432999 0.3333 0.3333 -0.7586 0.4823 -0.438 0.706989 -0 -0.707225 -0.224036 -0.965947 -0.129439
-0.433105 0.5 -0.75 0.4167 0.3333 -0.438 0.4823 -0.7586 0.706988 -0 -0.707226 -0.12923 -0.965922 -0.224265
-0.5 -0 -0.866089 0.4167 0.5 -0.5 -0 -0.866 0.706988 -0 -0.707226 -0.12923 -0.965922 -0.224265
-0.75 0.5 -0.432999 0.3333 0.3333 -0.7586 0.4823 -0.438 0.706988 -0 -0.707226 -0.12923 -0.965922 -0.224265
0 -0 -1 0.5 0.5 -0 -0 -1 0.965956 -0 -0.258705 -0.12923 -0.965922 -0.224265
-0.5 -0 -0.866089 0.4167 0.5 -0.5 -0 -0.866 0.965956 -0 -0.258705 -0.12923 -0.965922 -0.224265
-0.433105 0.5 -0.75 0.4167 0.3333 -0.438 0.4823 -0.7586 0.965956 -0 -0.258705 -0.12923 -0.965922 -0.224265
0 0.5 -0.866089 0.5 0.3333 -0 0.4823 -0.876 0.965904 -0 -0.258899 0 -0.965957 -0.258705
0 -0 -1 0.5 0.5 -0 -0 -1 0.965904 -0 -0.258899 0 -0.965957 -0.258705
-0.433105 0.5 -0.75 0.4167 0.3333 -0.438 0.4823 -0.7586 0.965904 -0 -0.258899 0 -0.965957 -0.258705
0.5 -0 -0.866089 0.5833 0.5 0.5 -0 -0.866 0.965956 -0 0.258705 0 -0.965957 -0.258705
0 -0 -1 0.5 0.5 -0 -0 -1 0.965956 -0 0.258705 0 -0.965957 -0.258705
0 0.5 -0.866089 0.5 0.3333 -0 0.4823 -0.876 0.965956 -0 0.258705 0 -0.965957 -0.258705
0.433105 0.5 -0.75 0.5833 0.3333 0.438 0.4823 -0.7586 0.965904 -0 0.258899 0.12923 -0.965922 -0.224266
0.5 -0 -0.866089 0.5833 0.5 0.5 -0 -0.866 0.965904 -0 0.258899 0.12923 -0.965922 -0.224266
0 0.5 -0.866089 0.5 0.3333 -0 0.4823 -0.876 0.965904 -0 0.258899 0.12923 -0.965922 -0.224266
0.865967 -0 -0.5 0.6667 0.5 0.866 -0 -0.5 0.706989 -0 0.707225 0.12923 -0.965922 -0.224266
0.5 -0 -0.866089 0.5833 0.5 0.5 -0 -0.866 0.706989 -0 0.707225 0.12923 -0.965922 -0.224266
0.433105 0.5 -0.75 0.5833 0.3333 0.438 0.4823 -0.7586 0.706989 -0 0.707225 0.12923 -0.965922 -0.224266
0.75 0.5 -0.432999 0.6667 0.3333 0.7586 0.4823 -0.438 0.706988 -0 0.707226 0.224036 -0.965947 -0.129439
0.865967 -0 -0.5 0.6667 0.5 0.866 -0 -0.5 0.706988 -0 0.707226 0.224036 -0.965947 -0.129439
0.433105 0.5 -0.75 0.5833 0.3333 0.438 0.4823 -0.7586 0.706988 -0 0.707226 0.224036 -0.965947 -0.129439
1 -0 0 0.75 0.5 1 -0 -0 0.258925 -0 0.965897 0.224036 -0.965947 -0.129439
0.865967 -0 -0.5 0.6667 0.5 0.866 -0 -0.5 0.258925 -0 0.965897 0.224036 -0.965947 -0.129439
0.75 0.5 -0.432999 0.6667 0.3333 0.7586 0.4823 -0.438 0.258925 -0 0.965897 0.224036 -0.965947 -0.129439
0.865967 0.5 0 0.75 0.3333 0.876 0.4823 -0 0.258705 -0 0.965956 0.258925 -0.965898 0
1 -0 0 0.75 0.5 1 -0 -0 0.258705 -0 0.965956 0.258925 -0.965898 0
0.75 0.5 -0.432999 0.6667 0.3333 0.7586 0.4823 -0.438 0.258705 -0 0.965956 0.258925 -0.965898 0
0.865967 -0 0.5 0.8333 0.5 0.866 -0 0.5 -0.258925 -0 0.965897 0.258925 -0.965898 0
1 -0 0 0.75 0.5 1 -0 -0 -0.258925 -0 0.965897 0.258925 -0.965898 0
0.865967 0.5 0 0.75 0.3333 0.876 0.4823 -0 -0.258925 -0 0.965897 0.258925 -0.965898 0
0.75 0.5 0.433014 0.8333 0.3333 0.7586 0.4823 0.438 -0.258696 -0 0.965959 0.224036 -0.965951 0.129411
0.865967 -0 0.5 0.8333 0.5 0.866 -0 0.5 -0.258696 -0 0.965959 0.224036 -0.965951 0.129411
0.865967 0.5 0 0.75 0.3333 0.876 0.4823 -0 -0.258696 -0 0.965959 0.224036 -0.965951 0.129411
0.5 -0 0.866013 0.9167 0.5 0.5 -0 0.866 -0.707063 -0 0.707151 0.224036 -0.965951 0.12941
0.865967 -0 0.5 0.8333 0.5 0.866 -0 0.5 -0.707063 -0 0.707151 0.224036 -0.965951 0.12941
0.75 0.5 0.433014 0.8333 0.3333 0.7586 0.4823 0.438 -0.707063 -0 0.707151 0.224036 -0.965951 0.12941
0.433105 0.5 0.75 0.9167 0.3333 0.438 0.4823 0.7586 -0.707005 -0 0.707209 0.129234 -0.965954 0.224126
0.5 -0 0.866013 0.9167 0.5 0.5 -0 0.866 -0.707005 -0 0.707209 0.129234 -0.965954 0.224126
0.75 0.5 0.433014 0.8333 0.3333 0.7586 0.4823 0.438 -0.707005 -0 0.707209 0.129234 -0.965954 0.224126
0 -0 1 1 0.5 0 -0 1 -0.96592 -0 0.258842 0.129234 -0.965954 0.224126
0.5 -0 0.866013 0.9167 0.5 0.5 -0 0.866 -0.96592 -0 0.258842 0.129234 -0.965954 0.224126
0.433105 0.5 0.75 0.9167 0.3333 0.438 0.4823 0.7586 -0.96592 -0 0.258842 0.129234 -0.965954 0.224126
0 0.5 0.866013 1 0.3333 0 0.4823 0.876 -0.965947 -0 0.258741 0 -0.96592 0.258842
0 -0 1 1 0.5 0 -0 1 -0.965947 -0 0.258741 0 -0.96592 0.258842
0.433105 0.5 0.75 0.9167 0.3333 0.438 0.4823 0.7586 -0.965947 -0 0.258741 0 -0.96592 0.258842
-0.433105 -0.5 0.75 0.0833 0.6667 -0.438 -0.4823 0.7586 -0.965947 -0 -0.258741 0 -0.96592 -0.258842
0 -0.5 0.866013 0 0.6667 0 -0.4823 0.876 -0.965947 -0 -0.258741 0 -0.96592 -0.258842
0 -0 1 0 0.5 0 -0 1 -0.965947 -0 -0.258741 0 -0.96592 -0.258842
-0.5 -0 0.866013 0.0833 0.5 -0.5 -0 0.866 -0.96592 -0 -0.258842 0.129234 -0.965954 -0.224126
-0.433105 -0.5 0.75 0.0833 0.6667 -0.438 -0.4823 0.7586 -0.96592 -0 -0.258842 0.129234 -0.965954 -0.224126
0 -0 1 0 0.5 0 -0 1 -0.96592 -0 -0.258842 0.129234 -0.965954 -0.224126
-0.75 -0.5 0.433014 0.1667 0.6667 -0.7586 -0.4823 0.438 -0.707005 -0 -0.707209 0.129234 -0.965954 -0.224126
-0.433105 -0.5 0.75 0.0833 0.6667 -0.438 -0.4823 0.7586 -0.707005 -0 -0.707209 0.129234 -0.965954 -0.224126
-0.5 -0 0.866013 0.0833 0.5 -0.5 -0 0.866 -0.707005 -0 -0.707209 0.129234 -0.965954 -0.224126
-0.865967 -0 0.5 0.1667 0.5 -0.866 -0 0.5 -0.707063 -0 -0.707151 0.224036 -0.965951 -0.129411
-0.75 -0.5 0.433014 0.1667 0.6667 -0.7586 -0.4823 0.438 -0.707063 -0 -0.707151 0.224036 -0.965951 -0.129411
-0.5 -0 0.866013 0.0833 0.5 -0.5 -0 0.866 -0.707063 -0 -0.707151 0.224036 -0.965951 -0.129411
-0.865967 -0.5 0 0.25 0.6667 -0.876 -0.4823 0 -0.258696 -0 -0.965959 0.224036 -0.965951 -0.129411
-0.75 -0.5 0.433014 0.1667 0.6667 -0.7586 -0.4823 0.438 -0.258696 -0 -0.965959 0.224036 -0.965951 -0.129411
-0.865967 -0 0.5 0.1667 0.5 -0.866 -0 0.5 -0.258696 -0 -0.965959 0.224036 -0.965951 -0.129411
-1 -0 0 0.25 0.5 -1 -0 0 -0.258925 -0 -0.965898 0.258925 -0.965898 0
-0.865967 -0.5 0 0.25 0.6667 -0.876 -0.4823 0 -0.258925 -0 -0.965898 0.258925 -0.965898 0
-0.865967 -0 0.5 0.1667 0.5 -0.866 -0 0.5 -0.258925 -0 -0.965898 0.258925 -0.965898 0
-0.75 -0.5 -0.432999 0.3333 0.6667 -0.7586 -0.4823 -0.438 0.258705 -0 -0.965956 0.258925 -0.965898 0
-0.865967 -0.5 0 0.25 0.6667 -0.876 -0.4823 0 0.258705 -0 -0.965956 0.258925 -0.965898 0
-1 -0 0 0.25 0.5 -1 -0 0 0.258705 -0 -0.965956 0.258925 -0.965898 0
-0.865967 -0 -0.5 0.3333 0.5 -0.866 -0 -0.5 0.258925 -0 -0.965898 0.224036 -0.965947 0.129439
-0.75 -0.5 -0.432999 0.3333 0.6667 -0.7586 -0.4823 -0.438 0.258925 -0 -0.965898 0.224036 -0.965947 0.129439
-1 -0 0 0.25 0.5 -1 -0 0 0.258925 -0 -0.965898 0.224036 -0.965947 0.129439
-0.433105 -0.5 -0.75 0.4167 0.6667 -0.438 -0.4823 -0.7586 0.706988 -0 -0.707226 0.224036 -0.965947 0.12944
-0.75 -0.5 -0.432999 0.3333 0.6667 -0.7586 -0.4823 -0.438 0.706988 -0 -0.707226 0.224036 -0.965947 0.12944
-0.865967 -0 -0.5 0.3333 0.5 -0.866 -0 -0.5 0.706988 -0 -0.707226 0.224036 -0.965947 0.12944
-0.5 -0 -0.866089 0.4167 0.5 -0.5 -0 -0.866 0.706989 -0 -0.707225 0.12923 -0.965922 0.224266
-0.433105 -0.5 -0.75 0.4167 0.6667 -0.438 -0.4823 -0.7586 0.706989 -0 -0.707225 0.12923 -0.965922 0.224266
-0.865967 -0 -0.5 0.3333 0.5 -0.866 -0 -0.5 0.706989 -0 -0.707225 0.12923 -0.965922 0.224266
0 -0.5 -0.866089 0.5 0.6667 -0 -0.4823 -0.876 0.965904 -0 -0.258899 0.12923 -0.965922 0.224265
-0.433105 -0.5 -0.75 0.4167 0.6667 -0.438 -0.4823 -0.7586 0.965904 -0 -0.258899 0.12923 -0.965922 0.224265
-0.5 -0 -0.866089 0.4167 0.5 -0.5 -0 -0.866 0.965904 -0 -0.258899 0.12923 -0.965922 0.224265
0 -0 -1 0.5 0.5 -0 -0 -1 0.965956 -0 -0.258705 0 -0.965957 0.258705
0 -0.5 -0.866089 0.5 0.6667 -0 -0.4823 -0.876 0.965956 -0 -0.258705 0 -0.965957 0.258705
-0.5 -0 -0.866089 0.4167 0.5 -0.5 -0 -0.866 0.965956 -0 -0.258705 0 -0.965957 0.258705
0.433105 -0.5 -0.75 0.5833 0.6667 0.438 -0.4823 -0.7586 0.965904 -0 0.258899 0 -0.965956 0.258705
0 -0.5 -0.866089 0.5 0.6667 -0 -0.4823 -0.876 0.965904 -0 0.258899 0 -0.965956 0.258705
0 -0 -1 0.5 0.5 -0 -0 -1 0.965904 -0 0.258899 0 -0.965956 0.258705
0.5 -0 -0.866089 0.5833 0.5 0.5 -0 -0.866 0.965956 -0 0.258705 -0.12923 -0.965922 0.224266
0.433105 -0.5 -0.75 0.5833 0.6667 0.438 -0.4823 -0.7586 0.965956 -0 0.258705 -0.12923 -0.965922 0.224266
0 -0 -1 0.5 0.5 -0 -0 -1 0.965956 -0 0.258705 -0.12923 -0.965922 0.224266
0.75 -0.5 -0.432999 0.6667 0.6667 0.7586 -0.4823 -0.438 0.706988 -0 0.707226 -0.12923 -0.965922 0.224266
0.433105 -0.5 -0.75 0.5833 0.6667 0.438 -0.4823 -0.7586 0.706988 -0 0.707226 -0.12923 -0.965922 0.224266
0.5 -0 -0.866089 0.5833 0.5 0.5 -0 -0.866 0.706988 -0 0.707226 -0.12923 -0.965922 0.224266
0.865967 -0 -0.5 0.6667 0.5 0.866 -0 -0.5 0.706989 -0 0.707225 -0.224036 -0.965947 0.129439
0.75 -0.5 -0.432999 0.6667 0.6667 0.7586 -0.4823 -0.438 0.706989 -0 0.707225 -0.224036 -0.965947 0.129439
0.5 -0 -0.866089 0.5833 0.5 0.5 -0 -0.866 0.706989 -0 0.707225 -0.224036 -0.965947 0.129439
0.865967 -0.5 0 0.75 0.6667 0.876 -0.4823 -0 0.258705 -0 0.965956 -0.224036 -0.965947 0.129439
0.75 -0.5 -0.432999 0.6667 0.6667 0.7586 -0.4823 -0.438 0.258705 -0 0.965956 -0.224036 -0.965947 0.129439
0.865967 -0 -0.5 0.6667 0.5 0.866 -0 -0.5 0.258705 -0 0.965956 -0.224036 -0.965947 0.129439
1 -0 0 0.75 0.5 1 -0 -0 0.258925 -0 0.965898 -0.258925 -0.965898 0
0.865967 -0.5 0 0.75 0.6667 0.876 -0.4823 -0 0.258925 -0 0.965898 -0.258925 -0.965898 0
0.865967 -0 -0.5 0.6667 0.5 0.866 -0 -0.5 0.258925 -0 0.965898 -0.258925 -0.965898 0
0.75 -0.5 0.433014 0.8333 0.6667 0.7586 -0.4823 0.438 -0.258696 -0 0.965959 -0.258925 -0.965898 0
0.865967 -0.5 0 0.75 0.6667 0.876 -0.4823 -0 -0.258696 -0 0.965959 -0.258925 -0.965898 0
1 -0 0 0.75 0.5 1 -0 -0 -0.258696 -0 0.965959 -0.258925 -0.965898 0
0.865967 -0 0.5 0.8333 0.5 0.866 -0 0.5 -0.258925 -0 0.965898 -0.224036 -0.965951 -0.12941
0.75 -0.5 0.433014 0.8333 0.6667 0.7586 -0.4823 0.438 -0.258925 -0 0.965898 -0.224036 -0.965951 -0.12941
1 -0 0 0.75 0.5 1 -0 -0 -0.258925 -0 0.965898 -0.224036 -0.965951 -0.12941
0.433105 -0.5 0.75 0.9167 0.6667 0.438 -0.4823 0.7586 -0.707005 -0 0.707209 -0.224036 -0.965951 -0.12941
0.75 -0.5 0.433014 0.8333 0.6667 0.7586 -0.4823 0.438 -0.707005 -0 0.707209 -0.224036 -0.965951 -0.12941
0.865967 -0 0.5 0.8333 0.5 0.866 -0 0.5 -0.707005 -0 0.707209 -0.224036 -0.965951 -0.12941
0.5 -0 0.866013 0.9167 0.5 0.5 -0 0.866 -0.707063 -0 0.707151 -0.129234 -0.965954 -0.224126
0.433105 -0.5 0.75 0.9167 0.6667 0.438 -0.4823 0.7586 -0.707063 -0 0.707151 -0.129234 -0.965954 -0.224126
0.865967 -0 0.5 0.8333 0.5 0.866 -0 0.5 -0.707063 -0 0.707151 -0.129234 -0.965954 -0.224126
0 -0.5 0.866013 1 0.6667 0 -0.4823 0.876 -0.965947 -0 0.258741 -0.129234 -0.965954 -0.224126
0.433105 -0.5 0.75 0.9167 0.6667 0.438 -0.4823 0.7586 -0.965947 -0 0.258741 -0.129234 -0.965954 -0.224126
0.5 -0 0.866013 0.9167 0.5 0.5 -0 0.866 -0.965947 -0 0.258741 -0.129234 -0.965954 -0.224126
0 -0 1 1 0.5 0 -0 1 -0.96592 -0 0.258842 0 -0.96592 -0.258842
0 -0.5 0.866013 1 0.6667 0 -0.4823 0.876 -0.96592 -0 0.258842 0 -0.96592 -0.258842
0.5 -0 0.866013 0.9167 0.5 0.5 -0 0.866 -0.96592 -0 0.258842 0 -0.96592 -0.258842
-0.25 -0.866 0.433014 0.0833 0.8333 -0.2654 -0.8474 0.4598 -0.965927 -0 -0.258815 0 -0.707095 -0.707119
0 -0.866 0.5 0 0.8333 0 -0.8474 0.5309 -0.965927 -0 -0.258815 0 -0.707095 -0.707119
0 -0.5 0.866013 0 0.6667 0 -0.4823 0.876 -0.965927 -0 -0.258815 0 -0.707095 -0.707119
-0.433105 -0.5 0.75 0.0833 0.6667 -0.438 -0.4823 0.7586 -0.965947 -0 -0.258741 0.353723 -0.707038 -0.612353
-0.25 -0.866 0.433014 0.0833 0.8333 -0.2654 -0.8474 0.4598 -0.965947 -0 -0.258741 0.353723 -0.707038 -0.612353
0 -0.5 0.866013 0 0.6667 0 -0.4823 0.876 -0.965947 -0 -0.258741 0.353723 -0.707038 -0.612353
-0.433105 -0.866 0.25 0.1667 0.8333 -0.4598 -0.8474 0.2654 -0.707284 -0 -0.70693 0.353723 -0.707038 -0.612353
-0.25 -0.866 0.433014 0.0833 0.8333 -0.2654 -0.8474 0.4598 -0.707284 -0 -0.70693 0.353723 -0.707038 -0.612353
-0.433105 -0.5 0.75 0.0833 0.6667 -0.438 -0.4823 0.7586 -0.707284 -0 -0.70693 0.353723 -0.707038 -0.612353
-0.75 -0.5 0.433014 0.1667 0.6667 -0.7586 -0.4823 0.438 -0.707005 -0 -0.707209 0.612281 -0.707159 -0.353607
-0.433105 -0.866 0.25 0.1667 0.8333 -0.4598 -0.8474 0.2654 -0.707005 -0 -0.707209 0.612281 -0.707159 -0.353607
-0.433105 -0.5 0.75 0.0833 0.6667 -0.438 -0.4823 0.7586 -0.707005 -0 -0.707209 0.612281 -0.707159 -0.353607
-0.5 -0.866 0 0.25 0.8333 -0.5309 -0.8474 0 -0.258485 -0 -0.966015 0.612281 -0.707159 -0.353607
-0.433105 -0.866 0.25 0.1667 0.8333 -0.4598 -0.8474 0.2654 -0.258485 -0 -0.966015 0.612281 -0.707159 -0.353607
-0.75 -0.5 0.433014 0.1667 0.6667 -0.7586 -0.4823 0.438 -0.258485 -0 -0.966015 0.612281 -0.707159 -0.353607
-0.865967 -0.5 0 0.25 0.6667 -0.876 -0.4823 0 -0.258696 -0 -0.965959 0.707075 -0.707139 0
-0.5 -0.866 0 0.25 0.8333 -0.5309 -0.8474 0 -0.258696 -0 -0.965959 0.707075 -0.707139 0
-0.75 -0.5 0.433014 0.1667 0.6667 -0.7586 -0.4823 0.438 -0.258696 -0 -0.965959 0.707075 -0.707139 0
-0.433105 -0.866 -0.25 0.3333 0.8333 -0.4598 -0.8474 -0.2654 0.258485 -0 -0.966015 0.707075 -0.707139 0
-0.5 -0.866 0 0.25 0.8333 -0.5309 -0.8474 0 0.258485 -0 -0.966015 0.707075 -0.707139 0
-0.865967 -0.5 0 0.25 0.6667 -0.876 -0.4823 0 0.258485 -0 -0.966015 0.707075 -0.707139 0
-0.75 -0.5 -0.432999 0.3333 0.6667 -0.7586 -0.4823 -0.438 0.258705 -0 -0.965956 0.612288 -0.707167 0.353581
-0.433105 -0.866 -0.25 0.3333 0.8333 -0.4598 -0.8474 -0.2654 0.258705 -0 -0.965956 0.612288 -0.707167 0.353581
-0.865967 -0.5 0 0.25 0.6667 -0.876 -0.4823 0 0.258705 -0 -0.965956 0.612288 -0.707167 0.353581
-0.25 -0.866 -0.432999 0.4167 0.8333 -0.2655 -0.8474 -0.4598 0.707313 -0 -0.7069 0.612288 -0.707167 0.353581
-0.433105 -0.866 -0.25 0.3333 0.8333 -0.4598 -0.8474 -0.2654 0.707313 -0 -0.7069 0.612288 -0.707167 0.353581
-0.75 -0.5 -0.432999 0.3333 0.6667 -0.7586 -0.4823 -0.438 0.707313 -0 -0.7069 0.612288 -0.707167 0.353581
-0.433105 -0.5 -0.75 0.4167 0.6667 -0.438 -0.4823 -0.7586 0.706988 -0 -0.707226 0.353717 -0.707026 0.612372
-0.25 -0.866 -0.432999 0.4167 0.8333 -0.2655 -0.8474 -0.4598 0.706988 -0 -0.707226 0.353717 -0.707026 0.612372
-0.75 -0.5 -0.432999 0.3333 0.6667 -0.7586 -0.4823 -0.438 0.706988 -0 -0.707226 0.353717 -0.707026 0.612372
0 -0.866 -0.5 0.5 0.8333 -0 -0.8474 -0.5309 0.965912 -0 -0.25887 0.353717 -0.707026 0.612372
-0.25 -0.866 -0.432999 0.4167 0.8333 -0.2655 -0.8474 -0.4598 0.965912 -0 -0.25887 0.353717 -0.707026 0.612372
-0.433105 -0.5 -0.75 0.4167 0.6667 -0.438 -0.4823 -0.7586 0.965912 -0 -0.25887 0.353717 -0.707026 0.612372
0 -0.5 -0.866089 0.5 0.6667 -0 -0.4823 -0.876 0.965904 -0 -0.258899 0 -0.707021 0.707193
0 -0.866 -0.5 0.5 0.8333 -0 -0.8474 -0.5309 0.965904 -0 -0.258899 0 -0.707021 0.707193
-0.433105 -0.5 -0.75 0.4167 0.6667 -0.438 -0.4823 -0.7586 0.965904 -0 -0.258899 0 -0.707021 0.707193
0.25 -0.866 -0.432999 0.5833 0.8333 0.2654 -0.8474 -0.4598 0.965912 -0 0.25887 0 -0.707021 0.707193
0 -0.866 -0.5 0.5 0.8333 -0 -0.8474 -0.5309 0.965912 -0 0.25887 0 -0.707021 0.707193
0 -0.5 -0.866089 0.5 0.6667 -0 -0.4823 -0.876 0.965912 -0 0.25887 0 -0.707021 0.707193
0.433105 -0.5 -0.75 0.5833 0.6667 0.438 -0.4823 -0.7586 0.965904 -0 0.258899 -0.353717 -0.707026 0.612372
0.25 -0.866 -0.432999 0.5833 0.8333 0.2654 -0.8474 -0.4598 0.965904 -0 0.258899 -0.353717 -0.707026 0.612372
0 -0.5 -0.866089 0.5 0.6667 -0 -0.4823 -0.876 0.965904 -0 0.258899 -0.353717 -0.707026 0.612372
0.433105 -0.866 -0.25 0.6667 0.8333 0.4598 -0.8474 -0.2655 0.707313 -0 0.7069 -0.353717 -0.707026 0.612372
0.25 -0.866 -0.432999 0.5833 0.8333 0.2654 -0.8474 -0.4598 0.707313 -0 0.7069 -0.353717 -0.707026 0.612372
0.433105 -0.5 -0.75 0.5833 0.6667 0.438 -0.4823 -0.7586 0.707313 -0 0.7069 -0.353717 -0.707026 0.612372
0.75 -0.5 -0.432999 0.6667 0.6667 0.7586 -0.4823 -0.438 0.706988 -0 0.707226 -0.612288 -0.707167 0.353581
0.433105 -0.866 -0.25 0.6667 0.8333 0.4598 -0.8474 -0.2655 0.706988 -0 0.707226 -0.612288 -0.707167 0.353581
0.433105 -0.5 -0.75 0.5833 0.6667 0.438 -0.4823 -0.7586 0.706988 -0 0.707226 -0.612288 -0.707167 0.353581
0.5 -0.866 0 0.75 0.8333 0.5309 -0.8474 -0 0.258485 -0 0.966015 -0.612288 -0.707167 0.353581
0.433105 -0.866 -0.25 0.6667 0.8333 0.4598 -0.8474 -0.2655 0.258485 -0 0.966015 -0.612288 -0.707167 0.353581
0.75 -0.5 -0.432999 0.6667 0.6667 0.7586 -0.4823 -0.438 0.258485 -0 0.966015 -0.612288 -0.707167 0.353581
0.865967 -0.5 0 0.75 0.6667 0.876 -0.4823 -0 0.258705 -0 0.965956 -0.707075 -0.707139 0
0.5 -0.866 0 0.75 0.8333 0.5309 -0.8474 -0 0.258705 -0 0.965956 -0.707075 -0.707139 0
0.75 -0.5 -0.432999 0.6667 0.6667 0.7586 -0.4823 -0.438 0.258705 -0 0.965956 -0.707075 -0.707139 0
0.433105 -0.866 0.25 0.8333 0.8333 0.4598 -0.8474 0.2654 -0.258485 -0 0.966015 -0.707075 -0.707139 0
0.5 -0.866 0 0.75 0.8333 0.5309 -0.8474 -0 -0.258485 -0 0.966015 -0.707075 -0.707139 0
0.865967 -0.5 0 0.75 0.6667 0.876 -0.4823 -0 -0.258485 -0 0.966015 -0.707075 -0.707139 0
0.75 -0.5 0.433014 0.8333 0.6667 0.7586 -0.4823 0.438 -0.258696 -0 0.965959 -0.612281 -0.707159 -0.353607
0.433105 -0.866 0.25 0.8333 0.8333 0.4598 -0.8474 0.2654 -0.258696 -0 0.965959 -0.612281 -0.707159 -0.353607
0.865967 -0.5 0 0.75 0.6667 0.876 -0.4823 -0 -0.258696 -0 0.965959 -0.612281 -0.707159 -0.353607
0.25 -0.866 0.433014 0.9167 0.8333 0.2655 -0.8474 0.4598 -0.707284 -0 0.70693 -0.612281 -0.707159 -0.353607
0.433105 -0.866 0.25 0.8333 0.8333 0.4598 -0.8474 0.2654 -0.707284 -0 0.70693 -0.612281 -0.707159 -0.353607
0.75 -0.5 0.433014 0.8333 0.6667 0.7586 -0.4823 0.438 -0.707284 -0 0.70693 -0.612281 -0.707159 -0.353607
0.433105 -0.5 0.75 0.9167 0.6667 0.438 -0.4823 0.7586 -0.707005 -0 0.707209 -0.353723 -0.707038 -0.612353
0.25 -0.866 0.433014 0.9167 0.8333 0.2655 -0.8474 0.4598 -0.707005 -0 0.707209 -0.353723 -0.707038 -0.612353
0.75 -0.5 0.433014 0.8333 0.6667 0.7586 -0.4823 0.438 -0.707005 -0 0.707209 -0.353723 -0.707038 -0.612353
0 -0.866 0.5 1 0.8333 0 -0.8474 0.5309 -0.965927 -0 0.258815 -0.353723 -0.707038 -0.612353
0.25 -0.866 0.433014 0.9167 0.8333 0.2655 -0.8474 0.4598 -0.965927 -0 0.258815 -0.353723 -0.707038 -0.612353
0.433105 -0.5 0.75 0.9167 0.6667 0.438 -0.4823 0.7586 -0.965927 -0 0.258815 -0.353723 -0.707038 -0.612353
0 -0.5 0.866013 1 0.6667 0 -0.4823 0.876 -0.965947 -0 0.258741 0 -0.707095 -0.707119
0 -0.866 0.5 1 0.8333 0 -0.8474 0.5309 -0.965947 -0 0.258741 0 -0.707095 -0.707119
0.433105 -0.5 0.75 0.9167 0.6667 0.438 -0.4823 0.7586 -0.965947 -0 0.258741 0 -0.707095 -0.707119
0 -0.866 0.5 0 0.8333 0 -0.8474 0.5309 -0.965927 0 -0.258815 0 -0.258865 -0.965914
-0.25 -0.866 0.433014 0.0833 0.8333 -0.2654 -0.8474 0.4598 -0.965927 0 -0.258815 0 -0.258865 -0.965914
0 -1 0 0 1 0 -1 0 -0.965927 0 -0.258815 0 -0.258865 -0.965914
-0.25 -0.866 0.433014 0.0833 0.8333 -0.2654 -0.8474 0.4598 -0.707283 0 -0.70693 0.482956 -0.258864 -0.836506
-0.433105 -0.866 0.25 0.1667 0.8333 -0.4598 -0.8474 0.2654 -0.707283 0 -0.70693 0.482956 -0.258864 -0.836506
0 -1 0 0.0833 1 0 -1 0 -0.707283 0 -0.70693 0.482956 -0.258864 -0.836506
-0.433105 -0.866 0.25 0.1667 0.8333 -0.4598 -0.8474 0.2654 -0.258485 0 -0.966015 0.83656 -0.258826 -0.482884
-0.5 -0.866 0 0.25 0.8333 -0.5309 -0.8474 0 -0.258485 0 -0.966015 0.83656 -0.258826 -0.482884
0 -1 0 0.1667 1 0 -1 0 -0.258485 0 -0.966015 0.83656 -0.258826 -0.482884
-0.5 -0.866 0 0.25 0.8333 -0.5309 -0.8474 0 0.258485 0 -0.966015 0.965914 -0.258865 0
-0.433105 -0.866 -0.25 0.3333 0.8333 -0.4598 -0.8474 -0.2654 0.258485 0 -0.966015 0.965914 -0.258865 0
0 -1 0 0.25 1 0 -1 0 0.258485 0 -0.966015 0.965914 -0.258865 0
-0.433105 -0.866 -0.25 0.3333 0.8333 -0.4598 -0.8474 -0.2654 0.707313 0 -0.7069 0.83656 -0.258826 0.482884
-0.25 -0.866 -0.432999 0.4167 0.8333 -0.2655 -0.8474 -0.4598 0.707313 0 -0.7069 0.83656 -0.258826 0.482884
0 -1 0 0.3333 1 0 -1 0 0.707313 0 -0.7069 0.83656 -0.258826 0.482884
-0.25 -0.866 -0.432999 0.4167 0.8333 -0.2655 -0.8474 -0.4598 0.965912 0 -0.25887 0.482968 -0.258871 0.836498
0 -0.866 -0.5 0.5 0.8333 -0 -0.8474 -0.5309 0.965912 0 -0.25887 0.482968 -0.258871 0.836498
0 -1 0 0.4167 1 0 -1 0 0.965912 0 -0.25887 0.482968 -0.258871 0.836498
0 -0.866 -0.5 0.5 0.8333 -0 -0.8474 -0.5309 0.965912 0 0.25887 0 -0.258865 0.965914
0.25 -0.866 -0.432999 0.5833 0.8333 0.2654 -0.8474 -0.4598 0.965912 0 0.25887 0 -0.258865 0.965914
0 -1 0 0.5 1 0 -1 0 0.965912 0 0.25887 0 -0.258865 0.965914
0.25 -0.866 -0.432999 0.5833 0.8333 0.2654 -0.8474 -0.4598 0.707313 0 0.7069 -0.482968 -0.258871 0.836498
0.433105 -0.866 -0.25 0.6667 0.8333 0.4598 -0.8474 -0.2655 0.707313 0 0.7069 -0.482968 -0.258871 0.836498
0 -1 0 0.5833 1 0 -1 0 0.707313 0 0.7069 -0.482968 -0.258871 0.836498
0.433105 -0.866 -0.25 0.6667 0.8333 0.4598 -0.8474 -0.2655 0.258485 0 0.966015 -0.83656 -0.258826 0.482884
0.5 -0.866 0 0.75 0.8333 0.5309 -0.8474 -0 0.258485 0 0.966015 -0.83656 -0.258826 0.482884
0 -1 0 0.6667 1 0 -1 0 0.258485 0 0.966015 -0.83656 -0.258826 0.482884
0.5 -0.866 0 0.75 0.8333 0.5309 -0.8474 -0 -0.258485 0 0.966015 -0.965914 -0.258865 0
0.433105 -0.866 0.25 0.8333 0.8333 0.4598 -0.8474 0.2654 -0.258485 0 0.966015 -0.965914 -0.258865 0
0 -1 0 0.75 1 0 -1 0 -0.258485 0 0.966015 -0.965914 -0.258865 0
0.433105 -0.866 0.25 0.8333 0.8333 0.4598 -0.8474 0.2654 -0.707284 0 0.70693 -0.836559 -0.258826 -0.482884
0.25 -0.866 0.433014 0.9167 0.8333 0.2655 -0.8474 0.4598 -0.707284 0 0.70693 -0.836559 -0.258826 -0.482884
0 -1 0 0.8333 1 0 -1 0 -0.707284 0 0.70693 -0.836559 -0.258826 -0.482884
0.25 -0.866 0.433014 0.9167 0.8333 0.2655 -0.8474 0.4598 -0.965927 0 0.258815 -0.482956 -0.258864 -0.836506
0 -0.866 0.5 1 0.8333 0 -0.8474 0.5309 -0.965927 0 0.258815 -0.482956 -0.258864 -0.836506
0 -1 0 0.9167 1 0 -1 0 -0.965927 0 0.258815 -0.482956 -0.258864 -0.836506
Index count: 360
0
1
2
3
4
5
6
7
8
9
10
11
12
13
14
15
16
17
18
19
20
21
22
23
24
25
26
27
28
29
30
31
32
33
34
35
36
37
38
39
40
41
42
43
44
45
46
47
48
49
50
51
52
53
54
55
56
57
58
59
60
61
62
63
64
65
66
67
68
69
70
71
72
73
74
75
76
77
78
79
80
81
82
83
84
85
86
87
88
89
90
91
92
93
94
95
96
97
98
99
100
101
102
103
104
105
106
107
108
109
110
111
112
113
114
115
116
117
118
119
120
121
122
123
124
125
126
127
128
129
130
131
132
133
134
135
136
137
138
139
140
141
142
143
144
145
146
147
148
149
150
151
152
153
154
155
156
157
158
159
160
161
162
163
164
165
166
167
168
169
170
171
172
173
174
175
176
177
178
179
180
181
182
183
184
185
186
187
188
189
190
191
192
193
194
195
196
197
198
199
200
201
202
203
204
205
206
207
208
209
210
211
212
213
214
215
216
217
218
219
220
221
222
223
224
225
226
227
228
229
230
231
232
233
234
235
236
237
238
239
240
241
242
243
244
245
246
247
248
249
250
251
252
253
254
255
256
257
258
259
260
261
262
263
264
265
266
267
268
269
270
271
272
273
274
275
276
277
278
279
280
281
282
283
284
285
286
287
288
289
290
291
292
293
294
295
296
297
298
299
300
301
302
303
304
305
306
307
308
309
310
311
312
313
314
315
316
317
318
319
320
321
322
323
324
325
326
327
328
329
330
331
332
333
334
335
336
337
338
339
340
341
342
343
344
345
346
347
348
349
350
351
352
353
354
355
356
357
358
359
