Vertex Count: 214
-14.4558 16.3796 -9.1467 0.3333 0.6535 -0 0.999997 0.00225945 1 0 0 0 0.00225945 -0.999997
-14.4558 16.3381 9.2206 0.3333 0.3349 -0 0.999997 0.00225945 1 0 0 0 0.00225945 -0.999997
14.4558 16.3381 9.2206 0.6667 0.3349 -0 0.999997 0.00225945 1 0 0 0 0.00225945 -0.999997
14.4558 16.3796 -9.1467 0.6667 0.6535 -0 0.999997 0.00225945 1 0 0 0 0.00225945 -0.999997
-36.8095 10.1873 21.7872 0.9244 0.1182 -0 -0.999997 -0.00225833 -1 0 0 0 0.00225833 -0.999997
-36.8095 10.2832 -20.6775 0.9244 0.8548 -0 -0.999997 -0.00225833 -1 0 0 0 0.00225833 -0.999997
37.4851 10.2832 -20.6775 0.0678 0.8548 -0 -0.999997 -0.00225833 -1 0 0 0 0.00225833 -0.999997
37.4851 10.1873 21.7872 0.0678 0.1182 -0 -0.999997 -0.00225833 -1 0 0 -0 0.00225833 -0.999997
-36.8095 10.1742 27.5741 0.9244 0.2744 0 -0.00225396 0.999997 -1 -0 -0 0.0003215 -0.999997 -0.00225396
37.4851 10.1742 27.5741 0.0678 0.2744 0 -0.00225396 0.999997 -1 -0 -0 0.0003215 -0.999997 -0.00225396
14.4558 16.2966 27.5879 0.3333 0.1098 0 -0.00225396 0.999997 -1 -0 -0 0.0003215 -0.999997 -0.00225396
14.4558 16.2966 27.5879 0.3333 0.1098 0 -0.00225396 0.999997 -1 0 0 -0.00107925 -0.999997 -0.00225396
-14.4558 16.2966 27.5879 0.6667 0.1098 0 -0.00225396 0.999997 -1 0 0 -0.00107925 -0.999997 -0.00225396
-36.8095 10.1742 27.5741 0.9244 0.2744 0 -0.00225396 0.999997 -1 0 0 -0.00107925 -0.999997 -0.00225396
43.3674 10.1873 21.7872 0.8818 0.2721 1 0 -0 0 0.0119396 0.999929 0 -0.999927 0.012096
43.3674 10.2832 -20.6775 0.1452 0.2559 1 0 -0 0 0.0119396 0.999929 0 -0.999927 0.012096
43.3674 16.3796 -9.1467 0.3465 0.0958 1 0 -0 0 0.0119396 0.999929 0 -0.999927 0.012096
43.3674 16.3796 -9.1467 0.3465 0.0958 1 0 -0 0 0.0119232 0.999929 0 -0.999927 0.0120583
43.3674 16.3381 9.2206 0.6651 0.1028 1 0 -0 0 0.0119232 0.999929 0 -0.999927 0.0120583
43.3674 10.1873 21.7872 0.8818 0.2721 1 0 -0 0 0.0119232 0.999929 0 -0.999927 0.0120583
37.4851 10.2987 -27.5278 0.9322 0.2533 0 0.00225396 -0.999997 1 -0 -0 -0.000469158 -0.999997 -0.00225396
-36.8095 10.2987 -27.5278 0.0756 0.2533 0 0.00225396 -0.999997 1 -0 -0 -0.000469158 -0.999997 -0.00225396
-14.4558 16.4211 -27.514 0.3333 0.0887 0 0.00225396 -0.999997 1 -0 -0 -0.000469158 -0.999997 -0.00225396
-14.4558 16.4211 -27.514 0.3333 0.0887 0 0.00225396 -0.999997 1 0 0 0.000948435 -0.999997 -0.00225396
14.4558 16.4211 -27.514 0.6667 0.0887 0 0.00225396 -0.999997 1 0 0 0.000948435 -0.999997 -0.00225396
37.4851 10.2987 -27.5278 0.9322 0.2533 0 0.00225396 -0.999997 1 0 0 0.000948435 -0.999997 -0.00225396
-43.3673 10.2832 -20.6775 0.8548 0.2559 -1 0 0 -0 -0.0119389 -0.999929 0 -0.999927 0.0120736
-43.3673 10.1873 21.7872 0.1182 0.2721 -1 0 0 -0 -0.0119389 -0.999929 0 -0.999927 0.0120736
-43.3673 16.3381 9.2206 0.3349 0.1028 -1 0 0 -0 -0.0119389 -0.999929 0 -0.999927 0.0120736
-43.3673 16.3381 9.2206 0.3349 0.1028 -1 -0 0 0 -0.0119247 -0.999929 0 -0.999927 0.0121105
-43.3673 16.3796 -9.1467 0.6535 0.0958 -1 -0 0 0 -0.0119247 -0.999929 0 -0.999927 0.0121105
-43.3673 10.2832 -20.6775 0.8548 0.2559 -1 -0 0 0 -0.0119247 -0.999929 0 -0.999927 0.0121105
14.4558 16.3796 -9.1467 0.6667 0.6535 -0 0.999997 0.00225945 1 0 0 0 0.00225945 -0.999997
14.4558 16.3381 9.2206 0.6667 0.3349 -0 0.999997 0.00225945 1 0 0 0 0.00225945 -0.999997
43.3674 16.3381 9.2206 1 0.3349 -0 0.999997 0.00225945 1 0 0 0 0.00225945 -0.999997
43.3674 16.3796 -9.1467 1 0.6535 -0 0.999997 0.00225945 1 0 0 0 0.00225945 -0.999997
-14.4558 16.3381 9.2206 0.3333 0.3349 -0 0.999997 0.00225945 1 0 0 0 0.00225945 -0.999997
-14.4558 16.3796 -9.1467 0.3333 0.6535 -0 0.999997 0.00225945 1 0 0 0 0.00225945 -0.999997
-43.3673 16.3796 -9.1467 0 0.6535 -0 0.999997 0.00225945 1 0 0 0 0.00225945 -0.999997
-43.3673 16.3381 9.2206 0 0.3349 -0 0.999997 0.00225945 1 0 0 0 0.00225945 -0.999997
37.4851 10.1873 21.7872 0.0678 0.1182 -0 -0.999997 -0.00225833 -1 0 0 0 0.00225833 -0.999997
37.4851 10.2832 -20.6775 0.0678 0.8548 -0 -0.999997 -0.00225833 -1 0 0 0 0.00225833 -0.999997
43.3674 10.2832 -20.6775 0 0.8548 -0 -0.999997 -0.00225833 -1 0 0 0 0.00225833 -0.999997
43.3674 10.1873 21.7872 0 0.1182 -0 -0.999997 -0.00225833 -1 0 0 -0 0.00225833 -0.999997
-36.8095 10.2832 -20.6775 0.9244 0.8548 -0 -0.999997 -0.00225833 -1 0 0 -0 0.00225833 -0.999997
-36.8095 10.1873 21.7872 0.9244 0.1182 -0 -0.999997 -0.00225833 -1 0 0 -0 0.00225833 -0.999997
-43.3673 10.1873 21.7872 1 0.1182 -0 -0.999997 -0.00225833 -1 0 0 -0 0.00225833 -0.999997
-43.3673 10.2832 -20.6775 1 0.8548 -0 -0.999997 -0.00225833 -1 0 0 0 0.00225833 -0.999997
37.4851 10.1742 27.5741 0.0678 0.2744 0 -0.00225396 0.999997 -1 -0 -0 0 -0.999997 -0.00225396
43.3674 10.1742 27.5741 0 0.2744 0 -0.00225396 0.999997 -1 -0 -0 0 -0.999997 -0.00225396
43.3674 16.2966 27.5879 0 0.1098 0 -0.00225396 0.999997 -1 -0 -0 0 -0.999997 -0.00225396
43.3674 16.2966 27.5879 0 0.1098 0 -0.00225396 0.999997 -1 0 0 -0.000178644 -0.999997 -0.00225396
14.4558 16.2966 27.5879 0.3333 0.1098 0 -0.00225396 0.999997 -1 0 0 -0.000178644 -0.999997 -0.00225396
37.4851 10.1742 27.5741 0.0678 0.2744 0 -0.00225396 0.999997 -1 0 0 -0.000178644 -0.999997 -0.00225396
-14.4558 16.2966 27.5879 0.6667 0.1098 0 -0.00225396 0.999997 -1 0 0 0 -0.999997 -0.00225396
-43.3673 16.2966 27.5879 1 0.1098 0 -0.00225396 0.999997 -1 0 0 0 -0.999997 -0.00225396
-43.3673 10.1742 27.5741 1 0.2744 0 -0.00225396 0.999997 -1 0 0 0 -0.999997 -0.00225396
-43.3673 10.1742 27.5741 1 0.2744 0 -0.00225396 0.999997 -1 -0 -0 1.08172e-005 -0.999997 -0.00225396
-36.8095 10.1742 27.5741 0.9244 0.2744 0 -0.00225396 0.999997 -1 -0 -0 1.08172e-005 -0.999997 -0.00225396
-14.4558 16.2966 27.5879 0.6667 0.1098 0 -0.00225396 0.999997 -1 -0 -0 1.08172e-005 -0.999997 -0.00225396
-36.8095 10.2987 -27.5278 0.0756 0.2533 0 0.00225396 -0.999997 1 -0 -0 0 -0.999997 -0.00225396
-43.3673 10.2987 -27.5278 0 0.2533 0 0.00225396 -0.999997 1 -0 -0 0 -0.999997 -0.00225396
-43.3673 16.4211 -27.514 0 0.0887 0 0.00225396 -0.999997 1 -0 -0 0 -0.999997 -0.00225396
-43.3673 16.4211 -27.514 0 0.0887 0 0.00225396 -0.999997 1 0 0 2.68726e-006 -0.999997 -0.00225396
-14.4558 16.4211 -27.514 0.3333 0.0887 0 0.00225396 -0.999997 1 0 0 2.68726e-006 -0.999997 -0.00225396
-36.8095 10.2987 -27.5278 0.0756 0.2533 0 0.00225396 -0.999997 1 0 0 2.68726e-006 -0.999997 -0.00225396
14.4558 16.4211 -27.514 0.6667 0.0887 0 0.00225396 -0.999997 1 0 0 0 -0.999997 -0.00225396
43.3674 16.4211 -27.514 1 0.0887 0 0.00225396 -0.999997 1 0 0 0 -0.999997 -0.00225396
43.3674 10.2987 -27.5278 1 0.2533 0 0.00225396 -0.999997 1 0 0 0 -0.999997 -0.00225396
43.3674 10.2987 -27.5278 1 0.2533 0 0.00225396 -0.999997 1 -0 -0 -0.000880213 -0.999997 -0.00225396
37.4851 10.2987 -27.5278 0.9322 0.2533 0 0.00225396 -0.999997 1 -0 -0 -0.000880213 -0.999997 -0.00225396
14.4558 16.4211 -27.514 0.6667 0.0887 0 0.00225396 -0.999997 1 -0 -0 -0.000880213 -0.999997 -0.00225396
-14.4558 16.2966 27.5879 0.3333 0.0163 -0 0.999997 0.00225945 1 0 0 0 0.00225945 -0.999997
14.4558 16.2966 27.5879 0.6667 0.0163 -0 0.999997 0.00225945 1 0 0 0 0.00225945 -0.999997
14.4558 16.3381 9.2206 0.6667 0.3349 -0 0.999997 0.00225945 1 0 0 0 0.00225945 -0.999997
14.4558 16.3796 -9.1467 0.6667 0.6535 -0 0.999997 0.00225945 1 0 0 0 0.00225945 -0.999997
14.4558 16.4211 -27.514 0.6667 0.9722 -0 0.999997 0.00225945 1 0 0 0 0.00225945 -0.999997
-14.4558 16.4211 -27.514 0.3333 0.9722 -0 0.999997 0.00225945 1 0 0 0 0.00225945 -0.999997
-36.8095 10.2832 -20.6775 0.9244 0.8548 -0 -0.999997 -0.00226282 -1 0 0 0 0.00226282 -0.999997
-36.8095 10.2987 -27.5278 0.9244 0.9737 -0 -0.999997 -0.00226282 -1 0 0 0 0.00226282 -0.999997
37.4851 10.2987 -27.5278 0.0678 0.9737 -0 -0.999997 -0.00226282 -1 0 0 0 0.00226282 -0.999997
37.4851 10.2832 -20.6775 0.0678 0.8548 -0 -0.999997 -0.00226282 -1 0 0 -0 0.00226282 -0.999997
37.4851 10.1873 21.7872 0.0678 0.1182 -0 -0.999997 -0.00226367 -1 0 0 -0 0.00226367 -0.999997
37.4851 10.1742 27.5741 0.0678 0.0178 -0 -0.999997 -0.00226367 -1 0 0 -0 0.00226367 -0.999997
-36.8095 10.1742 27.5741 0.9244 0.0178 -0 -0.999997 -0.00226367 -1 0 0 -0 0.00226367 -0.999997
-36.8095 10.1873 21.7872 0.9244 0.1182 -0 -0.999997 -0.00226367 -1 0 0 0 0.00226367 -0.999997
43.3674 10.2832 -20.6775 0.1452 0.2559 1 0 -0 0 0.0118531 0.99993 0 -0.99993 0.0118604
43.3674 10.2987 -27.5278 0.0263 0.2533 1 0 -0 0 0.0118531 0.99993 0 -0.99993 0.0118604
43.3674 16.4211 -27.514 0.0278 0.0887 1 0 -0 0 0.0118531 0.99993 0 -0.99993 0.0118604
43.3674 16.4211 -27.514 0.0278 0.0887 1 0 -0 0 0.0121217 0.999927 0 -0.999934 0.0115156
43.3674 16.3796 -9.1467 0.3465 0.0958 1 0 -0 0 0.0121217 0.999927 0 -0.999934 0.0115156
43.3674 10.2832 -20.6775 0.1452 0.2559 1 0 -0 0 0.0121217 0.999927 0 -0.999934 0.0115156
43.3674 16.3381 9.2206 0.6651 0.1028 1 0 -0 0 0.011915 0.999929 0 -0.99993 0.0118694
43.3674 16.2966 27.5879 0.9837 0.1098 1 0 -0 0 0.011915 0.999929 0 -0.99993 0.0118694
43.3674 10.1742 27.5741 0.9822 0.2744 1 0 -0 0 0.011915 0.999929 0 -0.99993 0.0118694
43.3674 10.1742 27.5741 0.9822 0.2744 1 0 -0 0 0.0125449 0.999921 0 -0.999922 0.0124689
43.3674 10.1873 21.7872 0.8818 0.2721 1 0 -0 0 0.0125449 0.999921 0 -0.999922 0.0124689
43.3674 16.3381 9.2206 0.6651 0.1028 1 0 -0 0 0.0125449 0.999921 0 -0.999922 0.0124689
-43.3673 10.1873 21.7872 0.1182 0.2721 -1 0 0 -0 -0.0125181 -0.999922 0 -0.99993 0.0118663
-43.3673 10.1742 27.5741 0.0178 0.2744 -1 0 0 -0 -0.0125181 -0.999922 0 -0.99993 0.0118663
-43.3673 16.2966 27.5879 0.0163 0.1098 -1 0 0 -0 -0.0125181 -0.999922 0 -0.99993 0.0118663
-43.3673 16.2966 27.5879 0.0163 0.1098 -1 -0 0 0 -0.011923 -0.999929 0 -0.999927 0.0120589
-43.3673 16.3381 9.2206 0.3349 0.1028 -1 -0 0 0 -0.011923 -0.999929 0 -0.999927 0.0120589
-43.3673 10.1873 21.7872 0.1182 0.2721 -1 -0 0 0 -0.011923 -0.999929 0 -0.999927 0.0120589
-43.3673 16.3796 -9.1467 0.6535 0.0958 -1 -0 0 0 -0.0121174 -0.999927 0 -0.99993 0.0118657
-43.3673 16.4211 -27.514 0.9722 0.0887 -1 -0 0 0 -0.0121174 -0.999927 0 -0.99993 0.0118657
-43.3673 10.2987 -27.5278 0.9737 0.2533 -1 -0 0 0 -0.0121174 -0.999927 0 -0.99993 0.0118657
-43.3673 10.2987 -27.5278 0.9737 0.2533 -1 0 0 -0 -0.0118644 -0.99993 0 -0.99994 0.0109236
-43.3673 10.2832 -20.6775 0.8548 0.2559 -1 0 0 -0 -0.0118644 -0.99993 0 -0.99994 0.0109236
-43.3673 16.3796 -9.1467 0.6535 0.0958 -1 0 0 -0 -0.0118644 -0.99993 0 -0.99994 0.0109236
43.3674 16.2966 27.5879 1 0.0163 -0 0.999997 0.00225945 1 0 0 0 0.00225945 -0.999997
43.3674 16.3381 9.2206 1 0.3349 -0 0.999997 0.00225945 1 0 0 0 0.00225945 -0.999997
43.3674 16.4211 -27.514 1 0.9722 -0 0.999997 0.00225945 1 0 0 0 0.00225945 -0.999997
14.4558 16.4211 -27.514 0.6667 0.9722 -0 0.999997 0.00225945 1 0 0 0 0.00225945 -0.999997
-43.3673 16.4211 -27.514 0 0.9722 -0 0.999997 0.00225945 1 0 0 0 0.00225945 -0.999997
-43.3673 16.3381 9.2206 0 0.3349 -0 0.999997 0.00225945 1 0 0 0 0.00225945 -0.999997
-43.3673 16.2966 27.5879 0 0.0163 -0 0.999997 0.00225945 1 0 0 0 0.00225945 -0.999997
-14.4558 16.2966 27.5879 0.3333 0.0163 -0 0.999997 0.00225945 1 0 0 0 0.00225945 -0.999997
37.4851 -16.3121 -20.7376 0.0678 0.8614 -0 -0.999997 -0.00226268 -1 0 0 0 0.00226268 -0.999997
37.4851 -16.2966 -27.5879 0.0678 0.9802 -0 -0.999997 -0.00226268 -1 0 0 0 0.00226268 -0.999997
43.3674 -16.2966 -27.5879 0 0.9802 -0 -0.999997 -0.00226268 -1 0 0 0 0.00226268 -0.999997
43.3674 -16.3121 -20.7376 0 0.8614 -0 -0.999997 -0.00226268 -1 0 0 -0 0.00226268 -0.999997
43.3674 -16.408 21.7271 0 0.1247 -0 -0.999997 -0.00226367 -1 0 0 -0 0.00226367 -0.999997
43.3674 -16.4211 27.514 0 0.0244 -0 -0.999997 -0.00226367 -1 0 0 -0 0.00226367 -0.999997
37.4851 -16.4211 27.514 0.0678 0.0244 -0 -0.999997 -0.00226367 -1 0 0 -0 0.00226367 -0.999997
37.4851 -16.408 21.7271 0.0678 0.1247 -0 -0.999997 -0.00226367 -1 0 0 0 0.00226367 -0.999997
-36.8095 -16.408 21.7271 0.9244 0.1247 -0 -0.999997 -0.00226367 -1 0 0 -0 0.00226367 -0.999997
-36.8095 -16.4211 27.514 0.9244 0.0244 -0 -0.999997 -0.00226367 -1 0 0 -0 0.00226367 -0.999997
-43.3673 -16.4211 27.514 1 0.0244 -0 -0.999997 -0.00226367 -1 0 0 -0 0.00226367 -0.999997
-43.3673 -16.408 21.7271 1 0.1247 -0 -0.999997 -0.00226367 -1 0 0 0 0.00226367 -0.999997
-43.3673 -16.3121 -20.7376 1 0.8614 -0 -0.999997 -0.00226268 -1 0 0 0 0.00226268 -0.999997
-43.3673 -16.2966 -27.5879 1 0.9802 -0 -0.999997 -0.00226268 -1 0 0 0 0.00226268 -0.999997
-36.8095 -16.2966 -27.5879 0.9244 0.9802 -0 -0.999997 -0.00226268 -1 0 0 0 0.00226268 -0.999997
-36.8095 -16.3121 -20.7376 0.9244 0.8614 -0 -0.999997 -0.00226268 -1 0 0 -0 0.00226268 -0.999997
37.4851 -16.2966 -27.5879 0.9322 0.9681 0 0.00225981 -0.999997 1 0 0 0 -0.999997 -0.00225981
37.4851 10.2987 -27.5278 0.9322 0.2533 0 0.00225981 -0.999997 1 0 0 0 -0.999997 -0.00225981
43.3674 10.2987 -27.5278 1 0.2533 0 0.00225981 -0.999997 1 0 0 0 -0.999997 -0.00225981
43.3674 -16.2966 -27.5879 1 0.9681 0 0.00225981 -0.999997 1 0 0 0 -0.999997 -0.00225981
37.4851 -16.3121 -20.7376 0.8614 0.9707 -1 0 -0 0 -0.0118571 -0.99993 -0 -0.999928 0.0120367
37.4851 10.2832 -20.6775 0.8548 0.2559 -1 0 -0 0 -0.0118571 -0.99993 -0 -0.999928 0.0120367
37.4851 10.2987 -27.5278 0.9737 0.2533 -1 0 -0 0 -0.0118571 -0.99993 -0 -0.999928 0.0120367
37.4851 10.2987 -27.5278 0.9737 0.2533 -1 -0 0 0 -0.0118579 -0.99993 0 -0.99993 0.0118318
37.4851 -16.2966 -27.5879 0.9802 0.9681 -1 -0 0 0 -0.0118579 -0.99993 0 -0.99993 0.0118318
37.4851 -16.3121 -20.7376 0.8614 0.9707 -1 -0 0 0 -0.0118579 -0.99993 0 -0.99993 0.0118318
43.3674 -16.3121 -20.7376 0 0.9707 0 -0.00225981 0.999997 -1 0 0 -0 -0.999997 -0.00225981
43.3674 10.2832 -20.6775 0 0.2559 0 -0.00225981 0.999997 -1 0 0 -0 -0.999997 -0.00225981
37.4851 10.2832 -20.6775 0.0678 0.2559 0 -0.00225981 0.999997 -1 0 0 -0 -0.999997 -0.00225981
37.4851 -16.3121 -20.7376 0.0678 0.9707 0 -0.00225981 0.999997 -1 0 0 0 -0.999997 -0.00225981
43.3674 -16.2966 -27.5879 0.0198 0.9681 1 0 -0 0 0.0118575 0.99993 0 -0.99993 0.0118201
43.3674 10.2987 -27.5278 0.0263 0.2533 1 0 -0 0 0.0118575 0.99993 0 -0.99993 0.0118201
43.3674 10.2832 -20.6775 0.1452 0.2559 1 0 -0 0 0.0118575 0.99993 0 -0.99993 0.0118201
43.3674 10.2832 -20.6775 0.1452 0.2559 1 0 -0 0 0.0118579 0.99993 0 -0.999927 0.0120487
43.3674 -16.3121 -20.7376 0.1386 0.9707 1 0 -0 0 0.0118579 0.99993 0 -0.999927 0.0120487
43.3674 -16.2966 -27.5879 0.0198 0.9681 1 0 -0 0 0.0118579 0.99993 0 -0.999927 0.0120487
43.3674 -16.408 21.7271 0.8753 0.987 1 0 -0 0 0.0125204 0.999922 0 -0.99993 0.011826
43.3674 10.1873 21.7872 0.8818 0.2721 1 0 -0 0 0.0125204 0.999922 0 -0.99993 0.011826
43.3674 10.1742 27.5741 0.9822 0.2744 1 0 -0 0 0.0125204 0.999922 0 -0.99993 0.011826
43.3674 10.1742 27.5741 0.9822 0.2744 1 0 -0 0 0.0118801 0.999929 0 -0.999927 0.012057
43.3674 -16.4211 27.514 0.9756 0.9892 1 0 -0 0 0.0118801 0.999929 0 -0.999927 0.012057
43.3674 -16.408 21.7271 0.8753 0.987 1 0 -0 0 0.0118801 0.999929 0 -0.999927 0.012057
37.4851 -16.408 21.7271 0.9322 0.987 0 0.00225974 -0.999997 1 0 0 0 -0.999997 -0.00225974
37.4851 10.1873 21.7872 0.9322 0.2721 0 0.00225974 -0.999997 1 0 0 0 -0.999997 -0.00225974
43.3674 10.1873 21.7872 1 0.2721 0 0.00225974 -0.999997 1 0 0 0 -0.999997 -0.00225974
43.3674 -16.408 21.7271 1 0.987 0 0.00225974 -0.999997 1 0 0 0 -0.999997 -0.00225974
37.4851 -16.4211 27.514 0.0244 0.9892 -1 0 -0 0 -0.0125222 -0.999922 -0 -0.999928 0.0120427
37.4851 10.1742 27.5741 0.0178 0.2744 -1 0 -0 0 -0.0125222 -0.999922 -0 -0.999928 0.0120427
37.4851 10.1873 21.7872 0.1182 0.2721 -1 0 -0 0 -0.0125222 -0.999922 -0 -0.999928 0.0120427
37.4851 10.1873 21.7872 0.1182 0.2721 -1 -0 0 0 -0.0118779 -0.999929 0 -0.99993 0.0118402
37.4851 -16.408 21.7271 0.1247 0.987 -1 -0 0 0 -0.0118779 -0.999929 0 -0.99993 0.0118402
37.4851 -16.4211 27.514 0.0244 0.9892 -1 -0 0 0 -0.0118779 -0.999929 0 -0.99993 0.0118402
43.3674 -16.4211 27.514 0 0.9892 0 -0.00225981 0.999997 -1 0 0 -0 -0.999997 -0.00225981
43.3674 10.1742 27.5741 0 0.2744 0 -0.00225981 0.999997 -1 0 0 -0 -0.999997 -0.00225981
37.4851 10.1742 27.5741 0.0678 0.2744 0 -0.00225981 0.999997 -1 0 0 -0 -0.999997 -0.00225981
37.4851 -16.4211 27.514 0.0678 0.9892 0 -0.00225981 0.999997 -1 0 0 0 -0.999997 -0.00225981
-36.8095 -16.4211 27.514 0.9244 0.9892 0 -0.00225981 0.999997 -1 0 0 -0 -0.999997 -0.00225981
-36.8095 10.1742 27.5741 0.9244 0.2744 0 -0.00225981 0.999997 -1 0 0 -0 -0.999997 -0.00225981
-43.3673 10.1742 27.5741 1 0.2744 0 -0.00225981 0.999997 -1 0 0 -0 -0.999997 -0.00225981
-43.3673 -16.4211 27.514 1 0.9892 0 -0.00225981 0.999997 -1 0 0 0 -0.999997 -0.00225981
-36.8095 -16.408 21.7271 0.8753 0.987 1 0 -0 0 0.0125204 0.999922 0 -0.99993 0.011826
-36.8095 10.1873 21.7872 0.8818 0.2721 1 0 -0 0 0.0125204 0.999922 0 -0.99993 0.011826
-36.8095 10.1742 27.5741 0.9822 0.2744 1 0 -0 0 0.0125204 0.999922 0 -0.99993 0.011826
-36.8095 10.1742 27.5741 0.9822 0.2744 1 0 -0 0 0.0118801 0.999929 0 -0.999927 0.012057
-36.8095 -16.4211 27.514 0.9756 0.9892 1 0 -0 0 0.0118801 0.999929 0 -0.999927 0.012057
-36.8095 -16.408 21.7271 0.8753 0.987 1 0 -0 0 0.0118801 0.999929 0 -0.999927 0.012057
-43.3673 -16.408 21.7271 0 0.987 0 0.00225974 -0.999997 1 0 0 0 -0.999997 -0.00225974
-43.3673 10.1873 21.7872 0 0.2721 0 0.00225974 -0.999997 1 0 0 0 -0.999997 -0.00225974
-36.8095 10.1873 21.7872 0.0756 0.2721 0 0.00225974 -0.999997 1 0 0 0 -0.999997 -0.00225974
-36.8095 -16.408 21.7271 0.0756 0.987 0 0.00225974 -0.999997 1 0 0 0 -0.999997 -0.00225974
-43.3673 -16.4211 27.514 0.0244 0.9892 -1 0 -0 0 -0.0125222 -0.999922 -0 -0.999928 0.0120427
-43.3673 10.1742 27.5741 0.0178 0.2744 -1 0 -0 0 -0.0125222 -0.999922 -0 -0.999928 0.0120427
-43.3673 10.1873 21.7872 0.1182 0.2721 -1 0 -0 0 -0.0125222 -0.999922 -0 -0.999928 0.0120427
-43.3673 10.1873 21.7872 0.1182 0.2721 -1 -0 0 0 -0.0118779 -0.999929 0 -0.99993 0.0118402
-43.3673 -16.408 21.7271 0.1247 0.987 -1 -0 0 0 -0.0118779 -0.999929 0 -0.99993 0.0118402
-43.3673 -16.4211 27.514 0.0244 0.9892 -1 -0 0 0 -0.0118779 -0.999929 0 -0.99993 0.0118402
-43.3673 -16.3121 -20.7376 0.8614 0.9707 -1 0 -0 0 -0.0118571 -0.99993 -0 -0.999928 0.0120367
-43.3673 10.2832 -20.6775 0.8548 0.2559 -1 0 -0 0 -0.0118571 -0.99993 -0 -0.999928 0.0120367
-43.3673 10.2987 -27.5278 0.9737 0.2533 -1 0 -0 0 -0.0118571 -0.99993 -0 -0.999928 0.0120367
-43.3673 10.2987 -27.5278 0.9737 0.2533 -1 -0 0 0 -0.0118579 -0.99993 0 -0.99993 0.0118318
-43.3673 -16.2966 -27.5879 0.9802 0.9681 -1 -0 0 0 -0.0118579 -0.99993 0 -0.99993 0.0118318
-43.3673 -16.3121 -20.7376 0.8614 0.9707 -1 -0 0 0 -0.0118579 -0.99993 0 -0.99993 0.0118318
-36.8095 -16.3121 -20.7376 0.9244 0.9707 0 -0.00225981 0.999997 -1 0 0 -0 -0.999997 -0.00225981
-36.8095 10.2832 -20.6775 0.9244 0.2559 0 -0.00225981 0.999997 -1 0 0 -0 -0.999997 -0.00225981
-43.3673 10.2832 -20.6775 1 0.2559 0 -0.00225981 0.999997 -1 0 0 -0 -0.999997 -0.00225981
-43.3673 -16.3121 -20.7376 1 0.9707 0 -0.00225981 0.999997 -1 0 0 0 -0.999997 -0.00225981
-36.8095 -16.2966 -27.5879 0.0198 0.9681 1 0 -0 0 0.0118575 0.99993 0 -0.99993 0.0118201
-36.8095 10.2987 -27.5278 0.0263 0.2533 1 0 -0 0 0.0118575 0.99993 0 -0.99993 0.0118201
-36.8095 10.2832 -20.6775 0.1452 0.2559 1 0 -0 0 0.0118575 0.99993 0 -0.99993 0.0118201
-36.8095 10.2832 -20.6775 0.1452 0.2559 1 0 -0 0 0.0118579 0.99993 0 -0.999927 0.0120487
-36.8095 -16.3121 -20.7376 0.1386 0.9707 1 0 -0 0 0.0118579 0.99993 0 -0.999927 0.0120487
-36.8095 -16.2966 -27.5879 0.0198 0.9681 1 0 -0 0 0.0118579 0.99993 0 -0.999927 0.0120487
-43.3673 -16.2966 -27.5879 0 0.9681 0 0.00225981 -0.999997 1 0 0 0 -0.999997 -0.00225981
-43.3673 10.2987 -27.5278 0 0.2533 0 0.00225981 -0.999997 1 0 0 0 -0.999997 -0.00225981
-36.8095 10.2987 -27.5278 0.0756 0.2533 0 0.00225981 -0.999997 1 0 0 0 -0.999997 -0.00225981
-36.8095 -16.2966 -27.5879 0.0756 0.9681 0 0.00225981 -0.999997 1 0 0 0 -0.999997 -0.00225981

Index count: 276
0
1
2
2
3
0
4
5
6
6
7
4
8
9
10
11
12
13
14
15
16
17
18
19
20
21
22
23
24
25
26
27
28
29
30
31
32
33
34
34
35
32
36
37
38
38
39
36
40
41
42
42
43
40
44
45
46
46
47
44
48
49
50
51
52
53
54
55
56
57
58
59
60
61
62
63
64
65
66
67
68
69
70
71
36
72
73
73
74
36
75
76
77
77
37
75
78
79
80
80
81
78
82
83
84
84
85
82
86
87
88
89
90
91
92
93
94
95
96
97
98
99
100
101
102
103
104
105
106
107
108
109
74
73
110
110
111
74
35
112
113
113
32
35
37
77
114
114
38
37
115
116
117
117
1
115
118
119
120
120
121
118
122
123
124
124
125
122
126
127
128
128
129
126
130
131
132
132
133
130
134
135
136
136
137
134
138
139
140
141
142
143
144
145
146
146
147
144
148
149
150
151
152
153
154
155
156
157
158
159
160
161
162
162
163
160
164
165
166
167
168
169
170
171
172
172
173
170
174
175
176
176
177
174
178
179
180
181
182
183
184
185
186
186
187
184
188
189
190
191
192
193
194
195
196
197
198
199
200
201
202
202
203
200
204
205
206
207
208
209
210
211
212
212
213
210
