bounding box: -8.1756 -10.7918 -8.0514 8.1756 10.7918 8.0514
Material name: altar_rock.mat
Vertex Count: 366
7.6826 5.5594 2.7963 0.8048 0.3359 0.9397 0 0.342 -0.173625 0 0.984812 0 -1 0
7.6826 -10.7918 2.7963 0.8048 0.8185 0.9397 0 0.342 -0.173625 0 0.984812 0 -1 0
8.1756 -10.7918 -4.76837e-007 0.75 0.8185 1 0 -0 -0.173625 0 0.984812 0 -1 0
8.1756 5.5594 -4.76837e-007 0.75 0.3359 1 0 -0 -0.173625 0 0.984812 -0 -1 0
6.26291 5.5594 5.2552 0.8599 0.3359 0.766 0 0.6428 -0.500012 0 0.866018 0 -1 0
6.26291 -10.7918 5.2552 0.8599 0.8185 0.766 0 0.6428 -0.500012 0 0.866018 0 -1 0
7.6826 -10.7918 2.7963 0.8048 0.8185 0.9397 0 0.342 -0.500012 0 0.866018 0 -1 0
7.6826 5.5594 2.7963 0.8048 0.3359 0.9397 0 0.342 -0.500012 0 0.866018 -0 -1 0
4.0878 5.5594 7.0803 0.9156 0.3359 0.5 0 0.866 -0.76605 0 0.642781 0 -1 0
4.0878 -10.7918 7.0803 0.9156 0.8185 0.5 0 0.866 -0.76605 0 0.642781 0 -1 0
6.26291 -10.7918 5.2552 0.8599 0.8185 0.766 0 0.6428 -0.76605 0 0.642781 0 -1 0
6.26291 5.5594 5.2552 0.8599 0.3359 0.766 0 0.6428 -0.76605 0 0.642781 -0 -1 0
1.41971 5.5594 8.0514 0.9718 0.3359 0.1736 0 0.9848 -0.939693 0 0.342018 0 -1 0
1.41971 -10.7918 8.0514 0.9718 0.8185 0.1736 0 0.9848 -0.939693 0 0.342018 0 -1 0
4.0878 -10.7918 7.0803 0.9156 0.8185 0.5 0 0.866 -0.939693 0 0.342018 0 -1 0
4.0878 5.5594 7.0803 0.9156 0.3359 0.5 0 0.866 -0.939693 0 0.342018 -0 -1 0
-1.41969 5.5594 8.0514 1.0282 0.3359 -0.1736 0 0.9848 -1 0 0 0 -1 0
-1.41969 -10.7918 8.0514 1.0282 0.8185 -0.1736 0 0.9848 -1 0 0 0 -1 0
1.41971 -10.7918 8.0514 0.9718 0.8185 0.1736 0 0.9848 -1 0 0 0 -1 0
1.41971 5.5594 8.0514 0.9718 0.3359 0.1736 0 0.9848 -1 0 0 -0 -1 0
-4.0878 5.5594 7.0803 0.0844 0.3359 -0.5 0 0.866 -0.939694 0 -0.342017 0 -1 0
-4.0878 -10.7918 7.0803 0.0844 0.8185 -0.5 0 0.866 -0.939694 0 -0.342017 0 -1 0
-1.41969 -10.7918 8.0514 0.0282 0.8185 -0.1736 0 0.9848 -0.939694 0 -0.342017 0 -1 0
-1.41969 5.5594 8.0514 0.0282 0.3359 -0.1736 0 0.9848 -0.939694 0 -0.342017 -0 -1 -0
-6.26289 5.5594 5.2552 0.1401 0.3359 -0.766 0 0.6428 -0.766048 0 -0.642783 0 -1 0
-6.26289 -10.7918 5.2552 0.1401 0.8185 -0.766 0 0.6428 -0.766048 0 -0.642783 0 -1 0
-4.0878 -10.7918 7.0803 0.0844 0.8185 -0.5 0 0.866 -0.766048 0 -0.642783 0 -1 0
-4.0878 5.5594 7.0803 0.0844 0.3359 -0.5 0 0.866 -0.766048 0 -0.642783 -0 -1 -0
-7.6826 5.5594 2.7963 0.1952 0.3359 -0.9397 0 0.342 -0.500016 0 -0.866016 0 -1 0
-7.6826 -10.7918 2.7963 0.1952 0.8185 -0.9397 0 0.342 -0.500016 0 -0.866016 0 -1 0
-6.26289 -10.7918 5.2552 0.1401 0.8185 -0.766 0 0.6428 -0.500016 0 -0.866016 0 -1 0
-6.26289 5.5594 5.2552 0.1401 0.3359 -0.766 0 0.6428 -0.500016 0 -0.866016 -0 -1 -0
-8.1756 5.5594 -4.76837e-007 0.25 0.3359 -1 0 0 -0.173625 0 -0.984812 0 -1 0
-8.1756 -10.7918 -4.76837e-007 0.25 0.8185 -1 0 0 -0.173625 0 -0.984812 0 -1 0
-7.6826 -10.7918 2.7963 0.1952 0.8185 -0.9397 0 0.342 -0.173625 0 -0.984812 0 -1 0
-7.6826 5.5594 2.7963 0.1952 0.3359 -0.9397 0 0.342 -0.173625 0 -0.984812 -0 -1 -0
-7.6826 5.5594 -2.7962 0.3048 0.3359 -0.9397 0 -0.342 0.173631 0 -0.984811 0 -1 0
-7.6826 -10.7918 -2.7962 0.3048 0.8185 -0.9397 0 -0.342 0.173631 0 -0.984811 0 -1 0
-8.1756 -10.7918 -4.76837e-007 0.25 0.8185 -1 0 0 0.173631 0 -0.984811 0 -1 0
-8.1756 5.5594 -4.76837e-007 0.25 0.3359 -1 0 0 0.173631 0 -0.984811 0 -1 -0
-6.26289 5.5594 -5.2552 0.3599 0.3359 -0.766 0 -0.6428 0.500001 0 -0.866025 0 -1 0
-6.26289 -10.7918 -5.2552 0.3599 0.8185 -0.766 0 -0.6428 0.500001 0 -0.866025 0 -1 0
-7.6826 -10.7918 -2.7962 0.3048 0.8185 -0.9397 0 -0.342 0.500001 0 -0.866025 0 -1 0
-7.6826 5.5594 -2.7962 0.3048 0.3359 -0.9397 0 -0.342 0.500001 0 -0.866025 0 -1 -0
-4.0878 5.5594 -7.0803 0.4156 0.3359 -0.5 0 -0.866 0.766048 0 -0.642783 0 -1 0
-4.0878 -10.7918 -7.0803 0.4156 0.8185 -0.5 0 -0.866 0.766048 0 -0.642783 0 -1 0
-6.26289 -10.7918 -5.2552 0.3599 0.8185 -0.766 0 -0.6428 0.766048 0 -0.642783 0 -1 0
-6.26289 5.5594 -5.2552 0.3599 0.3359 -0.766 0 -0.6428 0.766048 0 -0.642783 0 -1 -0
-1.41969 5.5594 -8.0514 0.4718 0.3359 -0.1736 0 -0.9848 0.939694 0 -0.342017 0 -1 0
-1.41969 -10.7918 -8.0514 0.4718 0.8185 -0.1736 0 -0.9848 0.939694 0 -0.342017 0 -1 0
-4.0878 -10.7918 -7.0803 0.4156 0.8185 -0.5 0 -0.866 0.939694 0 -0.342017 0 -1 0
-4.0878 5.5594 -7.0803 0.4156 0.3359 -0.5 0 -0.866 0.939694 0 -0.342017 0 -1 -0
1.41971 5.5594 -8.0514 0.5282 0.3359 0.1736 0 -0.9848 1 0 0 0 -1 0
1.41971 -10.7918 -8.0514 0.5282 0.8185 0.1736 0 -0.9848 1 0 0 0 -1 0
-1.41969 -10.7918 -8.0514 0.4718 0.8185 -0.1736 0 -0.9848 1 0 0 0 -1 0
-1.41969 5.5594 -8.0514 0.4718 0.3359 -0.1736 0 -0.9848 1 0 0 0 -1 0
4.0878 5.5594 -7.0803 0.5844 0.3359 0.5 0 -0.866 0.939693 0 0.342018 0 -1 0
4.0878 -10.7918 -7.0803 0.5844 0.8185 0.5 0 -0.866 0.939693 0 0.342018 0 -1 0
1.41971 -10.7918 -8.0514 0.5282 0.8185 0.1736 0 -0.9848 0.939693 0 0.342018 0 -1 0
1.41971 5.5594 -8.0514 0.5282 0.3359 0.1736 0 -0.9848 0.939693 0 0.342018 0 -1 0
6.26291 5.5594 -5.2552 0.6401 0.3359 0.766 0 -0.6428 0.76605 0 0.642781 0 -1 0
6.26291 -10.7918 -5.2552 0.6401 0.8185 0.766 0 -0.6428 0.76605 0 0.642781 0 -1 0
4.0878 -10.7918 -7.0803 0.5844 0.8185 0.5 0 -0.866 0.76605 0 0.642781 0 -1 0
4.0878 5.5594 -7.0803 0.5844 0.3359 0.5 0 -0.866 0.76605 0 0.642781 0 -1 0
7.6826 5.5594 -2.7962 0.6952 0.3359 0.9397 0 -0.342 0.499997 0 0.866027 0 -1 0
7.6826 -10.7918 -2.7962 0.6952 0.8185 0.9397 0 -0.342 0.499997 0 0.866027 0 -1 0
6.26291 -10.7918 -5.2552 0.6401 0.8185 0.766 0 -0.6428 0.499997 0 0.866027 0 -1 0
6.26291 5.5594 -5.2552 0.6401 0.3359 0.766 0 -0.6428 0.499997 0 0.866027 0 -1 0
8.1756 5.5594 -4.76837e-007 0.75 0.3359 1 0 -0 0.173631 0 0.984811 0 -1 0
8.1756 -10.7918 -4.76837e-007 0.75 0.8185 1 0 -0 0.173631 0 0.984811 0 -1 0
7.6826 -10.7918 -2.7962 0.6952 0.8185 0.9397 0 -0.342 0.173631 0 0.984811 0 -1 0
7.6826 5.5594 -2.7962 0.6952 0.3359 0.9397 0 -0.342 0.173631 0 0.984811 0 -1 0
1.41971 10.7918 8.0514 0.9718 0.1815 0.342 0 0.9397 -0.939693 0 0.342018 0 -1 0
1.41971 5.5594 8.0514 0.9718 0.3359 0.342 0 0.9397 -0.939693 0 0.342018 0 -1 0
4.0878 5.5594 7.0803 0.9156 0.3359 0.342 0 0.9397 -0.939693 0 0.342018 0 -1 0
4.0878 10.7918 7.0803 0.9156 0.1815 0.342 0 0.9397 -0.939693 0 0.342018 -0 -1 0
-1.41969 10.7918 8.0514 1.0282 0.1815 -0 0 1 -1 0 0 0 -1 0
1.41971 10.7918 8.0514 0.9718 0.1815 -0 0 1 -1 0 0 -0 -1 0
-4.0878 10.7918 7.0803 0.0844 0.1815 -0.342 0 0.9397 -0.939694 0 -0.342017 0 -1 0
-4.0878 5.5594 7.0803 0.0844 0.3359 -0.342 0 0.9397 -0.939694 0 -0.342017 0 -1 0
-1.41969 5.5594 8.0514 0.0282 0.3359 -0.342 0 0.9397 -0.939694 0 -0.342017 0 -1 0
-1.41969 10.7918 8.0514 0.0282 0.1815 -0.342 0 0.9397 -0.939694 0 -0.342017 -0 -1 -0
-2.7252 10.7918 4.7202 0.0844 0.1815 -0.866 0 -0.5 0.499997 0 -0.866027 -0 0 0
-2.7252 5.5594 4.7202 0.0844 0.3359 -0.866 0 -0.5 0.499997 0 -0.866027 -0 0 0
-4.0878 5.5594 7.0803 0.0844 0.3359 -0.866 0 -0.5 0.499997 0 -0.866027 -0 0 0
-4.0878 10.7918 7.0803 0.0844 0.1815 -0.866 0 -0.5 0.499997 0 -0.866027 0 0 -0
-0.946503 10.7918 5.3676 0.0282 0.1815 0.342 0 -0.9397 -0.939692 -0 -0.342023 0 -1 0
-0.946503 5.5594 5.3676 0.0282 0.3359 0.342 0 -0.9397 -0.939692 -0 -0.342023 0 -1 0
-2.7252 5.5594 4.7202 0.0844 0.3359 0.342 0 -0.9397 -0.939692 -0 -0.342023 0 -1 0
-2.7252 10.7918 4.7202 0.0844 0.1815 0.342 0 -0.9397 -0.939692 -0 -0.342023 -0 -1 -0
0.946503 10.7918 5.3676 -0.0282 0.1815 0 0 -1 -1 -0 -0 0 -1 -0
0.946503 5.5594 5.3676 -0.0282 0.3359 0 0 -1 -1 -0 -0 0 -1 -0
-0.946503 5.5594 5.3676 0.0282 0.3359 0 0 -1 -1 -0 -0 0 -1 -0
-0.946503 10.7918 5.3676 0.0282 0.1815 0 0 -1 -1 -0 -0 -0 -1 -0
2.7252 10.7918 4.7202 0.9156 0.1815 -0.342 0 -0.9397 -0.939692 -0 0.342023 0 -1 -0
2.7252 5.5594 4.7202 0.9156 0.3359 -0.342 0 -0.9397 -0.939692 -0 0.342023 0 -1 -0
0.946503 5.5594 5.3676 0.9718 0.3359 -0.342 0 -0.9397 -0.939692 -0 0.342023 0 -1 -0
0.946503 10.7918 5.3676 0.9718 0.1815 -0.342 0 -0.9397 -0.939692 -0 0.342023 -0 -1 -0
4.0878 10.7918 7.0803 0.9156 0.1815 0.866 0 -0.5 0.499997 0 0.866027 -0 0 -0
4.0878 5.5594 7.0803 0.9156 0.3359 0.866 0 -0.5 0.499997 0 0.866027 -0 0 -0
2.7252 5.5594 4.7202 0.9156 0.3359 0.866 0 -0.5 0.499997 0 0.866027 -0 0 -0
2.7252 10.7918 4.7202 0.9156 0.1815 0.866 0 -0.5 0.499997 0 0.866027 0 0 0
-7.6826 10.7918 -2.7962 0.3048 0.1815 -0.9848 0 -0.1736 0.173631 0 -0.984811 0 -1 0
-7.6826 5.5594 -2.7962 0.3048 0.3359 -0.9848 0 -0.1736 0.173631 0 -0.984811 0 -1 0
-8.1756 5.5594 -4.76837e-007 0.25 0.3359 -0.9848 0 -0.1736 0.173631 0 -0.984811 0 -1 0
-8.1756 10.7918 -4.76837e-007 0.25 0.1815 -0.9848 0 -0.1736 0.173631 0 -0.984811 0 -1 -0
-6.26289 10.7918 -5.2552 0.3599 0.1815 -0.866 0 -0.5 0.500001 0 -0.866025 0 -1 0
-7.6826 10.7918 -2.7962 0.3048 0.1815 -0.866 0 -0.5 0.500001 0 -0.866025 0 -1 -0
-4.0878 10.7918 -7.0803 0.4156 0.1815 -0.6428 0 -0.766 0.766048 0 -0.642783 0 -1 0
-6.26289 10.7918 -5.2552 0.3599 0.1815 -0.6428 0 -0.766 0.766048 0 -0.642783 0 -1 -0
-2.7252 10.7918 -4.7202 0.4156 0.1815 0.866 0 -0.5 0.499997 0 0.866027 -0 0 -0
-2.7252 5.5594 -4.7202 0.4156 0.3359 0.866 0 -0.5 0.499997 0 0.866027 -0 0 -0
-4.0878 5.5594 -7.0803 0.4156 0.3359 0.866 0 -0.5 0.499997 0 0.866027 -0 0 -0
-4.0878 10.7918 -7.0803 0.4156 0.1815 0.866 0 -0.5 0.499997 0 0.866027 0 0 0
-4.17529 10.7918 -3.5034 0.3599 0.1815 0.6428 0 0.766 0.766036 -0 -0.642797 -0 -1 0
-4.17529 5.5594 -3.5034 0.3599 0.3359 0.6428 0 0.766 0.766036 -0 -0.642797 -0 -1 0
-2.7252 5.5594 -4.7202 0.4156 0.3359 0.6428 0 0.766 0.766036 -0 -0.642797 -0 -1 0
-2.7252 10.7918 -4.7202 0.4156 0.1815 0.6428 0 0.766 0.766036 -0 -0.642797 -0 -1 -0
-5.1217 10.7918 -1.8641 0.3048 0.1815 0.866 0 0.5 0.499984 -0 -0.866034 -0 -1 0
-5.1217 5.5594 -1.8641 0.3048 0.3359 0.866 0 0.5 0.499984 -0 -0.866034 -0 -1 0
-4.17529 5.5594 -3.5034 0.3599 0.3359 0.866 0 0.5 0.499984 -0 -0.866034 -0 -1 0
-4.17529 10.7918 -3.5034 0.3599 0.1815 0.866 0 0.5 0.499984 -0 -0.866034 -0 -1 -0
-5.45039 10.7918 -4.76837e-007 0.25 0.1815 0.9848 0 0.1736 0.173647 -0 -0.984808 -0 -1 0
-5.45039 5.5594 -4.76837e-007 0.25 0.3359 0.9848 0 0.1736 0.173647 -0 -0.984808 -0 -1 0
-5.1217 5.5594 -1.8641 0.3048 0.3359 0.9848 0 0.1736 0.173647 -0 -0.984808 -0 -1 0
-5.1217 10.7918 -1.8641 0.3048 0.1815 0.9848 0 0.1736 0.173647 -0 -0.984808 -0 -1 -0
-8.1756 10.7918 -4.76837e-007 0.25 0.1815 0 0 1 -1 0 0 0 0 0
-8.1756 5.5594 -4.76837e-007 0.25 0.3359 0 0 1 -1 0 0 0 0 0
-5.45039 5.5594 -4.76837e-007 0.25 0.3359 0 0 1 -1 0 0 0 0 0
-5.45039 10.7918 -4.76837e-007 0.25 0.1815 0 0 1 -1 0 0 -0 0 0
6.26291 10.7918 -5.2552 0.6401 0.1815 0.6428 0 -0.766 0.76605 0 0.642781 0 -1 0
6.26291 5.5594 -5.2552 0.6401 0.3359 0.6428 0 -0.766 0.76605 0 0.642781 0 -1 0
4.0878 5.5594 -7.0803 0.5844 0.3359 0.6428 0 -0.766 0.76605 0 0.642781 0 -1 0
4.0878 10.7918 -7.0803 0.5844 0.1815 0.6428 0 -0.766 0.76605 0 0.642781 0 -1 0
7.6826 10.7918 -2.7962 0.6952 0.1815 0.866 0 -0.5 0.499997 0 0.866027 0 -1 0
7.6826 5.5594 -2.7962 0.6952 0.3359 0.866 0 -0.5 0.499997 0 0.866027 0 -1 0
6.26291 5.5594 -5.2552 0.6401 0.3359 0.866 0 -0.5 0.499997 0 0.866027 0 -1 0
6.26291 10.7918 -5.2552 0.6401 0.1815 0.866 0 -0.5 0.499997 0 0.866027 0 -1 0
8.1756 10.7918 -4.76837e-007 0.75 0.1815 0.9848 0 -0.1736 0.173631 0 0.984811 0 -1 0
8.1756 5.5594 -4.76837e-007 0.75 0.3359 0.9848 0 -0.1736 0.173631 0 0.984811 0 -1 0
7.6826 5.5594 -2.7962 0.6952 0.3359 0.9848 0 -0.1736 0.173631 0 0.984811 0 -1 0
7.6826 10.7918 -2.7962 0.6952 0.1815 0.9848 0 -0.1736 0.173631 0 0.984811 0 -1 0
5.45041 10.7918 -4.76837e-007 0.75 0.1815 0 0 1 -1 0 0 0 0 0
5.45041 5.5594 -4.76837e-007 0.75 0.3359 0 0 1 -1 0 0 0 0 0
8.1756 5.5594 -4.76837e-007 0.75 0.3359 0 0 1 -1 0 0 0 0 0
8.1756 10.7918 -4.76837e-007 0.75 0.1815 0 0 1 -1 0 0 -0 0 0
5.1217 10.7918 -1.8641 0.6952 0.1815 -0.9848 0 0.1736 0.173655 -0 0.984806 -0 -1 -0
5.1217 5.5594 -1.8641 0.6952 0.3359 -0.9848 0 0.1736 0.173655 -0 0.984806 -0 -1 -0
5.45041 5.5594 -4.76837e-007 0.75 0.3359 -0.9848 0 0.1736 0.173655 -0 0.984806 -0 -1 -0
5.45041 10.7918 -4.76837e-007 0.75 0.1815 -0.9848 0 0.1736 0.173655 -0 0.984806 -0 -1 -0
4.17531 10.7918 -3.5034 0.6401 0.1815 -0.866 0 0.5 0.499978 -0 0.866038 -0 -1 -0
4.17531 5.5594 -3.5034 0.6401 0.3359 -0.866 0 0.5 0.499978 -0 0.866038 -0 -1 -0
5.1217 5.5594 -1.8641 0.6952 0.3359 -0.866 0 0.5 0.499978 -0 0.866038 -0 -1 -0
5.1217 10.7918 -1.8641 0.6952 0.1815 -0.866 0 0.5 0.499978 -0 0.866038 -0 -1 -0
2.7252 10.7918 -4.7202 0.5844 0.1815 -0.6428 0 0.766 0.76604 -0 0.642793 -0 -1 -0
2.7252 5.5594 -4.7202 0.5844 0.3359 -0.6428 0 0.766 0.76604 -0 0.642793 -0 -1 -0
4.17531 5.5594 -3.5034 0.6401 0.3359 -0.6428 0 0.766 0.76604 -0 0.642793 -0 -1 -0
4.17531 10.7918 -3.5034 0.6401 0.1815 -0.6428 0 0.766 0.76604 -0 0.642793 -0 -1 -0
4.0878 10.7918 -7.0803 0.5844 0.1815 -0.866 0 -0.5 0.499997 0 -0.866027 -0 0 0
4.0878 5.5594 -7.0803 0.5844 0.3359 -0.866 0 -0.5 0.499997 0 -0.866027 -0 0 0
2.7252 5.5594 -4.7202 0.5844 0.3359 -0.866 0 -0.5 0.499997 0 -0.866027 -0 0 0
2.7252 10.7918 -4.7202 0.5844 0.1815 -0.866 0 -0.5 0.499997 0 -0.866027 0 0 -0
8.1756 10.7918 -4.76837e-007 0.5 -0.00769997 0 1 0 -0.000231087 0 -1 -1 0 0.00035313
7.6826 10.7918 -2.7962 0.671 0.0229 0 1 0 -0.000231087 0 -1 -1 0 0.00035313
6.26291 10.7918 -5.2552 0.8214 0.1111 0 1 0 -0.000231087 0 -1 -1 0 0.00035313
5.1217 10.7918 -1.8641 0.614 0.1819 0 1 0 -7.2969e-005 0 -1 -1 0 0
5.45041 10.7918 -4.76837e-007 0.5 0.1615 0 1 0 -7.2969e-005 0 -1 -1 0 0
8.1756 10.7918 -4.76837e-007 0.5 -0.00769997 0 1 0 -7.2969e-005 0 -1 -1 0 0
5.1217 10.7918 -1.8641 0.614 0.1819 0 1 0 0.000202136 0 -1 -1 -0 -3.77079e-005
8.1756 10.7918 -4.76837e-007 0.5 -0.00769997 0 1 0 0.000202136 0 -1 -1 -0 -3.77079e-005
6.26291 10.7918 -5.2552 0.8214 0.1111 0 1 0 0.000202136 0 -1 -1 -0 -3.77079e-005
4.17531 10.7918 -3.5034 0.7143 0.2407 0 1 0 0.000310627 0 -1 -1 -0 0.000438722
5.1217 10.7918 -1.8641 0.614 0.1819 0 1 0 0.000310627 0 -1 -1 -0 0.000438722
6.26291 10.7918 -5.2552 0.8214 0.1111 0 1 0 0.000310627 0 -1 -1 -0 0.000438722
2.7252 10.7918 -4.7202 0.7887 0.3308 0 1 0 0.000505498 0 -1 -1 -0 4.71322e-005
4.17531 10.7918 -3.5034 0.7143 0.2407 0 1 0 0.000505498 0 -1 -1 -0 4.71322e-005
6.26291 10.7918 -5.2552 0.8214 0.1111 0 1 0 0.000505498 0 -1 -1 -0 4.71322e-005
4.0878 10.7918 -7.0803 0.933 0.2461 0 1 0 -0.000594756 -0 -1 -1 0 5.41763e-005
2.7252 10.7918 -4.7202 0.7887 0.3308 0 1 0 -0.000594756 -0 -1 -1 0 5.41763e-005
6.26291 10.7918 -5.2552 0.8214 0.1111 0 1 0 -0.000594756 -0 -1 -1 0 5.41763e-005
-4.0878 10.7918 -7.0803 0.933 0.7539 0 1 0 -0.0010691 0 -0.999999 -1 0 0.000418164
-6.26289 10.7918 -5.2552 0.8214 0.8889 0 1 0 -0.0010691 0 -0.999999 -1 0 0.000418164
-7.6826 10.7918 -2.7962 0.671 0.9771 0 1 0 -0.0010691 0 -0.999999 -1 0 0.000418164
-4.17529 10.7918 -3.5034 0.7143 0.7593 0 1 0 0.000166985 0 -1 -1 0 -2.31223e-005
-2.7252 10.7918 -4.7202 0.7887 0.6692 0 1 0 0.000166985 0 -1 -1 0 -2.31223e-005
-4.0878 10.7918 -7.0803 0.933 0.7539 0 1 0 0.000166985 0 -1 -1 0 -2.31223e-005
-4.17529 10.7918 -3.5034 0.7143 0.7593 0 1 0 0.000150534 0 -1 -1 0 -0.000281659
-4.0878 10.7918 -7.0803 0.933 0.7539 0 1 0 0.000150534 0 -1 -1 0 -0.000281659
-7.6826 10.7918 -2.7962 0.671 0.9771 0 1 0 0.000150534 0 -1 -1 0 -0.000281659
-5.1217 10.7918 -1.8641 0.614 0.8181 0 1 0 -0.000321258 0 -1 -1 0 -0.000159366
-4.17529 10.7918 -3.5034 0.7143 0.7593 0 1 0 -0.000321258 0 -1 -1 0 -0.000159366
-7.6826 10.7918 -2.7962 0.671 0.9771 0 1 0 -0.000321258 0 -1 -1 0 -0.000159366
-5.45039 10.7918 -4.76837e-007 0.5 0.8385 0 1 0 6.09333e-005 0 -1 -1 0 -1.86098e-005
-5.1217 10.7918 -1.8641 0.614 0.8181 0 1 0 6.09333e-005 0 -1 -1 0 -1.86098e-005
-7.6826 10.7918 -2.7962 0.671 0.9771 0 1 0 6.09333e-005 0 -1 -1 0 -1.86098e-005
-8.1756 10.7918 -4.76837e-007 0.5 1.0077 0 1 0 5.03302e-005 0 -1 -1 0 -0
-5.45039 10.7918 -4.76837e-007 0.5 0.8385 0 1 0 5.03302e-005 0 -1 -1 0 -0
-7.6826 10.7918 -2.7962 0.671 0.9771 0 1 0 5.03302e-005 0 -1 -1 0 -0
-4.0878 10.7918 7.0803 0.067 0.7539 0 1 0 -0.000962779 0 -1 -1 0 0
-1.41969 10.7918 8.0514 0.0076 0.5882 0 1 0 -0.000962779 0 -1 -1 0 0
1.41971 10.7918 8.0514 0.0076 0.4118 0 1 0 -0.000962779 0 -1 -1 0 0
-0.946503 10.7918 5.3676 0.1717 0.5588 0 1 0 -0.000715127 0 -1 -1 0 0.000129283
-2.7252 10.7918 4.7202 0.2113 0.6692 0 1 0 -0.000715127 0 -1 -1 0 0.000129283
-4.0878 10.7918 7.0803 0.067 0.7539 0 1 0 -0.000715127 0 -1 -1 0 0.000129283
-0.946503 10.7918 5.3676 0.1717 0.5588 0 1 0 0.000158164 -0 -1 -1 0 7.89153e-005
-4.0878 10.7918 7.0803 0.067 0.7539 0 1 0 0.000158164 -0 -1 -1 0 7.89153e-005
1.41971 10.7918 8.0514 0.0076 0.4118 0 1 0 0.000158164 -0 -1 -1 0 7.89153e-005
0.946503 10.7918 5.3676 0.1717 0.4412 0 1 0 1.70557e-005 -0 -1 -1 0 0
-0.946503 10.7918 5.3676 0.1717 0.5588 0 1 0 1.70557e-005 -0 -1 -1 0 0
1.41971 10.7918 8.0514 0.0076 0.4118 0 1 0 1.70557e-005 -0 -1 -1 0 0
2.7252 10.7918 4.7202 0.2113 0.3308 0 1 0 0.000164594 0 -1 -1 0 -0.000129284
0.946503 10.7918 5.3676 0.1717 0.4412 0 1 0 0.000164594 0 -1 -1 0 -0.000129284
1.41971 10.7918 8.0514 0.0076 0.4118 0 1 0 0.000164594 0 -1 -1 0 -0.000129284
4.0878 10.7918 7.0803 0.067 0.2461 0 1 0 0.000433761 0 -1 -1 0 -0.000129234
2.7252 10.7918 4.7202 0.2113 0.3308 0 1 0 0.000433761 0 -1 -1 0 -0.000129234
1.41971 10.7918 8.0514 0.0076 0.4118 0 1 0 0.000433761 0 -1 -1 0 -0.000129234
4.0878 5.5594 -7.0803 0.933 0.2461 0 1 0 -0.000947122 0 -1 -1 0 0
1.41971 5.5594 -8.0514 0.9924 0.4118 0 1 0 -0.000947122 0 -1 -1 0 0
-1.41969 5.5594 -8.0514 0.9924 0.5882 0 1 0 -0.000947122 0 -1 -1 0 0
0.946503 5.5594 -5.3676 0.8283 0.4412 0 1 0 -0.000715127 0 -1 -1 -0 0.000129259
2.7252 5.5594 -4.7202 0.7887 0.3308 0 1 0 -0.000715127 0 -1 -1 -0 0.000129259
4.0878 5.5594 -7.0803 0.933 0.2461 0 1 0 -0.000715127 0 -1 -1 -0 0.000129259
0.946503 5.5594 -5.3676 0.8283 0.4412 0 1 0 0.000162008 0 -1 -1 0 7.87984e-005
4.0878 5.5594 -7.0803 0.933 0.2461 0 1 0 0.000162008 0 -1 -1 0 7.87984e-005
-1.41969 5.5594 -8.0514 0.9924 0.5882 0 1 0 0.000162008 0 -1 -1 0 7.87984e-005
-0.946503 5.5594 -5.3676 0.8283 0.5588 0 1 0 2.27331e-005 0 -1 -1 0 -0
0.946503 5.5594 -5.3676 0.8283 0.4412 0 1 0 2.27331e-005 0 -1 -1 0 -0
-1.41969 5.5594 -8.0514 0.9924 0.5882 0 1 0 2.27331e-005 0 -1 -1 0 -0
-2.7252 5.5594 -4.7202 0.7887 0.6692 0 1 0 0.000169982 0 -1 -1 0 -0.00012938
-0.946503 5.5594 -5.3676 0.8283 0.5588 0 1 0 0.000169982 0 -1 -1 0 -0.00012938
-1.41969 5.5594 -8.0514 0.9924 0.5882 0 1 0 0.000169982 0 -1 -1 0 -0.00012938
-4.0878 5.5594 -7.0803 0.933 0.7539 0 1 0 0.0004365 0 -1 -1 -0 -0.000128977
-2.7252 5.5594 -4.7202 0.7887 0.6692 0 1 0 0.0004365 0 -1 -1 -0 -0.000128977
-1.41969 5.5594 -8.0514 0.9924 0.5882 0 1 0 0.0004365 0 -1 -1 -0 -0.000128977
4.0878 5.5594 7.0803 0.067 0.2461 0 1 0 -0.00108714 0 -0.999999 -1 0 0.000484932
6.26291 5.5594 5.2552 0.1786 0.1111 0 1 0 -0.00108714 0 -0.999999 -1 0 0.000484932
7.6826 5.5594 2.7963 0.329 0.0229 0 1 0 -0.00108714 0 -0.999999 -1 0 0.000484932
4.17531 5.5594 3.5035 0.2857 0.2407 0 1 0 0.000170827 0 -1 -1 0 -6.95583e-005
2.7252 5.5594 4.7202 0.2113 0.3308 0 1 0 0.000170827 0 -1 -1 0 -6.95583e-005
4.0878 5.5594 7.0803 0.067 0.2461 0 1 0 0.000170827 0 -1 -1 0 -6.95583e-005
4.17531 5.5594 3.5035 0.2857 0.2407 0 1 0 0.000154647 -0 -1 -1 -0 -0.000276194
4.0878 5.5594 7.0803 0.067 0.2461 0 1 0 0.000154647 -0 -1 -1 -0 -0.000276194
7.6826 5.5594 2.7963 0.329 0.0229 0 1 0 0.000154647 -0 -1 -1 -0 -0.000276194
5.1217 5.5594 1.8642 0.386 0.1819 0 1 0 -0.000329288 -0 -1 -1 0 -0.000159318
4.17531 5.5594 3.5035 0.2857 0.2407 0 1 0 -0.000329288 -0 -1 -1 0 -0.000159318
7.6826 5.5594 2.7963 0.329 0.0229 0 1 0 -0.000329288 -0 -1 -1 0 -0.000159318
5.45041 5.5594 -4.76837e-007 0.5 0.1615 0 1 0 6.8985e-005 -0 -1 -1 0 1.91853e-007
5.1217 5.5594 1.8642 0.386 0.1819 0 1 0 6.8985e-005 -0 -1 -1 0 1.91853e-007
7.6826 5.5594 2.7963 0.329 0.0229 0 1 0 6.8985e-005 -0 -1 -1 0 1.91853e-007
8.1756 5.5594 -4.76837e-007 0.5 -0.00769997 0 1 0 5.0974e-005 0 -1 -1 0 0
5.45041 5.5594 -4.76837e-007 0.5 0.1615 0 1 0 5.0974e-005 0 -1 -1 0 0
7.6826 5.5594 2.7963 0.329 0.0229 0 1 0 5.0974e-005 0 -1 -1 0 0
-8.1756 5.5594 -4.76837e-007 0.5 1.0077 0 1 0 -0.000229158 0 -1 -1 0 0.000542588
-7.6826 5.5594 2.7963 0.329 0.9771 0 1 0 -0.000229158 0 -1 -1 0 0.000542588
-6.26289 5.5594 5.2552 0.1786 0.8889 0 1 0 -0.000229158 0 -1 -1 0 0.000542588
-5.1217 5.5594 1.8642 0.386 0.8181 0 1 0 -6.32687e-005 0 -1 -1 0 0
-5.45039 5.5594 -4.76837e-007 0.5 0.8385 0 1 0 -6.32687e-005 0 -1 -1 0 0
-8.1756 5.5594 -4.76837e-007 0.5 1.0077 0 1 0 -6.32687e-005 0 -1 -1 0 0
-5.1217 5.5594 1.8642 0.386 0.8181 0 1 0 0.000198504 0 -1 -1 0 -8.01002e-005
-8.1756 5.5594 -4.76837e-007 0.5 1.0077 0 1 0 0.000198504 0 -1 -1 0 -8.01002e-005
-6.26289 5.5594 5.2552 0.1786 0.8889 0 1 0 0.000198504 0 -1 -1 0 -8.01002e-005
-4.17529 5.5594 3.5035 0.2857 0.7593 0 1 0 0.000304374 0 -1 -1 0 0.000407214
-5.1217 5.5594 1.8642 0.386 0.8181 0 1 0 0.000304374 0 -1 -1 0 0.000407214
-6.26289 5.5594 5.2552 0.1786 0.8889 0 1 0 0.000304374 0 -1 -1 0 0.000407214
-2.7252 5.5594 4.7202 0.2113 0.6692 0 1 0 0.000511389 0 -1 -1 0 5.76504e-005
-4.17529 5.5594 3.5035 0.2857 0.7593 0 1 0 0.000511389 0 -1 -1 0 5.76504e-005
-6.26289 5.5594 5.2552 0.1786 0.8889 0 1 0 0.000511389 0 -1 -1 0 5.76504e-005
-4.0878 5.5594 7.0803 0.067 0.7539 0 1 0 -0.000592205 0 -1 -1 0 5.41126e-005
-2.7252 5.5594 4.7202 0.2113 0.6692 0 1 0 -0.000592205 0 -1 -1 0 5.41126e-005
-6.26289 5.5594 5.2552 0.1786 0.8889 0 1 0 -0.000592205 0 -1 -1 0 5.41126e-005
0.946503 5.5594 5.3676 0.1717 0.4412 0 1 0 -0.00223224 0 -0.999998 -1 0 -0.000197227
2.7252 5.5594 4.7202 0.2113 0.3308 0 1 0 -0.00223224 0 -0.999998 -1 0 -0.000197227
4.17531 5.5594 3.5035 0.2857 0.2407 0 1 0 -0.00223224 0 -0.999998 -1 0 -0.000197227
-2.7252 5.5594 4.7202 0.2113 0.6692 0 1 0 -0.00246179 0 -0.999997 -1 0 0
-0.946503 5.5594 5.3676 0.1717 0.5588 0 1 0 -0.00246179 0 -0.999997 -1 0 0
0.946503 5.5594 5.3676 0.1717 0.4412 0 1 0 -0.00246179 0 -0.999997 -1 0 0
-5.1217 5.5594 1.8642 0.386 0.8181 0 1 0 -8.47202e-005 0 -1 -1 0 -0.000948117
-4.17529 5.5594 3.5035 0.2857 0.7593 0 1 0 -8.47202e-005 0 -1 -1 0 -0.000948117
-2.7252 5.5594 4.7202 0.2113 0.6692 0 1 0 -8.47202e-005 0 -1 -1 0 -0.000948117
-5.1217 5.5594 1.8642 0.386 0.8181 0 1 0 0.000568144 0 -1 -1 0 -5.78002e-006
-2.7252 5.5594 4.7202 0.2113 0.6692 0 1 0 0.000568144 0 -1 -1 0 -5.78002e-006
0.946503 5.5594 5.3676 0.1717 0.4412 0 1 0 0.000568144 0 -1 -1 0 -5.78002e-006
-5.1217 5.5594 -1.8641 0.614 0.8181 0 1 0 -0 0 -1 -1 0 -0.000153105
-5.45039 5.5594 -4.76837e-007 0.5 0.8385 0 1 0 -0 0 -1 -1 0 -0.000153105
-5.1217 5.5594 1.8642 0.386 0.8181 0 1 0 -0 0 -1 -1 0 -0.000153105
-2.7252 5.5594 -4.7202 0.7887 0.6692 0 1 0 8.47267e-005 0 -1 -0.999999 0 0.00107959
-4.17529 5.5594 -3.5034 0.7143 0.7593 0 1 0 8.47267e-005 0 -1 -0.999999 0 0.00107959
-5.1217 5.5594 -1.8641 0.614 0.8181 0 1 0 8.47267e-005 0 -1 -0.999999 0 0.00107959
-2.7252 5.5594 -4.7202 0.7887 0.6692 0 1 0 0 0 -1 -1 0 -0.000261587
-5.1217 5.5594 -1.8641 0.614 0.8181 0 1 0 0 0 -1 -1 0 -0.000261587
-5.1217 5.5594 1.8642 0.386 0.8181 0 1 0 0 0 -1 -1 0 -0.000261587
0.946503 5.5594 -5.3676 0.8283 0.4412 0 1 0 0.00246179 0 -0.999997 -1 0 0
-0.946503 5.5594 -5.3676 0.8283 0.5588 0 1 0 0.00246179 0 -0.999997 -1 0 0
-2.7252 5.5594 -4.7202 0.7887 0.6692 0 1 0 0.00246179 0 -0.999997 -1 0 0
4.17531 5.5594 -3.5034 0.7143 0.2407 0 1 0 0.00223192 0 -0.999997 -1 0 0.000250039
2.7252 5.5594 -4.7202 0.7887 0.3308 0 1 0 0.00223192 0 -0.999997 -1 0 0.000250039
0.946503 5.5594 -5.3676 0.8283 0.4412 0 1 0 0.00223192 0 -0.999997 -1 0 0.000250039
4.17531 5.5594 -3.5034 0.7143 0.2407 0 1 0 1.78328e-005 0 -1 -1 0 -3.42781e-005
0.946503 5.5594 -5.3676 0.8283 0.4412 0 1 0 1.78328e-005 0 -1 -1 0 -3.42781e-005
-2.7252 5.5594 -4.7202 0.7887 0.6692 0 1 0 1.78328e-005 0 -1 -1 0 -3.42781e-005
4.17531 5.5594 -3.5034 0.7143 0.2407 0 1 0 -0.000195096 0 -1 -1 0 -4.25397e-005
-2.7252 5.5594 -4.7202 0.7887 0.6692 0 1 0 -0.000195096 0 -1 -1 0 -4.25397e-005
-5.1217 5.5594 1.8642 0.386 0.8181 0 1 0 -0.000195096 0 -1 -1 0 -4.25397e-005
4.17531 5.5594 -3.5034 0.7143 0.2407 0 1 0 6.44675e-005 0 -1 -1 0 2.77639e-005
-5.1217 5.5594 1.8642 0.386 0.8181 0 1 0 6.44675e-005 0 -1 -1 0 2.77639e-005
0.946503 5.5594 5.3676 0.1717 0.4412 0 1 0 6.44675e-005 0 -1 -1 0 2.77639e-005
5.45041 5.5594 -4.76837e-007 0.5 0.1615 0 1 0 -0.000280617 0 -1 -0.999999 0 0.0011862
5.1217 5.5594 -1.8641 0.614 0.1819 0 1 0 -0.000280617 0 -1 -0.999999 0 0.0011862
4.17531 5.5594 -3.5034 0.7143 0.2407 0 1 0 -0.000280617 0 -1 -0.999999 0 0.0011862
5.45041 5.5594 -4.76837e-007 0.5 0.1615 0 1 0 4.52015e-005 0 -1 -1 0 7.96852e-005
4.17531 5.5594 -3.5034 0.7143 0.2407 0 1 0 4.52015e-005 0 -1 -1 0 7.96852e-005
0.946503 5.5594 5.3676 0.1717 0.4412 0 1 0 4.52015e-005 0 -1 -1 0 7.96852e-005
5.45041 5.5594 -4.76837e-007 0.5 0.1615 0 1 0 -0.000114468 0 -1 -1 0 0.000141986
0.946503 5.5594 5.3676 0.1717 0.4412 0 1 0 -0.000114468 0 -1 -1 0 0.000141986
4.17531 5.5594 3.5035 0.2857 0.2407 0 1 0 -0.000114468 0 -1 -1 0 0.000141986
5.45041 5.5594 -4.76837e-007 0.5 0.1615 0 1 0 0.000280595 0 -1 -0.999999 0 -0.00132304
4.17531 5.5594 3.5035 0.2857 0.2407 0 1 0 0.000280595 0 -1 -0.999999 0 -0.00132304
5.1217 5.5594 1.8642 0.386 0.1819 0 1 0 0.000280595 0 -1 -0.999999 0 -0.00132304
4.0878 -10.7918 -7.0803 0.933 0.2461 0 -1 0 0.00108705 -0 -0.999999 -1 -0 -0.000418154
6.26291 -10.7918 -5.2552 0.8214 0.1111 0 -1 0 0.00108705 -0 -0.999999 -1 -0 -0.000418154
7.6826 -10.7918 -2.7962 0.671 0.0229 0 -1 0 0.00108705 -0 -0.999999 -1 -0 -0.000418154
-1.41969 -10.7918 -8.0514 0.9924 0.5882 0 -1 0 -0.000947122 -0 -1 -1 -0 -0
1.41971 -10.7918 -8.0514 0.9924 0.4118 0 -1 0 -0.000947122 -0 -1 -1 -0 -0
4.0878 -10.7918 -7.0803 0.933 0.2461 0 -1 0 -0.000947122 -0 -1 -1 -0 -0
-6.26289 -10.7918 -5.2552 0.8214 0.8889 0 -1 0 0.00127788 -0 -0.999999 -1 -0 -0.000214111
-4.0878 -10.7918 -7.0803 0.933 0.7539 0 -1 0 0.00127788 -0 -0.999999 -1 -0 -0.000214111
-1.41969 -10.7918 -8.0514 0.9924 0.5882 0 -1 0 0.00127788 -0 -0.999999 -1 -0 -0.000214111
-6.26289 -10.7918 -5.2552 0.8214 0.8889 0 -1 0 0.000605312 -0 -1 -1 -0 2.93547e-005
-1.41969 -10.7918 -8.0514 0.9924 0.5882 0 -1 0 0.000605312 -0 -1 -1 -0 2.93547e-005
4.0878 -10.7918 -7.0803 0.933 0.2461 0 -1 0 0.000605312 -0 -1 -1 -0 2.93547e-005
-8.1756 -10.7918 -4.76837e-007 0.5 1.0077 0 -1 0 0.000229174 -0 -1 -1 -0 -0.000353124
-7.6826 -10.7918 -2.7962 0.671 0.9771 0 -1 0 0.000229174 -0 -1 -1 -0 -0.000353124
-6.26289 -10.7918 -5.2552 0.8214 0.8889 0 -1 0 0.000229174 -0 -1 -1 -0 -0.000353124
-6.26289 -10.7918 5.2552 0.1786 0.8889 0 -1 0 -0.00022918 -0 -1 -1 -0 0.000543649
-7.6826 -10.7918 2.7963 0.329 0.9771 0 -1 0 -0.00022918 -0 -1 -1 -0 0.000543649
-8.1756 -10.7918 -4.76837e-007 0.5 1.0077 0 -1 0 -0.00022918 -0 -1 -1 -0 0.000543649
-6.26289 -10.7918 5.2552 0.1786 0.8889 0 -1 0 0 -0 -1 -1 -0 -1.93917e-007
-8.1756 -10.7918 -4.76837e-007 0.5 1.0077 0 -1 0 0 -0 -1 -1 -0 -1.93917e-007
-6.26289 -10.7918 -5.2552 0.8214 0.8889 0 -1 0 0 -0 -1 -1 -0 -1.93917e-007
-1.41969 -10.7918 8.0514 0.0076 0.5882 0 -1 0 -0.00127788 -0 -0.999999 -1 -0 0.000214642
-4.0878 -10.7918 7.0803 0.067 0.7539 0 -1 0 -0.00127788 -0 -0.999999 -1 -0 0.000214642
-6.26289 -10.7918 5.2552 0.1786 0.8889 0 -1 0 -0.00127788 -0 -0.999999 -1 -0 0.000214642
4.0878 -10.7918 7.0803 0.067 0.2461 0 -1 0 0.000947121 -0 -1 -1 -0 -0
1.41971 -10.7918 8.0514 0.0076 0.4118 0 -1 0 0.000947121 -0 -1 -1 -0 -0
-1.41969 -10.7918 8.0514 0.0076 0.5882 0 -1 0 0.000947121 -0 -1 -1 -0 -0
4.0878 -10.7918 7.0803 0.067 0.2461 0 -1 0 -0.000605312 -0 -1 -1 0 -2.94335e-005
-1.41969 -10.7918 8.0514 0.0076 0.5882 0 -1 0 -0.000605312 -0 -1 -1 0 -2.94335e-005
-6.26289 -10.7918 5.2552 0.1786 0.8889 0 -1 0 -0.000605312 -0 -1 -1 0 -2.94335e-005
4.0878 -10.7918 7.0803 0.067 0.2461 0 -1 0 -0 -0 -1 -1 -0 -3.21072e-005
-6.26289 -10.7918 5.2552 0.1786 0.8889 0 -1 0 -0 -0 -1 -1 -0 -3.21072e-005
-6.26289 -10.7918 -5.2552 0.8214 0.8889 0 -1 0 -0 -0 -1 -1 -0 -3.21072e-005
4.0878 -10.7918 7.0803 0.067 0.2461 0 -1 0 0 -0 -1 -1 -0 2.37256e-005
-6.26289 -10.7918 -5.2552 0.8214 0.8889 0 -1 0 0 -0 -1 -1 -0 2.37256e-005
4.0878 -10.7918 -7.0803 0.933 0.2461 0 -1 0 0 -0 -1 -1 -0 2.37256e-005
7.6826 -10.7918 2.7963 0.329 0.0229 0 -1 0 -0.00108714 -0 -0.999999 -1 -0 0.000484402
6.26291 -10.7918 5.2552 0.1786 0.1111 0 -1 0 -0.00108714 -0 -0.999999 -1 -0 0.000484402
4.0878 -10.7918 7.0803 0.067 0.2461 0 -1 0 -0.00108714 -0 -0.999999 -1 -0 0.000484402
7.6826 -10.7918 2.7963 0.329 0.0229 0 -1 0 -0 -0 -1 -1 0 -4.27348e-005
4.0878 -10.7918 7.0803 0.067 0.2461 0 -1 0 -0 -0 -1 -1 0 -4.27348e-005
4.0878 -10.7918 -7.0803 0.933 0.2461 0 -1 0 -0 -0 -1 -1 0 -4.27348e-005
7.6826 -10.7918 2.7963 0.329 0.0229 0 -1 0 0 -0 -1 -1 -0 5.93417e-005
4.0878 -10.7918 -7.0803 0.933 0.2461 0 -1 0 0 -0 -1 -1 -0 5.93417e-005
7.6826 -10.7918 -2.7962 0.671 0.0229 0 -1 0 0 -0 -1 -1 -0 5.93417e-005
7.6826 -10.7918 2.7963 0.329 0.0229 0 -1 0 0 0 -1 -1 -0 0.000101106
7.6826 -10.7918 -2.7962 0.671 0.0229 0 -1 0 0 0 -1 -1 -0 0.000101106
8.1756 -10.7918 -4.76837e-007 0.5 -0.00769997 0 -1 0 0 0 -1 -1 -0 0.000101106
Index count: 456
0
1
2
2
3
0
4
5
6
6
7
4
8
9
10
10
11
8
12
13
14
14
15
12
16
17
18
18
19
16
20
21
22
22
23
20
24
25
26
26
27
24
28
29
30
30
31
28
32
33
34
34
35
32
36
37
38
38
39
36
40
41
42
42
43
40
44
45
46
46
47
44
48
49
50
50
51
48
52
53
54
54
55
52
56
57
58
58
59
56
60
61
62
62
63
60
64
65
66
66
67
64
68
69
70
70
71
68
72
73
74
74
75
72
76
16
19
19
77
76
78
79
80
80
81
78
82
83
84
84
85
82
86
87
88
88
89
86
90
91
92
92
93
90
94
95
96
96
97
94
98
99
100
100
101
98
102
103
104
104
105
102
106
40
43
43
107
106
108
44
47
47
109
108
110
111
112
112
113
110
114
115
116
116
117
114
118
119
120
120
121
118
122
123
124
124
125
122
126
127
128
128
129
126
130
131
132
132
133
130
134
135
136
136
137
134
138
139
140
140
141
138
142
143
144
144
145
142
146
147
148
148
149
146
150
151
152
152
153
150
154
155
156
156
157
154
158
159
160
160
161
158
162
163
164
165
166
167
168
169
170
171
172
173
174
175
176
177
178
179
180
181
182
183
184
185
186
187
188
189
190
191
192
193
194
195
196
197
198
199
200
201
202
203
204
205
206
207
208
209
210
211
212
213
214
215
216
217
218
219
220
221
222
223
224
225
226
227
228
229
230
231
232
233
234
235
236
237
238
239
240
241
242
243
244
245
246
247
248
249
250
251
252
253
254
255
256
257
258
259
260
261
262
263
264
265
266
267
268
269
270
271
272
273
274
275
276
277
278
279
280
281
282
283
284
285
286
287
288
289
290
291
292
293
294
295
296
297
298
299
300
301
302
303
304
305
306
307
308
309
310
311
312
313
314
315
316
317
318
319
320
321
322
323
324
325
326
327
328
329
330
331
332
333
334
335
336
337
338
339
340
341
342
343
344
345
346
347
348
349
350
351
352
353
354
355
356
357
358
359
360
361
362
363
364
365
